t	t_ros	pos_x	pos_y	pos_z	var_pos_x	var_pos_y	var_pos_z	ori_x	ori_y	ori_z	var_ori_x	var_ori_y	var_ori_z	qx	qy	qz	qw
 1687525501.849932	1687525501.850527	24.322803	-17.536828	-0.858824	0.237850	0.237979	0.213089	-0.048955	-0.025629	1.029938	0.490428	0.270956	0.218847	0.023202	0.014990	-0.492593	0.869821	
 1687525502.156924	1687525502.154370	24.328827	-17.577805	-0.864243	0.238854	0.239314	0.214107	-0.050327	-0.019480	1.038820	0.380253	0.262405	0.219365	0.020941	0.017008	-0.496400	0.867675	
 1687525502.461773	1687525502.456455	24.331539	-17.623049	-0.861638	0.237548	0.238135	0.213501	-0.054415	-0.022203	1.032195	0.370291	0.242390	0.218285	0.023076	0.018183	-0.493539	0.869227	
 1687525502.868451	1687525502.858748	24.346924	-17.705913	-0.851476	0.284372	0.284468	0.238663	-0.043893	-0.027859	1.004807	0.468993	0.285144	0.244956	0.022771	0.012526	-0.481639	0.875985	
 1687525503.275400	1687525503.263728	24.359966	-17.720746	-0.837013	0.292018	0.292031	0.243110	-0.064118	-0.039181	0.998398	0.436165	0.321110	0.249978	0.032532	0.018764	-0.478936	0.877046	
 1687525503.684489	1687525503.667017	24.378241	-17.776860	-0.848947	0.296742	0.296859	0.245408	-0.050662	-0.032883	1.015160	0.599992	0.380856	0.252237	0.026673	0.014143	-0.486206	0.873323	
 1687525504.090115	1687525504.070559	24.387820	-17.841563	-0.859811	0.299187	0.299397	0.246385	-0.057132	-0.029029	1.011100	0.493530	0.348844	0.253375	0.026524	0.017961	-0.484403	0.874258	
 1687525504.394222	1687525504.374629	24.380229	-17.864218	-0.863776	0.241346	0.241547	0.216372	-0.060198	-0.029516	1.006834	0.481606	0.290849	0.221030	0.027438	0.019242	-0.482539	0.875233	
 1687525504.801867	1687525504.778162	24.381621	-17.873948	-0.865456	0.295385	0.295470	0.244061	-0.057137	-0.034963	0.996694	0.528332	0.321028	0.250333	0.028999	0.016735	-0.478145	0.877643	
 1687525505.109161	1687525505.080287	24.402995	-17.902189	-0.862363	0.242624	0.242700	0.216581	-0.060446	-0.046331	0.988110	0.444448	0.304087	0.222337	0.034710	0.015619	-0.474472	0.879447	
 1687525505.412982	1687525505.383489	24.401549	-17.893028	-0.861050	0.237642	0.238159	0.213776	-0.064194	-0.033649	1.003024	0.443531	0.340523	0.218638	0.030170	0.020052	-0.480910	0.876021	
 1687525505.722379	1687525505.685456	24.390531	-17.883090	-0.862540	0.234331	0.234640	0.211287	-0.078645	-0.022635	1.013863	0.413819	0.271991	0.215903	0.028971	0.028876	-0.485480	0.873291	
 1687525506.026722	1687525505.987505	24.383445	-17.871288	-0.866403	0.236762	0.236854	0.212963	-0.071700	-0.027450	1.009177	0.474914	0.245644	0.217745	0.029333	0.024742	-0.483522	0.874491	
 1687525506.431680	1687525506.391979	24.392619	-17.904924	-0.879678	0.291710	0.291954	0.242291	-0.050295	-0.031256	0.995965	0.485410	0.288118	0.248198	0.025734	0.014626	-0.477790	0.877975	
 1687525506.835966	1687525506.795036	24.400887	-17.924913	-0.875959	0.294678	0.295153	0.244707	-0.067994	-0.023741	0.987652	0.390637	0.301987	0.250555	0.026556	0.024304	-0.474046	0.879764	
 1687525507.243671	1687525507.196105	24.383831	-17.911464	-0.878234	0.297102	0.297277	0.245788	-0.068357	-0.014036	1.003576	0.502723	0.288884	0.251540	0.022585	0.026585	-0.480911	0.876075	
 1687525507.550674	1687525507.498451	24.374168	-17.886506	-0.874650	0.241327	0.241307	0.216158	-0.073157	-0.022222	0.996219	0.469935	0.236858	0.221000	0.027225	0.026820	-0.477774	0.877651	
 1687525507.955956	1687525507.901044	24.390025	-17.892766	-0.879669	0.287676	0.287700	0.241095	-0.064103	-0.026898	1.004340	0.589427	0.288305	0.247573	0.027206	0.021617	-0.481416	0.875803	
 1687525508.260199	1687525508.202579	24.396198	-17.864035	-0.893082	0.241241	0.241637	0.216237	-0.062431	-0.018803	1.007099	0.477521	0.271378	0.220962	0.023290	0.022801	-0.482538	0.875268	
 1687525508.663628	1687525508.607986	24.390345	-17.853468	-0.891219	0.293571	0.294040	0.243288	-0.058898	-0.010847	1.011349	0.511083	0.278476	0.248945	0.019006	0.023133	-0.484320	0.874378	
 1687525509.067497	1687525509.019745	24.364266	-17.807716	-0.880939	0.295495	0.295707	0.244898	-0.065117	-0.024256	1.000877	0.481142	0.261422	0.251307	0.026253	0.022743	-0.479867	0.876653	
 1687525509.471154	1687525509.421775	24.336559	-17.746562	-0.879447	0.294725	0.294960	0.244501	-0.058846	-0.024165	0.994333	0.523752	0.294647	0.251177	0.024645	0.020095	-0.477008	0.878323	
 1687525509.878075	1687525509.824288	24.322054	-17.688605	-0.880267	0.296620	0.297185	0.245368	-0.046231	-0.018110	1.009090	0.428680	0.283817	0.252143	0.019097	0.015856	-0.483444	0.875024	
 1687525510.284902	1687525510.233073	24.398543	-17.433755	-0.872884	0.299612	0.300627	0.247170	-0.034875	-0.013495	0.982604	0.350128	0.267175	0.253501	0.014174	0.012191	-0.471796	0.881510	
 1687525510.691736	1687525510.635346	24.389371	-17.542604	-0.862034	0.298877	0.296622	0.251633	-0.049928	-0.008039	1.061219	0.274024	0.251096	0.251430	0.016098	0.019496	-0.505984	0.862172	
 1687525511.095205	1687525511.041262	24.487773	-17.329706	-0.860731	0.315923	0.306148	0.249372	-0.030861	-0.002098	1.016626	0.312140	0.252820	0.253254	0.008426	0.012969	-0.486660	0.873454	
 1687525511.502800	1687525511.445551	24.609915	-17.238812	-0.855112	0.294247	0.295779	0.248580	-0.036735	0.004254	1.073931	0.272622	0.246625	0.247709	0.007568	0.016869	-0.511410	0.859138	
 1687525511.911350	1687525511.849185	24.322835	-17.234678	-0.839726	0.315785	0.322268	0.371165	-0.029163	-0.011784	1.008629	0.295801	0.249579	0.252600	0.012204	0.009919	-0.483223	0.875356	
 1687525512.216254	1687525512.150802	24.133674	-17.063181	-0.838419	0.286939	0.240512	0.290525	-0.035114	-0.017450	0.958173	0.286000	0.219149	0.216792	0.015834	0.011557	-0.461016	0.887175	
 1687525512.621835	1687525512.554425	24.137434	-17.114402	-0.813714	0.298230	0.299653	0.281677	-0.031251	-0.027420	0.931100	0.392577	0.258382	0.247080	0.019262	0.007807	-0.449009	0.893286	
 1687525513.028163	1687525512.958719	24.308263	-17.282437	-0.812810	0.293470	0.322164	0.298784	-0.055118	-0.023182	0.969153	0.359970	0.326709	0.248259	0.023088	0.018984	-0.465908	0.884328	
 1687525513.335706	1687525513.263192	24.287455	-17.052148	-0.811693	0.247523	0.242608	0.216676	-0.048254	-0.012635	0.767124	0.612953	0.268238	0.218391	0.014885	0.020008	-0.374251	0.926992	
 1687525513.739519	1687525513.665648	24.286650	-16.729035	-0.821514	0.294193	0.306567	0.247356	-0.026796	-0.004112	0.735073	0.522842	0.256007	0.245546	0.006732	0.011764	-0.359310	0.933120	
 1687525514.143878	1687525514.068928	24.227026	-16.392794	-0.814905	0.292818	0.291665	0.246690	-0.009067	0.020893	0.836920	0.310914	0.245209	0.246743	-0.007703	0.008387	-0.406284	0.913676	
 1687525514.551513	1687525514.472477	24.189623	-16.427715	-0.793008	0.312243	0.304258	0.270335	-0.022343	0.005517	0.853875	0.260763	0.281182	0.249428	0.002115	0.011311	-0.414030	0.910191	
 1687525514.959136	1687525514.906985	24.141273	-16.531777	-0.779910	0.352113	0.323126	0.293840	-0.032089	-0.005981	0.863574	0.323447	0.255444	0.249216	0.009430	0.013320	-0.418482	0.908078	
 1687525515.362551	1687525515.313053	24.124206	-16.546848	-0.774850	0.332278	0.324768	0.285605	-0.042722	0.004626	0.879495	0.384832	0.248487	0.249978	0.007000	0.020312	-0.425568	0.904671	
 1687525515.766933	1687525515.716262	24.351636	-16.811189	-0.787868	0.296040	0.305831	0.272850	-0.048571	0.005914	0.955295	0.516193	0.275539	0.245719	0.008537	0.022924	-0.459490	0.887846	
 1687525516.171458	1687525516.119505	24.423599	-16.983712	-0.775506	0.296962	0.329015	0.278175	-0.047598	-0.011504	0.984193	0.519438	0.274793	0.249795	0.016311	0.018256	-0.472454	0.881015	
 1687525516.477854	1687525516.421003	24.516469	-17.144565	-0.778146	0.239505	0.239522	0.216767	-0.058232	-0.004753	1.038959	0.527624	0.225005	0.217538	0.016514	0.024092	-0.496277	0.867673	
 1687525516.881348	1687525516.825254	24.517080	-17.264808	-0.788001	0.295011	0.295758	0.243804	-0.060320	0.010447	0.959985	0.798806	0.245169	0.249005	0.009294	0.029158	-0.461417	0.886656	
 1687525517.286124	1687525517.229541	24.533541	-17.370129	-0.788822	0.296689	0.296938	0.244930	-0.057964	0.006651	1.024588	1.017276	0.321471	0.251038	0.011307	0.026887	-0.489885	0.871299	
 1687525517.591063	1687525517.535011	24.543885	-17.436628	-0.786913	0.234398	0.234886	0.211607	-0.038489	0.013302	0.998459	0.770310	0.238048	0.216020	0.003374	0.020078	-0.478538	0.877831	
 1687525517.900892	1687525517.838469	24.578782	-17.532273	-0.783784	0.237518	0.237902	0.213937	-0.037413	0.009748	0.992943	0.552163	0.287767	0.217895	0.004625	0.018768	-0.476157	0.879148	
 1687525518.305311	1687525518.244903	24.640766	-17.643277	-0.788564	0.288609	0.289411	0.241401	-0.053964	0.006805	0.983695	0.535150	0.279495	0.246838	0.009743	0.025387	-0.472000	0.881179	
 1687525518.708323	1687525518.648772	24.726281	-17.815790	-0.807910	0.296970	0.297457	0.244568	-0.039716	0.008363	0.958408	0.820801	0.268939	0.250824	0.005446	0.019548	-0.460904	0.887218	
 1687525519.115260	1687525519.051701	24.793888	-17.993261	-0.793741	0.291840	0.292301	0.242646	-0.064365	0.005680	0.953505	0.459409	0.260387	0.249125	0.012244	0.029891	-0.458576	0.888068	
 1687525519.422374	1687525519.354257	24.849873	-18.124296	-0.775215	0.238881	0.238995	0.214354	-0.042373	0.004422	0.965549	0.702519	0.224995	0.219963	0.007877	0.019790	-0.464092	0.885531	
 1687525519.826074	1687525519.762773	24.924634	-18.255114	-0.778267	0.294991	0.295395	0.244419	-0.049867	-0.012661	0.958793	0.489468	0.250986	0.251008	0.017114	0.019201	-0.461231	0.886907	
 1687525520.229542	1687525520.193738	25.001189	-18.344070	-0.799175	0.295992	0.296444	0.244640	-0.054971	0.004649	1.023154	0.602888	0.268198	0.251368	0.011428	0.025101	-0.489311	0.871673	
 1687525520.534789	1687525520.495769	25.037781	-18.455052	-0.806951	0.233863	0.234127	0.210615	-0.033719	-0.000573	1.016343	0.571521	0.216308	0.216469	0.008453	0.014589	-0.486516	0.873509	
 1687525520.941297	1687525520.898626	25.105948	-18.627521	-0.814988	0.293723	0.293987	0.243536	-0.021483	-0.024421	1.040579	0.401824	0.244913	0.250039	0.015933	0.003250	-0.497179	0.867495	
 1687525521.248117	1687525521.205848	25.191256	-18.747845	-0.811519	0.240668	0.240930	0.215999	-0.021858	-0.014352	1.025901	0.281393	0.309814	0.220865	0.011615	0.006001	-0.490777	0.871187	
 1687525521.652240	1687525521.637407	25.259982	-18.915159	-0.813994	0.295369	0.295682	0.244350	-0.043135	-0.033411	0.967025	0.318481	0.279858	0.250623	0.024811	0.011327	-0.465038	0.884870	
 1687525522.057664	1687525522.041917	25.308506	-19.027725	-0.815815	0.295773	0.295865	0.244346	-0.048025	-0.030377	1.012631	0.501964	0.410805	0.251518	0.024921	0.013632	-0.485081	0.874008	
 1687525522.461948	1687525522.445476	25.353132	-19.119310	-0.807535	0.295503	0.295500	0.244689	-0.038992	-0.058373	0.967191	0.591964	0.394585	0.251946	0.034892	0.003686	-0.465183	0.884519	
 1687525522.767240	1687525522.748311	25.419818	-19.172415	-0.830539	0.240206	0.240146	0.214822	-0.013740	-0.051864	1.026797	0.406441	0.667415	0.220986	0.025959	-0.006752	-0.491119	0.870679	
 1687525523.172468	1687525523.153066	25.461653	-19.223644	-0.838763	0.294599	0.294945	0.244154	-0.050635	-0.048053	0.971802	0.275425	0.679075	0.251136	0.033056	0.011162	-0.467259	0.883432	
 1687525523.479519	1687525523.456124	25.504156	-19.283808	-0.865599	0.239479	0.239647	0.214555	-0.016028	-0.040456	1.024353	0.533435	0.515696	0.220224	0.021557	-0.002928	-0.490101	0.871394	
 1687525523.885805	1687525523.859496	25.561106	-19.386168	-0.868921	0.296730	0.296967	0.244570	-0.049475	-0.047053	1.003473	0.286445	0.502972	0.251511	0.032511	0.010370	-0.481179	0.875958	
 1687525524.194145	1687525524.162220	25.645883	-19.502506	-0.874902	0.239030	0.239084	0.214043	-0.016485	-0.054592	1.029384	0.504840	0.485929	0.220119	0.027812	-0.006263	-0.492262	0.869980	
 1687525524.504524	1687525524.466449	25.736757	-19.617504	-0.873718	0.238793	0.238964	0.213927	-0.020730	-0.057587	1.022429	0.251049	0.584974	0.219890	0.030176	-0.005048	-0.489268	0.871597	
 1687525524.811095	1687525524.768725	25.819617	-19.748175	-0.869758	0.241896	0.242011	0.215994	-0.032253	-0.056672	1.035265	0.268473	0.587935	0.222036	0.032594	-0.000010	-0.494958	0.868305	
 1687525525.215760	1687525525.171617	25.871671	-19.822830	-0.878830	0.292766	0.292674	0.242539	-0.047913	-0.050957	1.062340	0.382547	0.657328	0.249684	0.034089	0.007746	-0.506759	0.861379	
 1687525525.620520	1687525525.580729	25.914500	-19.904984	-0.869307	0.295400	0.295217	0.243932	-0.042214	-0.045372	1.028528	0.513408	0.545528	0.251119	0.030125	0.007215	-0.492075	0.870002	
 1687525526.025430	1687525525.981797	25.959880	-19.957149	-0.852742	0.291918	0.291702	0.244026	-0.049507	-0.059925	1.019370	0.469240	0.500895	0.251236	0.038213	0.006983	-0.488181	0.871877	
 1687525526.430211	1687525526.383972	26.014334	-20.006079	-0.878594	0.295674	0.295673	0.245072	-0.038105	-0.040985	1.011821	0.511306	0.622615	0.252523	0.027151	0.006733	-0.484756	0.874202	
 1687525526.839905	1687525526.787167	26.055066	-20.068772	-0.883010	0.297930	0.297937	0.245331	-0.043195	-0.039345	1.003979	0.424620	0.448666	0.252559	0.027629	0.009465	-0.481338	0.876048	
 1687525527.146324	1687525527.089583	26.098807	-20.123766	-0.867632	0.245425	0.245402	0.217770	-0.036486	-0.041951	1.017571	0.423253	0.387737	0.224157	0.027198	0.005713	-0.487263	0.872813	
 1687525527.450359	1687525527.393243	26.151425	-20.170819	-0.851428	0.240543	0.240604	0.214958	-0.031573	-0.041774	1.022942	0.352930	0.389806	0.221247	0.025935	0.003541	-0.489580	0.871565	
 1687525527.858474	1687525527.796687	26.227294	-20.210506	-0.853221	0.290314	0.290465	0.242324	-0.051510	-0.049927	1.034302	0.349882	0.416916	0.249400	0.034418	0.010041	-0.494646	0.868355	
 1687525528.266251	1687525528.199106	26.288742	-20.270767	-0.896752	0.291874	0.291940	0.242803	-0.030687	-0.045397	1.006421	0.512467	0.487009	0.250022	0.027278	0.002494	-0.482364	0.875542	
 1687525528.574031	1687525528.500650	26.326728	-20.338409	-0.924024	0.242773	0.242863	0.216242	-0.026272	-0.038979	1.005532	0.311322	0.405049	0.222293	0.023403	0.002118	-0.481942	0.875888	
 1687525528.979676	1687525528.904259	26.355979	-20.402839	-0.917654	0.295503	0.295456	0.243851	-0.051276	-0.039040	1.018117	0.330018	0.414760	0.251158	0.029529	0.012871	-0.487539	0.872507	
 1687525529.385012	1687525529.308727	26.401043	-20.416769	-0.905793	0.296926	0.297087	0.245244	-0.034078	-0.047532	1.011090	0.491708	0.387589	0.252584	0.029037	0.003396	-0.484432	0.874341	
 1687525529.788785	1687525529.712779	26.472066	-20.434285	-0.905007	0.289218	0.289535	0.242703	-0.034415	-0.037573	1.016885	0.366463	0.459377	0.249520	0.024782	0.005884	-0.486942	0.873063	
 1687525530.193120	1687525530.115102	26.521036	-20.464240	-0.924708	0.297265	0.297489	0.245871	-0.034004	-0.018853	0.969194	0.366541	0.379922	0.252456	0.016259	0.010652	-0.465906	0.884621	
 1687525530.501168	1687525530.417198	26.580198	-20.553679	-0.940776	0.239927	0.239819	0.215044	-0.036616	-0.018038	0.981201	0.322544	0.250588	0.220209	0.016579	0.011899	-0.471203	0.881789	
 1687525530.906069	1687525530.820203	26.637391	-20.639422	-0.944189	0.297354	0.297170	0.245031	-0.044567	-0.023934	0.988631	0.378055	0.281093	0.251739	0.021102	0.013937	-0.474512	0.879885	
 1687525531.209183	1687525531.170948	26.697144	-20.717606	-0.951382	0.238118	0.238151	0.213430	-0.034757	-0.030342	0.990084	0.385781	0.267139	0.219419	0.021602	0.008084	-0.475174	0.879589	
 1687525531.617011	1687525531.574668	26.751997	-20.817008	-0.950001	0.294549	0.294906	0.243869	-0.044369	-0.018367	0.980807	0.345056	0.318537	0.250929	0.018546	0.015243	-0.471026	0.881793	
 1687525532.025137	1687525531.978599	26.804376	-20.945612	-0.949963	0.291818	0.291931	0.242868	-0.050284	-0.015976	0.984677	0.411693	0.277142	0.250187	0.018920	0.018378	-0.472701	0.880828	
 1687525532.429872	1687525532.382935	26.887001	-21.093682	-0.950716	0.294131	0.294176	0.243764	-0.039206	-0.018587	0.995119	0.454457	0.271344	0.251361	0.017520	0.012789	-0.477330	0.878456	
 1687525532.833223	1687525532.787518	26.976769	-21.201809	-0.958475	0.295735	0.295739	0.245209	-0.053594	-0.035050	0.979312	0.387318	0.281320	0.252856	0.028059	0.015403	-0.470496	0.881822	
 1687525533.239023	1687525533.192246	27.029271	-21.280722	-0.990397	0.297075	0.297114	0.245404	-0.053694	-0.025869	0.989747	0.506874	0.360549	0.253083	0.024126	0.017481	-0.475015	0.879473	
 1687525533.643258	1687525533.594696	27.047817	-21.382596	-1.003148	0.301417	0.301499	0.246426	-0.046069	0.014376	0.984280	0.501260	0.311903	0.254031	0.004550	0.023694	-0.472229	0.881145	
 1687525534.051429	1687525533.996590	27.098966	-21.467601	-0.973872	0.299396	0.299390	0.245830	-0.046445	-0.041685	0.999000	0.441999	0.260260	0.253284	0.029410	0.010399	-0.479178	0.877163	
 1687525534.454688	1687525534.399524	27.194832	-21.535445	-0.978686	0.295745	0.295787	0.245540	-0.042908	-0.039120	0.976204	0.456306	0.407558	0.253186	0.027329	0.009773	-0.469123	0.882656	
 1687525534.857135	1687525534.802341	27.258594	-21.612191	-1.005542	0.266345	0.266499	0.230577	-0.052892	-0.032100	0.963891	0.395977	0.362233	0.237323	0.026471	0.015992	-0.463658	0.885474	
 1687525537.568230	1687525537.529594	27.378160	-21.743623	-1.000861	0.253445	0.252875	0.223880	0.100386	-0.143018	1.051603	0.404167	0.293158	0.229467	0.036602	-0.079099	-0.496893	0.863424	
 1687525537.873705	1687525537.832447	27.414540	-21.808949	-1.003649	0.238858	0.239414	0.217889	0.032906	-0.128714	0.962176	0.511939	0.766114	0.220499	0.049408	-0.044311	-0.460786	0.885027	
 1687525538.277058	1687525538.235895	27.441339	-21.916747	-0.989444	0.295905	0.295852	0.244499	-0.027722	-0.055593	0.970365	0.276705	0.861100	0.249712	0.031045	-0.000704	-0.466486	0.883984	
 1687525538.683835	1687525538.642380	27.473159	-22.044072	-0.942944	0.296275	0.296205	0.245757	-0.066193	-0.061971	0.923723	0.289891	0.386999	0.251319	0.042458	0.015811	-0.446075	0.893848	
 1687525538.988194	1687525538.944968	27.522595	-22.131437	-0.910674	0.239597	0.239813	0.215816	-0.054347	-0.071973	0.928195	0.405449	0.375190	0.221277	0.044315	0.008182	-0.448035	0.892879	
 1687525539.291812	1687525539.247180	27.621865	-22.200300	-0.920265	0.234556	0.234350	0.211216	-0.032897	-0.049954	1.013392	0.340909	0.412422	0.216266	0.029813	0.002258	-0.485433	0.873762	
 1687525539.697600	1687525539.650187	27.696078	-22.318351	-0.910466	0.294339	0.293199	0.243565	-0.059269	-0.051472	0.992257	0.312016	0.374675	0.249539	0.036721	0.013805	-0.476328	0.878392	
 1687525540.001325	1687525539.952628	27.736895	-22.415804	-0.903949	0.237886	0.237008	0.213904	-0.035115	-0.032865	1.068990	0.374094	0.327793	0.219104	0.023080	0.006737	-0.509508	0.860130	
 1687525540.404897	1687525540.357111	27.807064	-22.511589	-0.906357	0.287165	0.286283	0.241789	-0.045132	-0.026439	1.083432	0.315329	0.299185	0.247549	0.022957	0.012517	-0.515686	0.856378	
 1687525540.711302	1687525540.659943	27.836629	-22.607952	-0.925176	0.238618	0.238337	0.214071	-0.016788	-0.046141	1.014103	0.325210	0.252304	0.219998	0.024240	-0.003866	-0.485625	0.873823	
 1687525541.018562	1687525540.963756	27.888006	-22.703908	-0.948697	0.239893	0.239878	0.214245	-0.007295	-0.041986	1.007761	0.235581	0.316253	0.220187	0.020143	-0.006941	-0.482785	0.875480	
 1687525541.422405	1687525541.367771	27.951063	-22.822373	-0.936270	0.294221	0.294277	0.243261	-0.033532	-0.038069	0.975788	0.251083	0.332694	0.250407	0.024668	0.005885	-0.468898	0.882888	
 1687525541.730992	1687525541.678160	28.003981	-22.899954	-0.917540	0.236941	0.236869	0.213615	-0.040517	-0.066842	0.982345	0.279833	0.287917	0.219709	0.039008	0.002095	-0.471897	0.880788	
 1687525542.034193	1687525541.980567	28.066841	-22.964344	-0.927485	0.237179	0.237111	0.213181	-0.045165	-0.052683	0.992905	0.305191	0.408259	0.219347	0.033905	0.007306	-0.476546	0.878465	
 1687525542.338359	1687525542.281780	28.110230	-23.083776	-0.949372	0.238313	0.238312	0.213364	-0.036558	-0.014528	1.018312	0.320663	0.338218	0.219408	0.015251	0.012419	-0.487462	0.872923	
 1687525542.641452	1687525542.584185	28.141426	-23.184403	-0.951667	0.236155	0.235889	0.212486	-0.035441	-0.035671	0.983170	0.288940	0.226845	0.217588	0.024083	0.007202	-0.472153	0.881158	
 1687525542.945700	1687525542.886055	28.205839	-23.266137	-0.952296	0.234375	0.234276	0.210931	-0.024676	-0.050229	0.962610	0.287172	0.279829	0.216312	0.027967	-0.000692	-0.463030	0.885901	
 1687525543.350183	1687525543.287786	28.281048	-23.367355	-0.950167	0.290817	0.290846	0.241714	-0.056031	-0.044359	0.970140	0.289400	0.381627	0.248893	0.032669	0.014437	-0.466522	0.883788	
 1687525543.753992	1687525543.690234	28.338156	-23.447422	-0.958953	0.293918	0.293712	0.243757	-0.032769	-0.031684	1.024421	0.444829	0.365529	0.251267	0.021835	0.006517	-0.490204	0.871310	
 1687525544.057110	1687525544.022524	28.402329	-23.540850	-0.967559	0.238555	0.238408	0.214184	-0.032731	-0.041110	1.030347	0.283604	0.271340	0.220461	0.025944	0.004112	-0.492808	0.869741	
 1687525544.460403	1687525544.426541	28.464042	-23.606364	-0.999603	0.293213	0.293247	0.243492	-0.025077	-0.039882	1.052345	0.327661	0.351318	0.251048	0.023537	0.000827	-0.502304	0.864370	
 1687525544.765240	1687525544.729267	28.526043	-23.686630	-1.032627	0.238401	0.238532	0.213662	-0.016804	-0.040829	1.040347	0.260649	0.301315	0.220057	0.021888	-0.002857	-0.497058	0.867436	
 1687525545.068877	1687525545.031771	28.588790	-23.820776	-1.038472	0.237082	0.237245	0.212753	-0.019248	-0.040849	1.033526	0.237012	0.300910	0.218920	0.022509	-0.001724	-0.494113	0.869104	
 1687525545.374081	1687525545.335362	28.637077	-23.920672	-1.037821	0.236053	0.236141	0.212450	-0.019719	-0.043048	1.036813	0.243044	0.303834	0.218115	0.023578	-0.002102	-0.495542	0.868261	
 1687525545.777255	1687525545.739852	28.688017	-24.008365	-1.035035	0.292683	0.292647	0.242384	-0.039425	-0.047036	1.031229	0.278612	0.352813	0.249553	0.030171	0.005551	-0.493241	0.869352	
 1687525546.080608	1687525546.042171	28.752514	-24.105840	-1.037887	0.237037	0.237029	0.212901	-0.033934	-0.050899	1.023693	0.298264	0.310569	0.219409	0.030490	0.002325	-0.489935	0.871222	
 1687525546.391521	1687525546.344938	28.810039	-24.188597	-1.052756	0.236039	0.236017	0.212075	-0.025894	-0.046400	1.035387	0.282588	0.330066	0.218244	0.026561	-0.000232	-0.494963	0.868508	
 1687525546.697446	1687525546.647740	28.861431	-24.279058	-1.059194	0.233421	0.233421	0.210205	-0.028595	-0.043964	1.032965	0.256130	0.310955	0.216099	0.026170	0.001576	-0.493928	0.869107	
 1687525547.004775	1687525546.949965	28.904832	-24.366063	-1.060996	0.238163	0.238088	0.213253	-0.033518	-0.041989	1.035412	0.267086	0.304857	0.219208	0.026531	0.004171	-0.495015	0.868469	
 1687525547.312210	1687525547.251720	28.952240	-24.466293	-1.056538	0.237987	0.237874	0.213205	-0.041253	-0.043689	1.031481	0.281399	0.296111	0.219265	0.029167	0.007168	-0.493348	0.869313	
 1687525547.619947	1687525547.559986	28.999609	-24.535003	-1.062787	0.237599	0.237488	0.213243	-0.041841	-0.052702	1.027387	0.317388	0.309903	0.219254	0.033218	0.005268	-0.491599	0.870172	
 1687525547.928854	1687525547.865166	29.047015	-24.605268	-1.073593	0.236556	0.236530	0.212173	-0.040078	-0.050896	1.018546	0.316973	0.341426	0.218068	0.031978	0.005086	-0.487732	0.872393	
 1687525548.235137	1687525548.168949	29.093778	-24.682677	-1.078286	0.239199	0.239181	0.213748	-0.038711	-0.043941	1.005994	0.310261	0.334036	0.219933	0.028572	0.006365	-0.482220	0.875561	
 1687525548.638826	1687525548.571260	29.147577	-24.782029	-1.066774	0.292199	0.292026	0.242137	-0.052728	-0.048155	1.000975	0.346215	0.350857	0.249440	0.033761	0.011573	-0.480104	0.876485	
 1687525548.945109	1687525548.872862	29.198031	-24.831639	-1.052585	0.236904	0.236787	0.213477	-0.052765	-0.054736	1.013983	0.375381	0.332749	0.219549	0.036718	0.009771	-0.485830	0.873227	
 1687525549.248521	1687525549.187353	29.255209	-24.881273	-1.065161	0.237630	0.237577	0.213362	-0.037665	-0.045602	1.032296	0.364728	0.348974	0.219459	0.029117	0.005124	-0.493691	0.869134	
 1687525549.657938	1687525549.591637	29.305178	-24.974317	-1.067241	0.287242	0.287364	0.240337	-0.058642	-0.040834	0.994874	0.328785	0.339342	0.247333	0.031920	0.016021	-0.477396	0.877962	
 1687525549.966487	1687525549.895055	29.340147	-25.048463	-1.060207	0.239410	0.239278	0.214977	-0.051395	-0.043587	0.996858	0.390317	0.297895	0.220671	0.031414	0.012149	-0.478267	0.877568	
 1687525550.272023	1687525550.199434	29.395363	-25.111665	-1.067730	0.240236	0.240162	0.214903	-0.043661	-0.038099	1.007038	0.359417	0.308639	0.220624	0.027211	0.009927	-0.482672	0.875322	
 1687525550.675933	1687525550.602462	29.447709	-25.202960	-1.065693	0.292124	0.292229	0.242719	-0.048216	-0.031221	0.997834	0.368099	0.327108	0.249889	0.025236	0.013698	-0.478608	0.877559	
 1687525550.982134	1687525550.904137	29.506395	-25.275086	-1.080030	0.237629	0.237664	0.213319	-0.028308	-0.036177	1.010922	0.350408	0.270999	0.219232	0.022676	0.003624	-0.484307	0.874597	
 1687525551.288668	1687525551.205254	29.580670	-25.343344	-1.074532	0.237747	0.237948	0.213327	-0.036469	-0.042710	1.011542	0.267095	0.278546	0.219231	0.027509	0.005603	-0.484632	0.874268	
 1687525551.697197	1687525551.608161	29.661577	-25.438484	-1.080791	0.293501	0.293725	0.243380	-0.032247	-0.047831	1.028532	0.333727	0.339786	0.250771	0.028746	0.002272	-0.492027	0.870102	
 1687525552.001166	1687525551.936697	29.725449	-25.525325	-1.089756	0.241886	0.242011	0.216551	-0.067660	-0.050919	1.010896	0.286380	0.324098	0.222701	0.038633	0.017265	-0.484519	0.873757	
 1687525552.405938	1687525552.340297	29.781853	-25.640210	-1.118553	0.292707	0.292597	0.242681	-0.013412	-0.026072	1.051107	0.475723	0.365554	0.249769	0.014640	-0.000739	-0.501714	0.864910	
 1687525552.708878	1687525552.644080	29.837208	-25.731805	-1.139690	0.239825	0.240100	0.214428	0.002410	-0.018824	1.059068	0.230435	0.246573	0.220313	0.007514	-0.005794	-0.505099	0.863009	
 1687525553.015781	1687525552.947323	29.887322	-25.824317	-1.112691	0.235294	0.235471	0.211443	-0.026932	-0.035510	1.008356	0.215131	0.225660	0.217545	0.022048	0.003212	-0.483177	0.875239	
 1687525553.319592	1687525553.248963	29.968868	-25.915568	-1.102545	0.238958	0.239041	0.214270	-0.012482	-0.046863	1.025075	0.258768	0.269304	0.220538	0.023478	-0.006052	-0.490373	0.871175	
 1687525553.726723	1687525553.652552	30.043436	-25.980663	-1.121475	0.284329	0.284643	0.239253	-0.033889	-0.042720	1.029659	0.258251	0.337299	0.246367	0.026928	0.004229	-0.492518	0.869875	
 1687525554.030222	1687525553.954572	30.095340	-26.086091	-1.138304	0.241271	0.241334	0.215393	-0.016023	-0.033267	0.997764	0.284200	0.294909	0.221793	0.018437	-0.000924	-0.478479	0.877905	
 1687525554.333575	1687525554.259262	30.156169	-26.264024	-1.154522	0.237353	0.237326	0.212884	-0.017801	-0.040113	1.014331	0.233592	0.260386	0.218780	0.021852	-0.001962	-0.485740	0.873828	
 1687525554.741225	1687525554.687230	30.219130	-26.380520	-1.152581	0.291642	0.291649	0.242088	-0.026113	-0.046261	1.045005	0.271768	0.320461	0.249332	0.026555	-0.000230	-0.499136	0.866117	
 1687525555.144334	1687525555.090496	30.296654	-26.524090	-1.158143	0.295749	0.295767	0.244771	-0.031303	-0.043665	1.047812	0.297270	0.345427	0.252304	0.026728	0.002628	-0.500381	0.865388	
 1687525555.449132	1687525555.393058	30.366141	-26.628230	-1.174058	0.238667	0.238688	0.214442	-0.026032	-0.047090	1.060491	0.276048	0.296721	0.220274	0.026889	-0.000681	-0.505826	0.862216	
 1687525555.853347	1687525555.798675	30.437704	-26.779686	-1.184122	0.292808	0.292795	0.242498	-0.020158	-0.046280	1.053004	0.291982	0.338273	0.249326	0.025067	-0.002915	-0.502554	0.864178	
 1687525556.160388	1687525556.101484	30.504993	-26.883541	-1.176979	0.238141	0.238111	0.213973	-0.017591	-0.054919	1.048233	0.245451	0.300451	0.219742	0.028170	-0.006128	-0.500449	0.865286	
 1687525556.465061	1687525556.403697	30.575740	-26.974272	-1.177995	0.238845	0.238839	0.213969	-0.026367	-0.062693	1.035303	0.242152	0.330909	0.219892	0.033753	-0.004057	-0.494914	0.868277	
 1687525556.771405	1687525556.707711	30.642904	-27.052653	-1.191490	0.235670	0.235690	0.211741	-0.034659	-0.062458	1.032549	0.257883	0.344979	0.217972	0.035700	-0.000348	-0.493799	0.868843	
 1687525557.074478	1687525557.010237	30.697992	-27.178102	-1.200073	0.238931	0.238891	0.213385	-0.042264	-0.042906	1.019373	0.280445	0.343670	0.219479	0.029028	0.007977	-0.488078	0.872281	
 1687525557.377218	1687525557.314012	30.735439	-27.271466	-1.193143	0.234987	0.234692	0.211510	-0.036054	-0.035978	1.033843	0.302716	0.285607	0.216624	0.024543	0.006780	-0.494328	0.868903	
 1687525557.780634	1687525557.718641	30.780733	-27.352380	-1.183883	0.292721	0.292285	0.242540	-0.047090	-0.048931	1.005418	0.325700	0.307085	0.249023	0.032770	0.008841	-0.482028	0.875498	
 1687525558.087503	1687525558.021636	30.844461	-27.439868	-1.174593	0.234030	0.233866	0.211320	-0.061746	-0.055869	0.977014	0.317068	0.301500	0.217489	0.039133	0.014145	-0.469663	0.881865	
 1687525558.392742	1687525558.324530	30.894614	-27.477024	-1.190764	0.237036	0.236802	0.213148	-0.064981	-0.053935	0.982440	0.389476	0.338577	0.218977	0.039081	0.015921	-0.472054	0.880559	
 1687525558.698612	1687525558.631981	30.929237	-27.522564	-1.206572	0.238582	0.238398	0.213576	-0.051548	-0.037791	0.977072	0.409555	0.335158	0.219298	0.028772	0.013887	-0.469524	0.882341	
 1687525559.004341	1687525558.937225	30.952158	-27.573708	-1.213492	0.236991	0.236787	0.212914	-0.046248	-0.039760	0.978927	0.346366	0.281406	0.218364	0.028409	0.011059	-0.470339	0.881959	
 1687525559.408865	1687525559.341234	30.985428	-27.653001	-1.207713	0.288971	0.288801	0.241188	-0.051045	-0.052515	0.970204	0.372379	0.326973	0.248013	0.035113	0.010329	-0.466579	0.883722	
 1687525559.715203	1687525559.680347	31.010168	-27.662966	-1.203892	0.239871	0.239779	0.215377	-0.060129	-0.055530	0.954718	0.363758	0.344875	0.220996	0.038452	0.013941	-0.459792	0.887084	
 1687525560.024252	1687525559.983262	31.025805	-27.661887	-1.203609	0.239399	0.239349	0.214243	-0.059024	-0.051672	0.956583	0.407413	0.359411	0.219853	0.036501	0.014303	-0.460586	0.886749	
 1687525560.327509	1687525560.285594	31.043842	-27.691271	-1.195957	0.239112	0.239095	0.214020	-0.056820	-0.048155	0.959302	0.400627	0.343085	0.219834	0.034455	0.014088	-0.461757	0.886225	
 1687525560.731141	1687525560.689329	31.051580	-27.676278	-1.182882	0.286917	0.286825	0.240317	-0.053652	-0.047683	0.960878	0.449571	0.377758	0.247093	0.033526	0.012766	-0.462438	0.885926	
 1687525561.039006	1687525560.990220	31.058878	-27.654500	-1.177063	0.230233	0.230306	0.209190	-0.057840	-0.051338	0.955556	0.378213	0.328372	0.214144	0.036074	0.013873	-0.460122	0.887014	
 1687525561.343378	1687525561.293310	31.064421	-27.662124	-1.182308	0.243867	0.243877	0.217596	-0.060493	-0.051530	0.960038	0.417693	0.359551	0.223159	0.036801	0.014924	-0.462122	0.885926	
 1687525561.747409	1687525561.697960	31.045347	-27.624589	-1.189727	0.292718	0.292563	0.242708	-0.058386	-0.040905	0.958944	0.491054	0.407492	0.249384	0.031600	0.016462	-0.461547	0.886400	
 1687525562.051803	1687525562.002879	31.017081	-27.599407	-1.190163	0.234412	0.234497	0.211626	-0.055616	-0.035846	0.961875	0.406000	0.306767	0.216492	0.028743	0.016358	-0.462799	0.885846	
 1687525562.459603	1687525562.411840	31.014874	-27.618450	-1.181518	0.291664	0.291824	0.242616	-0.039723	-0.045596	0.943410	0.451671	0.332667	0.249292	0.029325	0.007330	-0.454601	0.890182	
 1687525562.763705	1687525562.714661	31.010777	-27.592554	-1.167815	0.240646	0.241282	0.216514	-0.051821	-0.049082	0.932531	0.316454	0.322804	0.220805	0.033555	0.012107	-0.449835	0.892399	
 1687525563.167553	1687525563.118212	31.009743	-27.575275	-1.161351	0.291511	0.291621	0.242723	-0.060336	-0.045343	0.952253	0.406299	0.373746	0.248586	0.033960	0.016416	-0.458621	0.887831	
 1687525563.472320	1687525563.420171	30.983322	-27.522529	-1.161677	0.233267	0.233244	0.211174	-0.063245	-0.040091	0.974480	0.401160	0.315422	0.215937	0.032503	0.018552	-0.468421	0.882712	
 1687525563.878316	1687525563.822487	30.961997	-27.520509	-1.165972	0.294315	0.294521	0.243960	-0.048273	-0.034870	0.952893	0.452943	0.330534	0.249981	0.026555	0.013449	-0.458795	0.888044	
 1687525564.185604	1687525564.125977	30.939728	-27.482160	-1.171025	0.239102	0.239172	0.215150	-0.047800	-0.040290	0.935715	0.338914	0.278572	0.219788	0.028749	0.012244	-0.451184	0.891884	
 1687525564.590557	1687525564.530995	30.945983	-27.466875	-1.166608	0.288031	0.288270	0.241062	-0.044585	-0.056265	0.943044	0.368256	0.325598	0.246960	0.035174	0.007077	-0.454509	0.890019	
 1687525564.895001	1687525564.860464	30.941355	-27.420794	-1.163043	0.237212	0.237442	0.213845	-0.052717	-0.054241	0.959201	0.324103	0.351336	0.218753	0.036206	0.010865	-0.461729	0.886215	
 1687525565.198772	1687525565.163347	30.926389	-27.383963	-1.160489	0.240509	0.240715	0.215489	-0.053203	-0.039864	0.975330	0.358443	0.343306	0.220540	0.030062	0.014158	-0.468774	0.882693	
 1687525565.603880	1687525565.570140	30.914229	-27.395930	-1.168436	0.285996	0.286174	0.240001	-0.035679	-0.033121	0.971723	0.396933	0.324181	0.246432	0.022970	0.008040	-0.467093	0.883873	
 1687525566.011427	1687525565.976351	30.901619	-27.384775	-1.176011	0.295148	0.295392	0.244185	-0.020421	-0.033440	0.959911	0.332467	0.309989	0.250796	0.019543	0.001336	-0.461803	0.886766	
 1687525566.315075	1687525566.277982	30.912400	-27.406217	-1.162095	0.240719	0.241159	0.216020	-0.041888	-0.042212	0.962200	0.245517	0.267083	0.220913	0.028394	0.008797	-0.462942	0.885890	
 1687525566.622949	1687525566.581476	30.943366	-27.407854	-1.163073	0.236953	0.237225	0.213727	-0.027474	-0.037866	0.980828	0.314304	0.300379	0.218508	0.023167	0.003199	-0.471091	0.881774	
 1687525566.926393	1687525566.883331	30.952739	-27.433483	-1.160917	0.237997	0.238425	0.214241	-0.027641	-0.035764	1.015486	0.263436	0.281125	0.218837	0.022342	0.003381	-0.486298	0.873501	
 1687525567.232579	1687525567.184999	30.974359	-27.462708	-1.168025	0.236895	0.237000	0.213308	-0.028025	-0.039606	0.995422	0.261599	0.271248	0.218173	0.024086	0.002857	-0.477519	0.878287	
 1687525567.644671	1687525567.589915	30.995609	-27.549512	-1.168067	0.287763	0.287921	0.240139	-0.061669	-0.044678	0.971491	0.292951	0.313094	0.246691	0.034134	0.016833	-0.467138	0.883365	
 1687525567.948184	1687525567.891671	31.033644	-27.601568	-1.172644	0.244003	0.243928	0.217493	-0.049997	-0.045360	0.970324	0.398111	0.309519	0.222910	0.031708	0.011533	-0.466587	0.883831	
 1687525568.251014	1687525568.196944	31.079768	-27.669489	-1.164796	0.236336	0.236375	0.212697	-0.039956	-0.044122	0.989632	0.342802	0.307137	0.217844	0.028893	0.007103	-0.475047	0.879457	
 1687525568.659105	1687525568.605849	31.148831	-27.782476	-1.183644	0.289121	0.289215	0.241643	-0.034250	-0.043380	1.029821	0.340958	0.337803	0.248683	0.027304	0.004221	-0.492592	0.869822	
 1687525568.965639	1687525568.908607	31.210359	-27.860836	-1.219903	0.241571	0.241630	0.216323	-0.026613	-0.040882	1.061344	0.287868	0.299561	0.221931	0.024360	0.001130	-0.506197	0.862073	
 1687525569.269343	1687525569.213483	31.266221	-27.940049	-1.242243	0.235641	0.235647	0.211761	-0.028846	-0.034648	1.048929	0.259896	0.284885	0.217104	0.022214	0.003809	-0.500838	0.865247	
 1687525569.572702	1687525569.515961	31.317074	-28.050036	-1.247643	0.231619	0.231605	0.209120	-0.023698	-0.037972	1.042803	0.252930	0.253588	0.214774	0.022362	0.000817	-0.498166	0.866793	
 1687525569.876078	1687525569.818067	31.369609	-28.124988	-1.246078	0.234369	0.234399	0.211463	-0.017453	-0.040582	1.040612	0.247163	0.267673	0.216728	0.021941	-0.002516	-0.497178	0.867368	
 1687525570.180952	1687525570.157339	31.420482	-28.200585	-1.248838	0.230197	0.230300	0.208489	-0.018245	-0.042717	1.028158	0.232866	0.272353	0.213818	0.023080	-0.002560	-0.491770	0.870415	
 1687525570.487375	1687525570.459496	31.469817	-28.275836	-1.258446	0.234474	0.234554	0.211181	-0.020322	-0.044041	1.016804	0.237459	0.280501	0.216979	0.024178	-0.001844	-0.486834	0.873158	
 1687525570.893675	1687525570.865168	31.516831	-28.364179	-1.264903	0.290549	0.290527	0.241304	-0.030220	-0.044281	1.006765	0.274368	0.319939	0.248429	0.026677	0.002554	-0.482511	0.875480	
 1687525571.201348	1687525571.167022	31.554400	-28.409950	-1.261401	0.238528	0.238472	0.213910	-0.031083	-0.047256	1.003175	0.269216	0.292250	0.219975	0.028183	0.002264	-0.480948	0.876293	
 1687525571.505715	1687525571.468611	31.592312	-28.444102	-1.253684	0.233799	0.233777	0.210611	-0.023197	-0.043060	1.007621	0.268709	0.297812	0.216665	0.024450	-0.000238	-0.482840	0.875367	
 1687525571.909986	1687525571.878811	31.646494	-28.486589	-1.252713	0.292449	0.292552	0.242503	-0.028318	-0.037980	1.016857	0.282945	0.320813	0.249824	0.023477	0.003123	-0.486903	0.873135	
 1687525572.217536	1687525572.181707	31.684886	-28.525658	-1.242450	0.236095	0.236075	0.212472	-0.043385	-0.046634	0.995490	0.262363	0.273163	0.218644	0.030834	0.007924	-0.477647	0.877975	
 1687525572.628352	1687525572.589514	31.737502	-28.565579	-1.253908	0.296385	0.296177	0.244443	-0.029936	-0.044929	1.019068	0.362001	0.351341	0.251897	0.026906	0.002107	-0.487886	0.872490	
 1687525572.933110	1687525572.891909	31.769071	-28.610085	-1.251255	0.242045	0.242033	0.215840	-0.041936	-0.036769	0.999489	0.277493	0.306506	0.222290	0.026177	0.009592	-0.479353	0.877179	
 1687525573.337505	1687525573.295295	31.821103	-28.658350	-1.241433	0.292981	0.292806	0.243068	-0.042392	-0.038795	1.013766	0.340232	0.306952	0.250447	0.027241	0.009112	-0.485614	0.873702	
 1687525573.747041	1687525573.697760	31.880782	-28.702888	-1.238972	0.284258	0.284188	0.239651	-0.026772	-0.020541	1.038131	0.348134	0.315220	0.247040	0.015557	0.006527	-0.496118	0.868091	
 1687525574.051792	1687525574.000727	31.948609	-28.782260	-1.249618	0.241817	0.241934	0.216060	-0.029265	-0.025659	1.025018	0.258033	0.237386	0.222370	0.018354	0.006461	-0.490436	0.871260	
 1687525574.356197	1687525574.305045	32.013563	-28.908282	-1.264641	0.237434	0.237500	0.213052	-0.024490	-0.025053	1.029388	0.262270	0.244081	0.219063	0.016930	0.004492	-0.492327	0.870234	
 1687525574.759151	1687525574.712934	32.068590	-29.012499	-1.270005	0.287607	0.287445	0.240405	-0.049689	-0.023167	1.044395	0.281881	0.272582	0.247394	0.022426	0.015754	-0.498848	0.866256	
 1687525575.063411	1687525575.018029	32.121710	-29.124257	-1.268188	0.238936	0.238835	0.214182	-0.041105	-0.025254	1.021083	0.326653	0.242050	0.220289	0.021056	0.011760	-0.488734	0.872099	
 1687525575.367481	1687525575.320775	32.175153	-29.209379	-1.281411	0.223999	0.223913	0.203955	-0.033682	-0.028935	1.007923	0.287829	0.235668	0.209764	0.020798	0.007760	-0.482993	0.875343	
 1687525575.770495	1687525575.724805	32.236947	-29.285729	-1.299428	0.294448	0.294508	0.243018	-0.050120	-0.028131	1.010092	0.314879	0.287818	0.250343	0.024428	0.015124	-0.483956	0.874620	
 1687525576.075527	1687525576.031182	32.308267	-29.388816	-1.308436	0.238354	0.238357	0.213908	-0.032266	-0.036994	0.999318	0.330024	0.252913	0.220205	0.023961	0.005297	-0.479244	0.877339	
 1687525576.378196	1687525576.333745	32.362609	-29.473092	-1.330467	0.232488	0.232573	0.209673	0.001666	-0.040183	1.009692	0.269502	0.267654	0.215679	0.017181	-0.010446	-0.483560	0.875080	
 1687525576.782110	1687525576.736556	32.424045	-29.546954	-1.322798	0.290738	0.291184	0.242229	-0.065213	-0.035312	1.036130	0.248031	0.306013	0.249195	0.031472	0.019580	-0.495360	0.867897	
 1687525577.088500	1687525577.043521	32.480734	-29.639669	-1.330928	0.237745	0.237879	0.213276	-0.009729	-0.037690	0.993695	0.379738	0.264484	0.219318	0.018883	-0.004706	-0.476647	0.878879	
 1687525577.391625	1687525577.346088	32.555959	-29.727191	-1.320582	0.236098	0.236268	0.211891	-0.039781	-0.040917	1.020506	0.224953	0.263231	0.217911	0.027560	0.007363	-0.488554	0.872067	
 1687525577.795331	1687525577.749092	32.625415	-29.815611	-1.327790	0.291153	0.291199	0.242013	-0.037157	-0.043219	0.988547	0.338347	0.320281	0.249330	0.027829	0.006101	-0.474553	0.879766	
 1687525578.099622	1687525578.052420	32.701191	-29.909111	-1.338458	0.236809	0.236848	0.212840	-0.039523	-0.040573	1.022132	0.291552	0.292325	0.218938	0.027353	0.007312	-0.489261	0.871678	
 1687525578.408056	1687525578.354594	32.757768	-29.996399	-1.352770	0.236895	0.236891	0.212648	-0.040419	-0.034593	1.017886	0.298853	0.282805	0.218823	0.024945	0.009219	-0.487387	0.872781	
 1687525578.715215	1687525578.656776	32.798987	-30.085675	-1.366950	0.238953	0.238915	0.213962	-0.031504	-0.030779	1.005462	0.301342	0.267874	0.219969	0.021072	0.006387	-0.481916	0.875941	
 1687525579.022234	1687525578.959972	32.843378	-30.168325	-1.369341	0.236085	0.236127	0.212144	-0.038646	-0.034532	1.017753	0.268245	0.253973	0.218117	0.024487	0.008461	-0.487324	0.872837	
 1687525579.330679	1687525579.264892	32.905643	-30.257659	-1.372071	0.236233	0.236285	0.212225	-0.034673	-0.039504	1.004384	0.283500	0.258755	0.218281	0.025653	0.005687	-0.481482	0.876062	
 1687525579.637140	1687525579.567743	32.966292	-30.337034	-1.378679	0.240827	0.240886	0.215037	-0.035913	-0.037146	1.000655	0.281859	0.278370	0.221138	0.024905	0.006844	-0.479846	0.876973	
 1687525579.943717	1687525579.870702	33.019307	-30.415585	-1.383481	0.236756	0.236806	0.212483	-0.037240	-0.033371	0.999997	0.277627	0.265749	0.218591	0.023565	0.008340	-0.479547	0.877160	
 1687525580.247059	1687525580.174424	33.075395	-30.498493	-1.386935	0.237415	0.237452	0.212978	-0.036597	-0.035210	1.005164	0.280901	0.257780	0.218968	0.024237	0.007554	-0.481817	0.875904	
 1687525580.651333	1687525580.580790	33.144938	-30.586813	-1.393508	0.289281	0.289322	0.241280	-0.048502	-0.039541	1.002901	0.311511	0.292226	0.248154	0.028984	0.011759	-0.480883	0.876227	
 1687525580.957282	1687525580.904909	33.210807	-30.670448	-1.403096	0.237484	0.237473	0.213202	-0.040563	-0.039269	0.996017	0.324513	0.277926	0.219229	0.026930	0.008437	-0.477836	0.877996	
 1687525581.259963	1687525581.207602	33.274531	-30.739777	-1.410830	0.234530	0.234553	0.211088	-0.042582	-0.039166	0.999431	0.289519	0.269673	0.217114	0.027383	0.009301	-0.479341	0.877152	
 1687525581.666875	1687525581.610020	33.332429	-30.806188	-1.409230	0.291626	0.291604	0.242321	-0.047935	-0.031606	0.991946	0.341573	0.311155	0.249279	0.025298	0.013557	-0.476025	0.878964	
 1687525581.970798	1687525581.911812	33.379993	-30.870670	-1.404405	0.241641	0.241641	0.216195	-0.040813	-0.034182	0.988998	0.331830	0.265926	0.222037	0.024722	0.009849	-0.474730	0.879729	
 1687525582.274866	1687525582.214513	33.430357	-30.943030	-1.406651	0.235846	0.235930	0.212297	-0.035133	-0.027431	1.006074	0.305596	0.269320	0.218075	0.020482	0.008777	-0.482180	0.875789	
 1687525582.679343	1687525582.623351	33.501104	-31.007664	-1.406813	0.287273	0.287477	0.240564	-0.050077	-0.030732	1.017380	0.318281	0.282310	0.247305	0.025608	0.014382	-0.487159	0.872819	
 1687525582.983271	1687525582.927843	33.553788	-31.082066	-1.408302	0.238579	0.238626	0.213977	-0.040655	-0.029799	0.992162	0.349046	0.265056	0.219989	0.022774	0.010784	-0.476098	0.879031	
 1687525585.590312	1687525585.560050	33.669116	-31.330526	-1.396710	0.284770	0.285236	0.239294	0.031515	0.000727	0.960163	0.317284	0.278583	0.245906	-0.007600	-0.013808	-0.461799	0.886844	
 1687525585.894421	1687525585.862778	33.723927	-31.446984	-1.381425	0.238801	0.239188	0.215391	0.018713	-0.007175	0.952166	0.258937	0.215348	0.219244	-0.001100	-0.009960	-0.458248	0.888768	
 1687525586.199819	1687525586.164691	33.778342	-31.566386	-1.377604	0.235551	0.236289	0.212653	-0.013807	-0.007643	0.970307	0.228551	0.214152	0.215874	0.006600	0.004325	-0.466353	0.884563	
 1687525586.507177	1687525586.468178	33.827589	-31.686142	-1.363024	0.236958	0.237294	0.213159	-0.042413	-0.010704	0.989379	0.224637	0.216798	0.218472	0.014776	0.016122	-0.474745	0.879852	
 1687525586.915175	1687525586.871620	33.893332	-31.795942	-1.371941	0.293338	0.293422	0.243189	-0.050260	-0.011742	1.013960	0.319331	0.252334	0.249835	0.017331	0.019117	-0.485507	0.873852	
 1687525587.221575	1687525587.174489	33.942314	-31.898638	-1.389465	0.237863	0.237931	0.213295	-0.039423	-0.012124	0.988542	0.312375	0.223846	0.219325	0.014686	0.014476	-0.474394	0.880071	
 1687525587.626141	1687525587.577331	34.010803	-32.024048	-1.391604	0.290986	0.291142	0.241898	-0.043903	-0.020514	1.030550	0.312976	0.253074	0.249061	0.019739	0.014046	-0.492825	0.869791	
 1687525588.034971	1687525587.980537	34.072958	-32.120283	-1.388900	0.293489	0.293588	0.243870	-0.038391	-0.024716	1.028621	0.342770	0.269093	0.251406	0.020199	0.010632	-0.492013	0.870289	
 1687525588.340289	1687525588.282100	34.133655	-32.253260	-1.397804	0.239795	0.239859	0.215028	-0.034518	-0.027690	1.040073	0.284365	0.243137	0.221341	0.020588	0.008097	-0.496998	0.867470	
 1687525588.744029	1687525588.685790	34.181562	-32.365045	-1.429324	0.296862	0.296955	0.244686	-0.002912	-0.036906	1.030466	0.316197	0.284577	0.252187	0.016774	-0.007825	-0.492677	0.870016	
 1687525589.049403	1687525588.989257	34.254278	-32.464044	-1.438767	0.238864	0.239000	0.214094	-0.011447	-0.049431	1.037414	0.220096	0.263993	0.220050	0.024298	-0.007283	-0.495721	0.868111	
 1687525589.457096	1687525589.391964	34.326469	-32.591164	-1.430254	0.289400	0.289440	0.241408	-0.026128	-0.051370	1.019377	0.259527	0.344648	0.248684	0.028788	-0.001130	-0.487996	0.872370	
 1687525589.760840	1687525589.694185	34.387078	-32.684506	-1.427589	0.240015	0.240101	0.214991	-0.017982	-0.053908	1.035212	0.259263	0.312169	0.221114	0.027866	-0.005525	-0.494812	0.868536	
 1687525590.065194	1687525589.996395	34.456546	-32.784384	-1.425649	0.236982	0.237005	0.212583	-0.023611	-0.055542	1.025175	0.237111	0.302799	0.218702	0.029985	-0.003333	-0.490496	0.870921	
 1687525590.370735	1687525590.298726	34.516913	-32.855511	-1.432009	0.233015	0.233025	0.209960	-0.026435	-0.055436	1.022045	0.247508	0.314376	0.215865	0.030633	-0.002029	-0.489158	0.871655	
 1687525590.776999	1687525590.702413	34.568605	-32.923570	-1.438947	0.293117	0.293085	0.242540	-0.040043	-0.044056	1.011624	0.292569	0.359877	0.249701	0.028962	0.006839	-0.484689	0.874180	
 1687525591.080445	1687525591.004625	34.632651	-33.008479	-1.444653	0.236028	0.235922	0.212048	-0.033639	-0.044476	1.011391	0.284356	0.277947	0.218236	0.027596	0.003940	-0.484555	0.874317	
 1687525591.484845	1687525591.411477	34.690587	-33.071696	-1.446038	0.292859	0.292710	0.242633	-0.035800	-0.045347	1.019101	0.313169	0.327169	0.249953	0.028517	0.004564	-0.487936	0.872402	
 1687525591.894516	1687525591.815047	34.769335	-33.144340	-1.445753	0.294257	0.294199	0.244212	-0.029625	-0.044385	0.999359	0.321592	0.331079	0.251775	0.026571	0.002366	-0.479262	0.877266	
 1687525592.202773	1687525592.117371	34.855146	-33.205457	-1.456323	0.242119	0.242141	0.216262	-0.021882	-0.048615	1.008427	0.270886	0.295527	0.222556	0.026563	-0.002165	-0.483180	0.875115	
 1687525592.505572	1687525592.418732	34.939895	-33.265275	-1.458090	0.238462	0.238539	0.213725	-0.036394	-0.046941	1.022470	0.246364	0.292948	0.219888	0.029364	0.004385	-0.489412	0.871547	
 1687525592.908399	1687525592.822219	35.001016	-33.373571	-1.468485	0.292471	0.292208	0.242582	-0.044121	-0.035618	1.022507	0.319801	0.330978	0.249604	0.026318	0.010524	-0.489417	0.871589	
 1687525593.311574	1687525593.225980	35.056424	-33.518444	-1.474885	0.290228	0.289892	0.241955	-0.033001	-0.036937	1.034426	0.347943	0.301949	0.248946	0.024207	0.005209	-0.494573	0.868783	
 1687525593.614612	1687525593.568032	35.128465	-33.631763	-1.467211	0.238640	0.238554	0.214177	-0.029424	-0.039903	1.008972	0.276917	0.271384	0.219605	0.024572	0.003234	-0.483466	0.875012	
 1687525594.018656	1687525593.972187	35.204132	-33.740054	-1.468081	0.292264	0.292268	0.242788	-0.033945	-0.046644	0.979152	0.304362	0.318437	0.249571	0.028556	0.004009	-0.470405	0.881979	
 1687525594.323548	1687525594.277870	35.283340	-33.886151	-1.481305	0.239527	0.239562	0.214645	-0.033075	-0.043393	0.990979	0.267662	0.281857	0.220922	0.026944	0.004231	-0.475601	0.879238	
 1687525594.726645	1687525594.682220	35.356949	-33.998535	-1.504801	0.292878	0.292859	0.242810	-0.043458	-0.036535	1.037219	0.307354	0.318976	0.249783	0.026629	0.009815	-0.495818	0.867963	
 1687525595.029896	1687525594.985103	35.420145	-34.125866	-1.520028	0.238629	0.238529	0.213604	-0.028489	-0.032508	1.029178	0.299748	0.264314	0.219588	0.021157	0.004399	-0.492264	0.870178	
 1687525595.433069	1687525595.389157	35.485080	-34.290731	-1.525274	0.293594	0.293460	0.243257	-0.034124	-0.039450	1.040713	0.293392	0.288809	0.250189	0.025592	0.004995	-0.497312	0.867180	
 1687525595.737650	1687525595.691936	35.546940	-34.403070	-1.530531	0.238229	0.238175	0.214082	-0.018436	-0.049037	1.052186	0.280635	0.276984	0.219575	0.025828	-0.004341	-0.502182	0.864366	
 1687525596.142013	1687525596.101393	35.618974	-34.534215	-1.538515	0.294273	0.294378	0.243482	-0.029629	-0.049523	1.031797	0.276220	0.342276	0.250243	0.028840	0.000669	-0.493430	0.869307	
 1687525596.445555	1687525596.403190	35.669036	-34.613629	-1.538940	0.237987	0.238040	0.213644	-0.030562	-0.052930	1.032573	0.271418	0.309475	0.219436	0.030551	0.000223	-0.493775	0.869053	
 1687525596.852549	1687525596.809168	35.732545	-34.688844	-1.535840	0.286711	0.286731	0.240038	-0.049354	-0.052713	1.005549	0.304275	0.351417	0.246858	0.034971	0.008919	-0.482114	0.875365	
 1687525597.160244	1687525597.113147	35.787627	-34.738759	-1.535957	0.241061	0.241021	0.215323	-0.036606	-0.051289	0.998216	0.345218	0.329510	0.221499	0.031267	0.003793	-0.478817	0.877350	
 1687525597.465698	1687525597.415034	35.845212	-34.790507	-1.535129	0.241089	0.241102	0.215194	-0.024265	-0.048096	1.004281	0.299524	0.326229	0.221323	0.026913	-0.000941	-0.481384	0.876096	
 1687525597.770480	1687525597.717668	35.895724	-34.850249	-1.528769	0.235968	0.236006	0.211998	-0.030144	-0.048448	1.001536	0.257164	0.306735	0.218054	0.028479	0.001589	-0.480224	0.876682	
 1687525598.175550	1687525598.120881	35.959301	-34.909269	-1.527401	0.291860	0.291829	0.242281	-0.023567	-0.041795	1.026418	0.312864	0.354828	0.249460	0.023987	0.000004	-0.491049	0.870802	
 1687525598.580015	1687525598.525297	36.038320	-34.956751	-1.536363	0.295235	0.295679	0.243881	-0.018730	-0.031272	1.047680	0.292685	0.331333	0.250760	0.018222	0.000287	-0.500253	0.865688	
 1687525598.883224	1687525598.836050	36.091459	-35.014554	-1.521060	0.234836	0.234987	0.211671	-0.026398	-0.038540	1.026767	0.240838	0.256769	0.217532	0.023264	0.002032	-0.491215	0.870725	
 1687525599.190902	1687525599.138664	36.148199	-35.066833	-1.520958	0.237193	0.237187	0.212873	-0.024101	-0.038195	1.017626	0.264675	0.282554	0.218936	0.022545	0.001220	-0.487218	0.872989	
 1687525599.494134	1687525599.441266	36.205335	-35.115571	-1.507983	0.238564	0.238450	0.213633	-0.075931	-0.048277	1.000289	0.257688	0.279672	0.219778	0.039361	0.021731	-0.479871	0.876186	
 1687525599.901481	1687525599.844881	36.275882	-35.167722	-1.519424	0.289402	0.289484	0.241650	-0.019489	-0.039886	1.009563	0.544405	0.364192	0.248507	0.022165	-0.001116	-0.483667	0.874971	
 1687525600.210121	1687525600.146904	36.333789	-35.231172	-1.522077	0.239813	0.239914	0.214889	-0.030266	-0.035788	1.005280	0.249996	0.290910	0.220790	0.022967	0.004640	-0.481845	0.875943	
 1687525600.617538	1687525600.549468	36.397771	-35.305311	-1.515164	0.295107	0.295211	0.244109	-0.034745	-0.031821	1.004070	0.311280	0.311216	0.251320	0.022303	0.007571	-0.481319	0.876229	
 1687525600.926985	1687525600.852637	36.450233	-35.372443	-1.512875	0.239342	0.239373	0.214609	-0.033414	-0.032008	0.988192	0.291415	0.267552	0.220839	0.022009	0.007118	-0.474345	0.880035	
 1687525601.231074	1687525601.155037	36.505728	-35.433260	-1.517358	0.241438	0.241450	0.215665	-0.037021	-0.034692	0.991955	0.290993	0.272007	0.221906	0.024060	0.008024	-0.476021	0.879068	
 1687525601.536803	1687525601.457590	36.562239	-35.496143	-1.529157	0.234955	0.234988	0.211280	-0.036613	-0.031790	0.996990	0.303217	0.278149	0.217359	0.022708	0.008478	-0.478219	0.877906	
 1687525601.845937	1687525601.759861	36.625274	-35.582612	-1.539666	0.236357	0.236371	0.211979	-0.033487	-0.028042	0.983305	0.293838	0.264726	0.218117	0.020261	0.008140	-0.472178	0.881233	
 1687525602.153111	1687525602.062498	36.676211	-35.666884	-1.543766	0.240825	0.240817	0.214878	-0.032630	-0.025992	0.981338	0.289514	0.260848	0.221006	0.019148	0.008265	-0.471300	0.881726	
 1687525602.458117	1687525602.367706	36.723491	-35.747670	-1.543053	0.236679	0.236658	0.212392	-0.029255	-0.021294	0.971660	0.281447	0.251867	0.218469	0.016243	0.007963	-0.467004	0.884070	
 1687525602.762165	1687525602.671143	36.769185	-35.817906	-1.545357	0.235863	0.235855	0.212054	-0.028617	-0.020593	0.969300	0.264010	0.238038	0.218079	0.015776	0.007863	-0.465957	0.884632	
 1687525603.067949	1687525602.976632	36.832448	-35.873565	-1.551172	0.235620	0.235619	0.211899	-0.030760	-0.022374	0.970727	0.259159	0.235114	0.217758	0.017068	0.008384	-0.466598	0.884265	
 1687525603.373829	1687525603.280053	36.881856	-35.921811	-1.557035	0.236584	0.236586	0.212484	-0.037170	-0.024209	0.962020	0.270387	0.241519	0.218187	0.019326	0.010874	-0.462760	0.886206	
 1687525603.779962	1687525603.782521	36.911784	-36.010698	-1.568260	0.291239	0.291359	0.241738	-0.019975	-0.023639	0.944526	0.333648	0.281745	0.248815	0.015068	0.003517	-0.454954	0.890381	
 1687525604.087592	1687525604.084995	36.965756	-36.125129	-1.564921	0.238448	0.238576	0.214014	-0.027699	-0.014740	0.981954	0.243831	0.244078	0.220082	0.013028	0.008738	-0.471520	0.881716	
 1687525604.490097	1687525604.491019	37.002398	-36.225687	-1.568261	0.294861	0.294901	0.243922	-0.037242	-0.013175	0.980495	0.301375	0.262355	0.251305	0.014578	0.013325	-0.470860	0.881987	
 1687525604.793695	1687525604.793517	37.051528	-36.321566	-1.579610	0.236499	0.236491	0.212594	-0.022621	-0.011720	0.987617	0.287169	0.226616	0.219000	0.010520	0.007181	-0.474003	0.880431	
 1687525605.203329	1687525605.197548	37.119847	-36.436042	-1.583484	0.294044	0.294116	0.243475	-0.038031	-0.014555	0.974376	0.281542	0.255268	0.250867	0.015331	0.013395	-0.468168	0.883405	
 1687525605.508208	1687525605.499302	37.180706	-36.522552	-1.587434	0.239219	0.239280	0.214439	-0.031688	-0.014690	0.975836	0.290699	0.230155	0.220646	0.013914	0.010552	-0.468819	0.883122	
 1687525605.914771	1687525605.900765	37.241051	-36.630510	-1.594222	0.295989	0.295976	0.244335	-0.041627	-0.013253	0.974166	0.309625	0.261786	0.251636	0.015595	0.015290	-0.468060	0.883427	
 1687525606.220923	1687525606.203951	37.280587	-36.725132	-1.602903	0.238560	0.238514	0.213766	-0.031208	-0.014570	0.985462	0.308386	0.229066	0.219986	0.013798	0.010301	-0.473064	0.880860	
 1687525606.527556	1687525606.506592	37.316086	-36.813891	-1.611397	0.237150	0.237163	0.212424	-0.031234	-0.017101	0.984081	0.269315	0.227680	0.218532	0.014912	0.009724	-0.472468	0.881168	
 1687525606.835150	1687525606.808836	37.372619	-36.907112	-1.609257	0.240127	0.240153	0.214367	-0.034284	-0.023169	0.991033	0.265269	0.231403	0.220681	0.018339	0.009571	-0.475559	0.879441	
 1687525607.245442	1687525607.215269	37.433809	-36.983378	-1.610596	0.289836	0.289878	0.240960	-0.037267	-0.025703	0.981391	0.317093	0.275149	0.248151	0.020112	0.010378	-0.471330	0.881667	
 1687525607.649896	1687525607.619553	37.499754	-37.082803	-1.615010	0.291457	0.291543	0.241925	-0.036393	-0.025432	0.984476	0.329058	0.282599	0.249025	0.019802	0.010025	-0.472687	0.880951	
 1687525607.956101	1687525607.922836	37.539822	-37.180827	-1.623926	0.237825	0.237885	0.213390	-0.031978	-0.025340	1.007315	0.295208	0.252342	0.219646	0.018811	0.007888	-0.482709	0.875543	
 1687525608.261353	1687525608.225823	37.590235	-37.286210	-1.639799	0.238712	0.238758	0.213673	-0.032730	-0.025292	1.011681	0.277814	0.249754	0.219910	0.018989	0.008187	-0.484620	0.874480	
 1687525608.570078	1687525608.528773	37.645689	-37.421475	-1.648195	0.235268	0.235318	0.211315	-0.033618	-0.029059	1.000073	0.273567	0.244912	0.217476	0.020806	0.007784	-0.479554	0.877231	
 1687525608.875612	1687525608.831462	37.702100	-37.520736	-1.656162	0.234086	0.234120	0.210754	-0.030351	-0.033220	1.000933	0.279698	0.255313	0.216541	0.021851	0.005343	-0.479934	0.877016	
 1687525609.180653	1687525609.133888	37.760788	-37.613049	-1.663277	0.238299	0.238328	0.213316	-0.025620	-0.039559	1.006235	0.268950	0.264439	0.219367	0.023501	0.001685	-0.482247	0.875718	
 1687525609.593843	1687525609.537761	37.818670	-37.726409	-1.666096	0.290328	0.290446	0.241395	-0.029991	-0.040451	1.011925	0.288734	0.313691	0.248567	0.024954	0.003313	-0.484761	0.874284	
 1687525609.901814	1687525609.840882	37.859596	-37.807671	-1.665102	0.237958	0.237990	0.213600	-0.027176	-0.039895	1.031555	0.270980	0.286120	0.219624	0.024050	0.001981	-0.493303	0.869522	
 1687525610.209493	1687525610.144531	37.908365	-37.890609	-1.664025	0.235912	0.235957	0.211970	-0.027306	-0.041634	1.023419	0.260335	0.279653	0.218027	0.024831	0.001710	-0.489765	0.871499	
 1687525610.515260	1687525610.446886	37.957601	-37.975480	-1.664449	0.241151	0.241205	0.215240	-0.026584	-0.044621	1.017521	0.265315	0.289404	0.221448	0.025954	0.000740	-0.487190	0.872910	
 1687525610.919745	1687525610.848932	38.021980	-38.077779	-1.663440	0.291813	0.291901	0.242104	-0.035421	-0.043557	1.014261	0.294415	0.331432	0.249377	0.027632	0.004902	-0.485817	0.873610	
 1687525611.224364	1687525611.152949	38.085092	-38.160472	-1.661343	0.235799	0.235808	0.212328	-0.039185	-0.044882	1.015144	0.288158	0.295196	0.218346	0.029127	0.006212	-0.486225	0.873326	
 1687525611.628534	1687525611.556608	38.157164	-38.259062	-1.670257	0.294300	0.294239	0.243552	-0.034771	-0.046906	1.018069	0.347439	0.346116	0.250848	0.028945	0.003750	-0.487483	0.872645	
 1687525611.932604	1687525611.858053	38.216881	-38.337347	-1.676482	0.237490	0.237452	0.213215	-0.028712	-0.050675	1.027528	0.294764	0.316667	0.219404	0.029115	0.000049	-0.491567	0.870353	
 1687525612.237269	1687525612.160385	38.276566	-38.408442	-1.683191	0.236111	0.236153	0.212075	-0.024448	-0.046823	1.020216	0.267270	0.313928	0.218301	0.026394	-0.000764	-0.488351	0.872248	
 1687525612.544582	1687525612.465483	38.338715	-38.494537	-1.684366	0.231950	0.231992	0.209162	-0.032116	-0.049344	1.013850	0.251844	0.295750	0.215195	0.029357	0.002058	-0.485627	0.873670	
 1687525612.847842	1687525612.767069	38.410134	-38.597994	-1.684193	0.239842	0.239836	0.214352	-0.032217	-0.050838	1.019192	0.283015	0.318872	0.220427	0.030039	0.001660	-0.487961	0.872347	
 1687525613.255644	1687525613.170590	38.475311	-38.683031	-1.683186	0.290250	0.290209	0.241465	-0.043178	-0.049796	1.024536	0.318752	0.363041	0.248671	0.032273	0.006610	-0.490358	0.870898	
 1687525613.559769	1687525613.473241	38.562390	-38.784239	-1.692938	0.232344	0.232308	0.209814	-0.032152	-0.059624	1.038092	0.318648	0.317384	0.215876	0.033849	-0.000832	-0.496184	0.867557	
 1687525613.969285	1687525613.878266	38.634951	-38.887290	-1.702581	0.292692	0.292661	0.242754	-0.044412	-0.056551	1.016036	0.329802	0.418350	0.250167	0.035492	0.005643	-0.486681	0.872840	
 1687525614.275182	1687525614.181226	38.710738	-38.986041	-1.710831	0.235703	0.235655	0.211952	-0.034590	-0.051362	1.016366	0.330624	0.349178	0.218252	0.030842	0.002611	-0.486745	0.872995	
 1687525614.678410	1687525614.644743	38.799109	-39.093957	-1.715065	0.292763	0.292647	0.242910	-0.044379	-0.050488	1.002973	0.336118	0.378590	0.250157	0.032791	0.007318	-0.480949	0.876104	
 1687525614.981860	1687525614.946969	38.875974	-39.191600	-1.713639	0.237721	0.237629	0.213343	-0.034465	-0.049763	0.997178	0.338388	0.336591	0.219435	0.030084	0.003234	-0.478344	0.877651	
 1687525615.386451	1687525615.349056	38.946100	-39.332411	-1.721253	0.294247	0.294169	0.243861	-0.042309	-0.048605	0.999565	0.336793	0.375620	0.251013	0.031457	0.006917	-0.479437	0.876985	
 1687525615.790427	1687525615.751504	39.004265	-39.440204	-1.733974	0.290713	0.290579	0.242501	-0.037134	-0.046224	1.046759	0.378096	0.378952	0.249622	0.029290	0.004528	-0.499962	0.865540	
 1687525616.198207	1687525616.154718	39.062589	-39.589852	-1.740675	0.296666	0.296541	0.245055	-0.038377	-0.055760	1.029561	0.358934	0.370704	0.252362	0.033702	0.002972	-0.492527	0.869639	
 1687525616.505046	1687525616.458098	39.100666	-39.698041	-1.741535	0.233637	0.233674	0.211051	-0.028509	-0.057046	1.044017	0.309303	0.350158	0.216630	0.031823	-0.001868	-0.498721	0.866176	
 1687525616.909171	1687525616.864214	39.156597	-39.836407	-1.743762	0.296662	0.296862	0.244549	-0.032191	-0.051482	1.042492	0.315244	0.403682	0.251502	0.030329	0.001138	-0.498091	0.866593	
 1687525617.217350	1687525617.166495	39.200789	-39.930305	-1.733593	0.240798	0.240927	0.215467	-0.031851	-0.048326	1.034163	0.292263	0.339458	0.221258	0.028870	0.001897	-0.494473	0.868712	
 1687525617.522769	1687525617.468464	39.242311	-40.016806	-1.721092	0.237536	0.237537	0.212843	-0.039100	-0.048830	1.010733	0.282336	0.314928	0.218630	0.030818	0.005284	-0.484309	0.874338	
 1687525617.925873	1687525617.871526	39.294443	-40.117274	-1.710401	0.295617	0.295372	0.243916	-0.055355	-0.047376	0.984392	0.345481	0.357121	0.251021	0.033940	0.013193	-0.472826	0.880403	
 1687525618.229969	1687525618.174407	39.335413	-40.176694	-1.708106	0.236231	0.236050	0.212529	-0.050583	-0.046276	0.963652	0.376171	0.318266	0.218411	0.032211	0.011686	-0.463644	0.885359	
 1687525618.633801	1687525618.583666	39.392310	-40.253639	-1.721138	0.294014	0.293827	0.243497	-0.033452	-0.041107	1.052686	0.401464	0.358733	0.250457	0.026169	0.004135	-0.502496	0.864174	
 1687525618.940939	1687525618.893337	39.435557	-40.291187	-1.723464	0.232840	0.232862	0.210551	-0.042694	-0.036200	1.089231	0.286312	0.290723	0.215878	0.026534	0.008879	-0.518217	0.854792	
 1687525619.244026	1687525619.194510	39.456420	-40.336048	-1.719119	0.239738	0.239642	0.214533	-0.048982	-0.040188	1.086801	0.324246	0.277745	0.220011	0.029852	0.010571	-0.517211	0.855272	
 1687525619.648875	1687525619.599418	39.504037	-40.389887	-1.713880	0.290282	0.290075	0.241598	-0.043812	-0.043334	1.138493	0.394140	0.325365	0.248462	0.030048	0.006771	-0.539142	0.841652	
 1687525619.954638	1687525619.902628	39.540242	-40.404969	-1.699313	0.240655	0.240662	0.215571	-0.052977	-0.043847	1.155716	0.334156	0.298780	0.221251	0.032820	0.010210	-0.546394	0.836822	
 1687525620.258791	1687525620.204261	39.573604	-40.413402	-1.690260	0.239518	0.239461	0.214553	-0.054519	-0.045299	1.151220	0.369054	0.294113	0.220252	0.033824	0.010535	-0.544523	0.837998	
 1687525620.662057	1687525620.612059	39.614704	-40.436508	-1.692858	0.282486	0.282374	0.238089	-0.069751	-0.048587	1.176991	0.414706	0.329262	0.244881	0.039543	0.015518	-0.555313	0.830556	
 1687525621.065695	1687525621.019087	39.651721	-40.448477	-1.710603	0.292520	0.292324	0.243009	-0.018922	-0.033433	1.284714	0.519487	0.348671	0.250179	0.019051	-0.002440	-0.599100	0.800444	
 1687525621.369335	1687525621.323405	39.660735	-40.434721	-1.708532	0.238050	0.238319	0.214180	-0.028214	-0.033279	1.310190	0.243444	0.259013	0.219420	0.021786	0.001049	-0.609276	0.792658	
 1687525621.773443	1687525621.726357	39.656431	-40.423521	-1.704414	0.286894	0.287350	0.240679	-0.031300	-0.030359	1.297328	0.303939	0.289896	0.247234	0.021547	0.003301	-0.604168	0.796559	
 1687525622.176846	1687525622.130607	39.683464	-40.445417	-1.698064	0.296307	0.296738	0.245346	-0.045836	-0.038709	1.370807	0.315505	0.284026	0.252256	0.029482	0.005490	-0.633044	0.773535	
 1687525622.480706	1687525622.431874	39.676142	-40.444815	-1.705007	0.240429	0.240572	0.215871	-0.038154	-0.028517	1.414148	0.344655	0.268865	0.221108	0.023229	0.005241	-0.649635	0.759874	
 1687525622.884531	1687525622.835601	39.685066	-40.477223	-1.703083	0.294141	0.294132	0.243581	-0.110848	-0.046243	1.431577	0.343739	0.275496	0.250044	0.053760	0.026641	-0.655996	0.752376	
 1687525623.290914	1687525623.239197	39.711829	-40.482128	-1.697071	0.289039	0.288478	0.242270	-0.078271	-0.041773	1.487044	0.808119	0.302619	0.248750	0.041839	0.014668	-0.676820	0.734812	
 1687525623.696863	1687525623.640874	39.694506	-40.524282	-1.717555	0.298564	0.298435	0.245853	-0.055482	-0.016929	1.526652	0.590570	0.295602	0.252650	0.025288	0.014191	-0.691207	0.722075	
 1687525624.000451	1687525623.943047	39.700434	-40.530564	-1.697673	0.240894	0.240609	0.216119	-0.088967	-0.026634	1.510839	0.405871	0.225287	0.221156	0.040169	0.023249	-0.685286	0.726793	
 1687525624.405033	1687525624.345967	39.689787	-40.568438	-1.710957	0.293757	0.293701	0.243891	-0.033856	-0.007201	1.575550	0.668418	0.263843	0.250201	0.014537	0.009389	-0.708722	0.705275	
 1687525624.809247	1687525624.749996	39.681440	-40.597775	-1.716765	0.295223	0.296067	0.245418	-0.045649	-0.015577	1.563980	0.327830	0.247125	0.251473	0.021607	0.010705	-0.704614	0.709181	
 1687525625.214967	1687525625.152977	39.652527	-40.592250	-1.724445	0.298055	0.298649	0.245988	-0.033973	0.001275	1.596983	0.401859	0.254296	0.252636	0.011722	0.012309	-0.716193	0.697695	
 1687525625.520294	1687525625.455809	39.654002	-40.591943	-1.725207	0.240185	0.240789	0.215387	-0.053026	0.006704	1.642178	0.291563	0.216346	0.220657	0.017119	0.020517	-0.731567	0.681246	
 1687525625.923419	1687525625.860574	39.639860	-40.628605	-1.726107	0.288514	0.289028	0.241614	-0.044988	0.007296	1.708565	0.432173	0.244869	0.248073	0.014566	0.017522	-0.753850	0.656651	
 1687525626.226829	1687525626.161721	39.600254	-40.624808	-1.741024	0.240702	0.240997	0.215598	-0.018151	0.001763	1.696507	0.347017	0.219350	0.220843	0.006225	0.006663	-0.750090	0.661273	
 1687525626.530972	1687525626.464803	39.593130	-40.635220	-1.732955	0.236459	0.236783	0.212373	-0.050728	-0.008922	1.698180	0.236031	0.213819	0.217542	0.021984	0.013408	-0.750505	0.660362	
 1687525626.836458	1687525626.767608	39.601061	-40.661566	-1.725331	0.237189	0.237398	0.213396	-0.051596	-0.016005	1.754224	0.345383	0.214336	0.218451	0.024948	0.010341	-0.768747	0.638983	
 1687525627.139061	1687525627.070159	39.577474	-40.657248	-1.736294	0.233371	0.233408	0.210531	-0.023886	-0.006887	1.795851	0.352420	0.212884	0.215429	0.011486	0.004751	-0.782001	0.623153	
 1687525627.443417	1687525627.375883	39.556499	-40.655703	-1.735103	0.234400	0.234570	0.210842	-0.025002	-0.009717	1.788700	0.249311	0.212377	0.216237	0.012789	0.004037	-0.779770	0.625922	
 1687525627.848396	1687525627.778553	39.542368	-40.664906	-1.732445	0.285018	0.285252	0.239266	-0.029228	-0.024408	1.798031	0.281363	0.241504	0.246020	0.019032	-0.000456	-0.782684	0.622129	
 1687525628.252866	1687525628.180154	39.518062	-40.653858	-1.733431	0.295077	0.295116	0.244036	-0.024886	-0.026977	1.796055	0.299425	0.254207	0.251261	0.018135	-0.002795	-0.782072	0.622918	
 1687525628.656882	1687525628.582829	39.523949	-40.668151	-1.722175	0.293601	0.293682	0.243879	-0.045773	-0.026339	1.868302	0.283669	0.256826	0.251114	0.026227	0.003017	-0.803994	0.594052	
 1687525629.063490	1687525628.987103	39.518319	-40.679621	-1.719839	0.294224	0.294198	0.244191	-0.036370	-0.024099	1.902805	0.367886	0.252470	0.251612	0.021799	0.000747	-0.814164	0.580225	
 1687525629.368834	1687525629.289940	39.503286	-40.676934	-1.713051	0.243257	0.243265	0.216906	-0.044998	-0.019351	1.927558	0.293349	0.224373	0.222998	0.023995	0.004888	-0.821231	0.570070	
 1687525629.775926	1687525629.692602	39.499383	-40.674464	-1.704195	0.290892	0.290805	0.242060	-0.056623	-0.024389	1.981092	0.367355	0.245813	0.249318	0.030355	0.005324	-0.836117	0.547684	
 1687525630.080588	1687525629.995706	39.495923	-40.666677	-1.707812	0.240823	0.240741	0.215182	-0.029513	-0.029469	2.005309	0.360879	0.218777	0.221440	0.020363	-0.004479	-0.842836	0.537766	
 1687525630.385710	1687525630.297923	39.483188	-40.652908	-1.698892	0.236830	0.236833	0.212337	-0.048466	-0.026511	2.013747	0.259691	0.226473	0.218364	0.027560	0.001751	-0.845014	0.534031	
 1687525630.692891	1687525630.632708	39.480950	-40.623744	-1.687104	0.237623	0.237584	0.213072	-0.065450	-0.030152	2.042784	0.332131	0.219859	0.219249	0.035769	0.004233	-0.852540	0.521420	
 1687525631.100901	1687525631.035478	39.496967	-40.573712	-1.705761	0.292147	0.292137	0.242215	-0.020769	-0.024385	2.124587	0.461057	0.249048	0.249568	-0.015005	0.005593	0.873424	-0.486697	
 1687525631.404450	1687525631.336592	39.479914	-40.537452	-1.705448	0.242388	0.242558	0.216598	-0.046464	-0.019215	2.097823	0.245768	0.229846	0.222221	-0.024925	-0.003254	0.866718	-0.498164	
 1687525631.708596	1687525631.639027	39.442327	-40.477529	-1.689310	0.236449	0.236472	0.212796	-0.049166	-0.040636	2.056913	0.327096	0.215504	0.218155	0.031532	-0.004712	-0.856326	0.515451	
 1687525632.012433	1687525631.941379	39.450599	-40.465206	-1.703093	0.236204	0.236579	0.213145	-0.005564	0.001567	2.259022	0.312444	0.235748	0.218064	-0.002181	-0.001896	0.904199	-0.427102	
 1687525632.322537	1687525632.243610	39.448377	-40.404212	-1.699027	0.236805	0.236885	0.213105	-0.026683	-0.010902	2.258309	0.227189	0.213609	0.217748	-0.014391	-0.000775	0.903988	-0.427314	
 1687525632.630477	1687525632.545776	39.418058	-40.371935	-1.694935	0.236926	0.236826	0.213662	-0.029564	-0.025114	2.196637	0.253530	0.214562	0.218185	-0.018875	0.004453	0.890360	-0.454843	
 1687525633.034638	1687525632.948758	39.420966	-40.369765	-1.717126	0.293836	0.294063	0.243770	-0.015782	-0.015889	2.257466	0.283752	0.255726	0.249283	-0.010531	0.003805	0.903841	-0.427722	
 1687525633.341914	1687525633.251345	39.417265	-40.319113	-1.729897	0.237010	0.237134	0.213755	-0.019170	-0.015607	2.218437	0.230038	0.219255	0.218770	-0.012057	0.002718	0.895316	-0.445261	
 1687525633.656178	1687525633.654918	39.394899	-40.318862	-1.745904	0.240922	0.240872	0.216066	-0.013188	-0.016960	2.216922	0.236920	0.220879	0.220640	-0.009684	0.004648	0.894987	-0.445964	
 1687525633.960290	1687525633.956853	39.368266	-40.322420	-1.753131	0.241054	0.241170	0.215642	-0.008826	-0.029129	2.217229	0.229629	0.223566	0.220143	-0.010443	0.011068	0.895007	-0.445793	
 1687525634.263631	1687525634.260319	39.345725	-40.329978	-1.756955	0.236976	0.237161	0.213241	-0.003676	-0.037696	2.219203	0.222830	0.240141	0.218137	-0.010033	0.016060	0.895376	-0.444908	
 1687525634.566961	1687525634.562060	39.346639	-40.301412	-1.763414	0.235569	0.235782	0.212448	-0.000476	-0.043589	2.221810	0.221033	0.260401	0.217206	-0.009886	0.019423	0.895890	-0.443741	
 1687525634.971440	1687525634.965062	39.332868	-40.341112	-1.774951	0.291107	0.291019	0.241854	-0.005978	-0.041604	2.209219	0.254273	0.325203	0.248390	-0.012019	0.017238	0.893119	-0.449328	
 1687525635.275036	1687525635.268965	39.318541	-40.392697	-1.787645	0.237810	0.237929	0.213670	0.001294	-0.044026	2.206251	0.221879	0.278060	0.218718	-0.009346	0.019939	0.892398	-0.450712	
 1687525635.682792	1687525635.671657	39.305415	-40.419474	-1.792325	0.284214	0.284380	0.238861	-0.006223	-0.039455	2.198281	0.250908	0.319919	0.245588	-0.011734	0.016159	0.890667	-0.454217	
 1687525636.085821	1687525636.075030	39.297193	-40.450524	-1.785296	0.299051	0.299041	0.245758	-0.010003	-0.038394	2.206487	0.254285	0.311373	0.252977	-0.013115	0.014881	0.892541	-0.450529	
 1687525636.390859	1687525636.377433	39.287286	-40.496798	-1.784054	0.238791	0.238886	0.214733	0.004658	-0.041644	2.191359	0.222371	0.270481	0.219963	-0.007454	0.019579	0.889022	-0.457385	
 1687525636.795388	1687525636.781366	39.296306	-40.556208	-1.786813	0.293314	0.293478	0.243575	-0.019159	-0.027848	2.273403	0.257294	0.323170	0.250352	-0.014546	0.008603	0.907178	-0.420408	
 1687525637.198768	1687525637.184055	39.300266	-40.584119	-1.790549	0.295727	0.295701	0.244513	-0.014946	-0.017198	2.275994	0.264556	0.276558	0.251735	-0.010390	0.004672	0.907763	-0.419328	
 1687525637.509811	1687525637.485991	39.290101	-40.629024	-1.791363	0.238438	0.238418	0.214493	-0.015078	-0.019644	2.294777	0.226970	0.224361	0.219627	-0.010908	0.005857	0.911655	-0.410771	
 1687525637.813180	1687525637.788206	39.280986	-40.644927	-1.785829	0.240437	0.240436	0.214916	-0.020806	-0.021262	2.293708	0.227602	0.229222	0.220332	-0.013854	0.005410	0.911419	-0.411211	
 1687525638.119547	1687525638.090396	39.279851	-40.705515	-1.778291	0.233804	0.233874	0.211119	-0.017391	-0.013150	2.397355	0.231201	0.226554	0.216084	-0.010491	0.002963	0.931524	-0.363515	
 1687525638.422932	1687525638.392202	39.282979	-40.763656	-1.776031	0.238595	0.238658	0.213453	-0.005485	-0.008294	2.439504	0.229729	0.220447	0.218985	-0.004001	0.002951	0.939006	-0.343864	
 1687525638.829313	1687525638.795823	39.260308	-40.808659	-1.760688	0.289506	0.289651	0.241219	-0.051962	-0.004551	2.411595	0.247089	0.245769	0.247978	-0.025079	-0.007148	0.933828	-0.356772	
 1687525639.135209	1687525639.097883	39.253222	-40.882992	-1.768767	0.239754	0.239651	0.215038	-0.026983	-0.003661	2.476115	0.334348	0.216221	0.220532	-0.013349	-0.002677	0.945072	-0.326579	
 1687525639.444122	1687525639.399717	39.243956	-40.948071	-1.768525	0.236396	0.236457	0.212375	-0.035050	0.003436	2.489124	0.247566	0.213904	0.218321	-0.016049	-0.007243	0.947099	-0.320457	
 1687525639.749304	1687525639.702470	39.223491	-41.010577	-1.773045	0.241529	0.241546	0.215489	-0.018937	0.001916	2.512473	0.277661	0.219761	0.221687	-0.008708	-0.003840	0.950887	-0.309392	
 1687525640.155355	1687525640.105735	39.187376	-41.066112	-1.766578	0.291834	0.291902	0.242129	-0.014785	-0.003715	2.525511	0.264430	0.244680	0.249458	-0.007608	-0.000471	0.952906	-0.303170	
 1687525640.461402	1687525640.407469	39.159757	-41.133731	-1.753807	0.230935	0.230981	0.208770	-0.015090	-0.005857	2.570215	0.221536	0.210622	0.214874	-0.008064	0.000683	0.959443	-0.281788	
 1687525640.867675	1687525640.809749	39.144704	-41.194150	-1.737321	0.290790	0.290958	0.242276	-0.041107	-0.009600	2.583065	0.256632	0.245412	0.249702	-0.021078	-0.001052	0.961072	-0.275492	
 1687525641.273935	1687525641.213752	39.120930	-41.240370	-1.746299	0.294843	0.294913	0.244266	-0.007939	0.001272	2.583666	0.335280	0.248819	0.251987	-0.003641	-0.001704	0.961333	-0.275359	
 1687525641.677422	1687525641.629012	39.085406	-41.297092	-1.746180	0.297809	0.297995	0.245743	-0.036889	-0.005787	2.583663	0.252115	0.247663	0.253438	-0.018527	-0.002297	0.961188	-0.275261	
 1687525642.080665	1687525642.032023	39.016777	-41.371464	-1.747395	0.296911	0.296961	0.244961	-0.046753	-0.010916	2.573876	0.321090	0.247552	0.252832	-0.023967	-0.001308	0.959741	-0.279859	
 1687525642.383458	1687525642.334173	38.929168	-41.429274	-1.727870	0.237825	0.237862	0.213488	-0.047870	-0.018528	2.564568	0.320988	0.218683	0.219861	-0.025577	0.002069	0.958416	-0.284220	
 1687525642.689960	1687525642.636021	38.838560	-41.504923	-1.728439	0.238818	0.238850	0.213678	-0.034781	-0.011452	2.565913	0.318212	0.228500	0.220034	-0.018299	0.000553	0.958727	-0.283739	
 1687525642.997214	1687525642.937526	38.752144	-41.576471	-1.724006	0.235734	0.235738	0.211908	-0.040324	-0.005570	2.542738	0.269149	0.218192	0.217790	-0.020085	-0.003286	0.955324	-0.294858	
 1687525643.301538	1687525643.241100	38.669463	-41.644984	-1.733873	0.239483	0.239508	0.214246	-0.034259	0.000110	2.537209	0.293478	0.216523	0.220232	-0.016336	-0.005150	0.954546	-0.297571	
 1687525643.609294	1687525643.543754	38.582927	-41.746421	-1.755069	0.236969	0.237010	0.212647	-0.031142	0.003921	2.534891	0.273827	0.214172	0.218577	-0.014274	-0.006522	0.954214	-0.298712	
 1687525644.012541	1687525643.946819	38.502742	-41.810120	-1.775664	0.291588	0.291697	0.241829	-0.024002	0.008785	2.503323	0.301020	0.245126	0.249083	-0.010017	-0.007936	0.949413	-0.313770	
 1687525644.416496	1687525644.349944	38.410870	-41.911086	-1.788737	0.291015	0.291082	0.242359	-0.001528	-0.004485	2.553912	0.278691	0.249640	0.249749	-0.001381	0.001925	0.957137	-0.289628	
 1687525644.720622	1687525644.651883	38.304611	-41.970779	-1.785284	0.233077	0.233071	0.211334	-0.023121	0.019554	2.518281	0.212219	0.213112	0.216559	-0.008005	-0.012850	0.951683	-0.306708	
 1687525645.124406	1687525645.054461	38.196496	-42.064204	-1.789598	0.292438	0.292529	0.242843	-0.021501	0.020309	2.503926	0.277539	0.269197	0.249878	-0.007025	-0.013012	0.949464	-0.313529	
 1687525645.433228	1687525645.356530	38.092276	-42.132660	-1.801607	0.239024	0.239000	0.214520	-0.016195	0.033846	2.466731	0.242190	0.239967	0.220237	-0.002038	-0.018648	0.943397	-0.331135	
 1687525645.736665	1687525645.658809	37.985555	-42.194285	-1.814585	0.240580	0.240638	0.214863	-0.012717	0.034215	2.480169	0.231723	0.280827	0.220638	-0.000458	-0.018244	0.945619	-0.324765	
 1687525646.143761	1687525646.061752	37.874829	-42.279560	-1.823393	0.287665	0.287780	0.240232	-0.015055	0.027969	2.495017	0.252815	0.315805	0.247455	-0.002694	-0.015650	0.948043	-0.317746	
 1687525646.448993	1687525646.364406	37.783378	-42.336898	-1.834250	0.239132	0.239137	0.214231	-0.011225	0.029316	2.477766	0.229567	0.262869	0.220212	-0.000530	-0.015686	0.945277	-0.325890	
 1687525646.858192	1687525646.790603	37.682860	-42.408243	-1.836560	0.293887	0.293983	0.243233	-0.029266	0.021536	2.500474	0.253540	0.300315	0.250562	-0.010493	-0.014829	0.948853	-0.315195	
 1687525647.265744	1687525647.196322	37.591022	-42.454334	-1.835055	0.297594	0.297636	0.245162	-0.032382	0.015608	2.499610	0.305347	0.279396	0.252890	-0.012901	-0.012512	0.948730	-0.315576	
 1687525647.574009	1687525647.498873	37.499902	-42.516469	-1.827503	0.241289	0.241312	0.215520	-0.027244	0.012714	2.521353	0.277127	0.231533	0.221990	-0.011032	-0.010210	0.952163	-0.305221	
 1687525647.879651	1687525647.801681	37.426701	-42.554225	-1.820890	0.235967	0.235977	0.212001	-0.026235	0.013571	2.514464	0.258476	0.223542	0.218136	-0.010384	-0.010500	0.951109	-0.308502	
 1687525648.283502	1687525648.204544	37.359910	-42.584624	-1.817061	0.293199	0.293292	0.242753	-0.026920	0.004934	2.550884	0.292934	0.257830	0.250316	-0.012159	-0.006278	0.956600	-0.291083	
 1687525648.591405	1687525648.506731	37.300571	-42.634803	-1.817060	0.237756	0.237765	0.213142	-0.024811	0.007245	2.614858	0.254443	0.216092	0.219584	-0.011034	-0.006727	0.965426	-0.260355	
 1687525648.895633	1687525648.808119	37.250212	-42.663672	-1.814922	0.239094	0.239120	0.213921	-0.021788	0.007163	2.652521	0.251540	0.218421	0.220148	-0.009703	-0.006112	0.970177	-0.242128	
 1687525649.299715	1687525649.211018	37.197304	-42.671148	-1.807993	0.292272	0.292374	0.241980	-0.005331	0.007165	2.653939	0.276049	0.247236	0.249539	-0.001722	-0.004120	0.970409	-0.241425	
 1687525649.604535	1687525649.514016	37.156442	-42.709096	-1.766554	0.239842	0.239993	0.214703	-0.086509	-0.005067	2.748307	0.218072	0.219427	0.221207	-0.042902	-0.005966	0.979829	-0.195087	
 1687525650.011258	1687525649.916338	37.137942	-42.724649	-1.762634	0.291402	0.291394	0.242692	-0.034885	0.014776	2.783694	0.662147	0.245466	0.250126	-0.015848	-0.010374	0.983832	-0.178091	
 1687525650.419770	1687525650.419682	37.093812	-42.724625	-1.775353	0.292452	0.292629	0.243143	-0.030725	0.015279	2.798854	0.326687	0.257735	0.250712	-0.013834	-0.010146	0.985187	-0.170622	
 1687525650.828307	1687525650.823540	37.059529	-42.741290	-1.780586	0.297815	0.298086	0.245803	-0.027367	0.014799	2.843603	0.313655	0.262221	0.253656	-0.012433	-0.009348	0.988786	-0.148526	
 1687525651.132918	1687525651.125788	37.035560	-42.728932	-1.792217	0.235477	0.235523	0.212060	-0.002795	0.008237	2.859533	0.260758	0.225685	0.218172	-0.000805	-0.004274	0.990062	-0.140567	
 1687525651.436354	1687525651.428360	37.018059	-42.721844	-1.784089	0.240198	0.240357	0.214648	-0.015370	0.009001	2.882061	0.216800	0.220123	0.220971	-0.007038	-0.005457	0.991548	-0.129431	
 1687525651.840165	1687525651.830977	36.998533	-42.716223	-1.784600	0.291483	0.291560	0.241987	0.010449	0.001067	2.881732	0.260583	0.248723	0.249705	0.005249	0.000148	0.991558	-0.129561	
 1687525652.243288	1687525652.235883	36.997971	-42.726562	-1.768690	0.290381	0.290595	0.242405	-0.018495	0.007040	2.963658	0.252350	0.244168	0.249964	-0.008898	-0.004328	0.995993	-0.088878	
 1687525652.551838	1687525652.537431	36.990185	-42.702833	-1.781918	0.236414	0.236339	0.212715	0.009143	0.008845	2.973459	0.234677	0.216259	0.218881	0.004927	-0.004023	0.996450	-0.083946	
 1687525652.861483	1687525652.839847	36.976989	-42.711370	-1.763386	0.240078	0.240158	0.214477	-0.046076	-0.004693	3.012561	0.221547	0.220264	0.220763	-0.023139	0.000856	0.997656	-0.064400	
 1687525653.268235	1687525653.242158	36.967286	-42.704167	-1.767729	0.297081	0.297010	0.244556	-0.011746	0.000673	3.047760	0.392539	0.247589	0.252191	-0.005851	-0.000612	0.998882	-0.046900	
 1687525653.574150	1687525653.543999	36.947438	-42.692690	-1.774789	0.239887	0.239889	0.214425	-0.005681	0.004123	3.068295	0.224446	0.215814	0.220846	-0.002763	-0.002164	0.999322	-0.036646	
 1687525653.882684	1687525653.845893	36.945435	-42.681795	-1.753388	0.237857	0.237924	0.213175	-0.048365	-0.003325	3.093063	0.216712	0.215367	0.219465	-0.024213	0.001075	0.999413	-0.024215	
 1687525654.190984	1687525654.147655	36.941910	-42.671226	-1.763327	0.238544	0.238488	0.213917	-0.018386	0.007435	3.137459	0.345571	0.215840	0.220114	-0.009185	-0.003736	0.999949	-0.002101	
 1687525654.495469	1687525654.449695	36.933922	-42.654757	-1.783237	0.238791	0.238788	0.213622	0.032129	0.004292	-3.122443	0.235347	0.217414	0.219929	0.016043	-0.002300	0.999823	0.009608	
 1687525654.902758	1687525654.853308	36.912578	-42.647725	-1.789864	0.290599	0.290725	0.241817	0.020251	0.002621	-3.115499	0.307261	0.243977	0.249194	0.010108	-0.001443	0.999863	0.013059	
 1687525655.208022	1687525655.155738	36.896317	-42.626645	-1.797889	0.239493	0.239535	0.214723	0.006274	0.010305	-3.076451	0.239890	0.216234	0.220991	0.002967	-0.005252	0.999451	0.032581	
 1687525655.513997	1687525655.457479	36.875990	-42.627511	-1.793719	0.235470	0.235493	0.211735	-0.014192	0.001135	-3.017518	0.215499	0.216994	0.217950	-0.007117	-0.000127	0.998051	0.061992	
 1687525655.925958	1687525655.862813	36.844063	-42.616957	-1.797587	0.295119	0.295144	0.243343	0.002035	-0.009867	-3.015758	0.258020	0.245210	0.251015	0.001326	0.004860	0.998009	0.062870	
 1687525656.230992	1687525656.164503	36.815734	-42.597564	-1.791419	0.241762	0.241795	0.215786	-0.001604	-0.004052	-2.978700	0.217949	0.221118	0.222363	-0.000635	0.002085	0.996683	0.081358	
 1687525656.537148	1687525656.468520	36.779481	-42.600671	-1.785754	0.238424	0.238402	0.213566	-0.005386	-0.012459	-2.933726	0.215683	0.215704	0.219988	-0.002032	0.006475	0.994579	0.103761	
 1687525656.942801	1687525656.872229	36.740651	-42.602562	-1.778654	0.292846	0.292802	0.242698	-0.009110	-0.006998	-2.925971	0.246746	0.250009	0.250375	-0.004152	0.003969	0.994176	0.107616	
 1687525657.246917	1687525657.174367	36.713519	-42.573241	-1.784735	0.239222	0.239217	0.214300	-0.010591	-0.002154	-2.908244	0.221017	0.217359	0.220808	-0.005134	0.001686	0.993186	0.116414	
 1687525657.552626	1687525657.488879	36.674719	-42.564303	-1.793873	0.237112	0.237095	0.212612	-0.010147	-0.003563	-2.853196	0.220922	0.214386	0.219126	-0.004765	0.002492	0.989606	0.143706	
 1687525657.856755	1687525657.790029	36.622354	-42.562918	-1.804074	0.237185	0.237112	0.212650	0.000995	-0.012815	-2.825723	0.220389	0.214275	0.218850	0.001499	0.006250	0.987534	0.157272	
 1687525658.262387	1687525658.191804	36.583708	-42.546243	-1.802648	0.287097	0.287073	0.239485	-0.011137	-0.014235	-2.835585	0.243719	0.246089	0.246687	-0.004418	0.007883	0.988271	0.152440	
 1687525658.668356	1687525658.594281	36.537060	-42.552488	-1.793763	0.295241	0.295202	0.244069	-0.016437	0.005216	-2.760901	0.252870	0.250314	0.251797	-0.008563	-0.001006	0.981906	0.189170	
 1687525658.974238	1687525658.896542	36.502748	-42.544194	-1.790813	0.241317	0.241268	0.215982	0.001359	0.002268	-2.744980	0.232135	0.218764	0.222246	0.000443	-0.001245	0.980401	0.197010	
 1687525659.381511	1687525659.298106	36.457471	-42.529037	-1.791863	0.291813	0.291772	0.242428	-0.005645	0.000649	-2.697266	0.248050	0.244465	0.249890	-0.002824	0.000305	0.975419	0.220339	
 1687525659.685456	1687525659.600590	36.408457	-42.510522	-1.800430	0.240164	0.240145	0.214765	-0.002422	0.000037	-2.668512	0.221602	0.216467	0.221301	-0.001182	0.000266	0.972154	0.234340	
 1687525660.091046	1687525660.003032	36.355928	-42.500083	-1.805246	0.291386	0.291361	0.241855	-0.009097	-0.004753	-2.650299	0.248577	0.243819	0.249542	-0.003834	0.003411	0.969965	0.243191	
 1687525660.496697	1687525660.406144	36.316938	-42.481371	-1.801695	0.297891	0.297863	0.245027	0.002655	-0.013299	-2.629900	0.255644	0.247463	0.252993	0.002967	0.006097	0.967429	0.253050	
 1687525660.800907	1687525660.708058	36.270321	-42.474076	-1.792593	0.241228	0.241223	0.215409	0.011823	-0.003589	-2.552818	0.222243	0.223155	0.222012	0.006178	0.000002	0.956965	0.290138	
 1687525661.204581	1687525661.111630	36.233255	-42.459926	-1.784919	0.294355	0.294336	0.243584	0.006060	-0.005924	-2.532793	0.258893	0.246765	0.251442	0.003779	0.001918	0.954021	0.299709	
 1687525661.511167	1687525661.514585	36.204709	-42.435174	-1.784473	0.236829	0.236824	0.212584	0.005366	-0.007498	-2.526980	0.221136	0.216032	0.219148	0.003691	0.002762	0.953145	0.302479	
 1687525661.915164	1687525661.918154	36.158272	-42.428093	-1.785425	0.296931	0.296921	0.244403	-0.016588	-0.001239	-2.447946	0.253714	0.249355	0.252339	-0.007589	0.003402	0.940423	0.339905	
 1687525662.319190	1687525662.320537	36.113846	-42.413380	-1.790856	0.293601	0.293598	0.243266	-0.001754	-0.011016	-2.449961	0.263948	0.245123	0.251158	0.001042	0.005479	0.940783	0.338964	
 1687525662.626468	1687525662.622487	36.066446	-42.389614	-1.780335	0.239143	0.239162	0.214039	-0.008022	-0.006727	-2.405487	0.220035	0.220527	0.220532	-0.002532	0.004581	0.933012	0.359807	
 1687525663.034755	1687525663.024602	36.015937	-42.380372	-1.762502	0.297283	0.297246	0.244758	-0.012978	-0.001853	-2.355981	0.254171	0.248225	0.252686	-0.005640	0.003340	0.923817	0.382779	
 1687525663.338357	1687525663.325792	35.979676	-42.362261	-1.762851	0.240031	0.240012	0.214783	0.011229	-0.005257	-2.365336	0.226762	0.216300	0.221292	0.006192	0.000308	0.925607	0.378436	
 1687525663.743943	1687525663.727863	35.959509	-42.334818	-1.766546	0.292902	0.292878	0.242786	-0.001745	-0.021855	-2.333402	0.256045	0.247006	0.250532	0.003494	0.010390	0.919400	0.393172	
 1687525664.047018	1687525664.029348	35.926483	-42.315209	-1.770517	0.239671	0.239663	0.214554	-0.017471	-0.015689	-2.282150	0.219709	0.235549	0.221141	-0.004673	0.010770	0.908991	0.416651	
 1687525664.352247	1687525664.333754	35.880821	-42.304425	-1.786433	0.236908	0.236897	0.212621	0.030922	-0.004311	-2.216375	0.226831	0.221959	0.218885	0.014797	-0.004971	0.894797	0.446200	
 1687525664.756391	1687525664.740411	35.853983	-42.278551	-1.795312	0.288852	0.288772	0.240400	0.020611	-0.007785	-2.208712	0.288295	0.244983	0.247619	0.010955	-0.001158	0.893139	0.449647	
 1687525665.160391	1687525665.143891	35.816200	-42.260604	-1.785161	0.279361	0.279313	0.236729	0.008513	-0.017470	-2.171943	0.260343	0.243350	0.244218	0.007837	0.005745	0.884732	0.465998	
 1687525665.569567	1687525665.547483	35.786440	-42.243624	-1.781095	0.283157	0.283118	0.238689	0.022830	-0.014543	-2.156576	0.247221	0.256970	0.246303	0.013496	0.001010	0.881108	0.472721	
 1687525665.975350	1687525665.951677	35.779569	-42.211608	-1.774264	0.293013	0.292975	0.243351	0.021905	-0.025404	-2.166798	0.273169	0.259903	0.251171	0.015625	0.006093	0.883496	0.468139	
 1687525666.379126	1687525666.354878	35.780154	-42.142601	-1.772165	0.291739	0.291664	0.242600	0.008117	-0.029502	-2.160883	0.271495	0.281851	0.250374	0.010527	0.011101	0.882091	0.470831	
 1687525666.684784	1687525666.657693	35.775652	-42.070657	-1.760626	0.242178	0.242175	0.216231	-0.003135	-0.026385	-2.162087	0.223981	0.259053	0.222956	0.004822	0.012378	0.882361	0.470385	
 1687525666.987496	1687525666.959762	35.768404	-41.985132	-1.782472	0.237587	0.237579	0.212728	0.024027	-0.032588	-2.155284	0.215790	0.243102	0.219288	0.018293	0.008664	0.880756	0.473137	
 1687525667.297146	1687525667.264394	35.746926	-41.910735	-1.785914	0.236629	0.236653	0.212041	0.011344	-0.032307	-2.149413	0.239841	0.261851	0.218445	0.012676	0.011506	0.879365	0.475840	
 1687525667.603139	1687525667.567186	35.736008	-41.825458	-1.779574	0.239042	0.239033	0.213556	0.005968	-0.031823	-2.155488	0.222438	0.257410	0.219997	0.010159	0.012603	0.880799	0.473213	
 1687525668.009795	1687525667.969473	35.727036	-41.754752	-1.769864	0.293043	0.293064	0.242331	0.026474	-0.038699	-2.145902	0.247674	0.288867	0.250004	0.020866	0.010678	0.878494	0.477177	
 1687525668.317360	1687525668.274718	35.725636	-41.633870	-1.770931	0.239249	0.239204	0.214066	0.024644	-0.030666	-2.155010	0.243629	0.275282	0.220550	0.018111	0.007669	0.880698	0.473269	
 1687525668.620769	1687525668.576519	35.712965	-41.536677	-1.764165	0.238098	0.238093	0.213899	0.007316	-0.018204	-2.147552	0.240157	0.255010	0.219844	0.007555	0.006256	0.878981	0.476756	
 1687525668.927004	1687525668.878975	35.696631	-41.436269	-1.781542	0.235127	0.235081	0.211465	0.037043	-0.026075	-2.147180	0.215875	0.226492	0.217277	0.022494	0.002624	0.878808	0.476638	
 1687525669.235647	1687525669.180899	35.669347	-41.338364	-1.801020	0.238140	0.238100	0.213191	0.002693	-0.019165	-2.123162	0.264833	0.243315	0.219374	0.005847	0.007710	0.873093	0.487458	
 1687525669.543082	1687525669.483619	35.619874	-41.250930	-1.790890	0.238409	0.238485	0.213556	0.027903	-0.010366	-2.130338	0.215814	0.228035	0.219790	0.014715	-0.002223	0.874809	0.484240	
 1687525669.847187	1687525669.787676	35.586192	-41.125316	-1.802480	0.235568	0.235547	0.211511	0.046346	-0.011705	-2.163739	0.237776	0.217203	0.217680	0.023204	-0.005717	0.882649	0.469425	
 1687525670.153219	1687525670.089347	35.535006	-41.042609	-1.785025	0.237280	0.237207	0.213235	0.026992	-0.004388	-2.130138	0.284997	0.220157	0.218888	0.012869	-0.004619	0.874755	0.484373	
 1687525670.462306	1687525670.392252	35.489273	-40.965894	-1.774050	0.236490	0.236503	0.212465	0.027561	-0.008779	-2.140844	0.238040	0.214942	0.218432	0.014196	-0.002760	0.877340	0.479651	
 1687525670.775903	1687525670.694114	35.447743	-40.888686	-1.771419	0.237401	0.237388	0.213071	0.031103	-0.014563	-2.135039	0.240720	0.217718	0.219237	0.017134	-0.001122	0.875932	0.482128	
 1687525671.182126	1687525671.098367	35.402860	-40.802658	-1.778919	0.293833	0.293785	0.242895	0.028695	-0.021005	-2.124289	0.281334	0.253541	0.250380	0.017644	0.002185	0.873337	0.486792	
 1687525671.484880	1687525671.402219	35.353803	-40.729263	-1.779451	0.241947	0.241944	0.216142	0.034824	-0.025591	-2.118412	0.247029	0.234245	0.222578	0.021444	0.002632	0.871872	0.489256	
 1687525671.888420	1687525671.806009	35.292516	-40.648503	-1.780534	0.292196	0.292138	0.242480	0.036620	-0.031467	-2.118844	0.290027	0.269926	0.250139	0.023663	0.004759	0.871960	0.488982	
 1687525672.296348	1687525672.209886	35.225039	-40.577428	-1.766006	0.288413	0.288353	0.241227	0.026430	-0.030736	-2.112931	0.294992	0.282230	0.248906	0.019063	0.006878	0.870543	0.491675	
 1687525672.600494	1687525672.512159	35.154290	-40.493427	-1.750247	0.241983	0.241993	0.216225	0.025878	-0.026689	-2.126686	0.243084	0.252181	0.222858	0.017791	0.005375	0.873918	0.485718	
 1687525673.006987	1687525672.917228	35.086293	-40.413562	-1.746876	0.287536	0.287532	0.240633	0.019214	-0.024195	-2.121544	0.268823	0.270508	0.248288	0.014289	0.005867	0.872685	0.488039	
 1687525673.313786	1687525673.219387	35.012778	-40.334265	-1.749534	0.240296	0.240339	0.214808	0.032332	-0.024394	-2.122226	0.227941	0.234525	0.221244	0.020060	0.002758	0.872816	0.487629	
 1687525673.617368	1687525673.568354	34.939884	-40.262462	-1.750099	0.239190	0.239192	0.213765	0.031167	-0.024180	-2.125067	0.249261	0.234135	0.220112	0.019495	0.002977	0.873513	0.486401	
 1687525673.920167	1687525673.871339	34.869595	-40.193429	-1.741988	0.235301	0.235306	0.211133	0.033593	-0.023834	-2.130356	0.244062	0.230853	0.217305	0.020464	0.002290	0.874787	0.484071	
 1687525674.225586	1687525674.172918	34.805139	-40.127617	-1.727084	0.236433	0.236433	0.212005	0.031838	-0.025295	-2.133185	0.251243	0.231596	0.218252	0.020045	0.003382	0.875476	0.482834	
 1687525674.534176	1687525674.476019	34.747341	-40.066667	-1.709699	0.237802	0.237834	0.213287	0.040155	-0.024301	-2.133423	0.246237	0.233458	0.219502	0.023445	0.000941	0.875494	0.482660	
 1687525674.838036	1687525674.778034	34.680500	-39.997891	-1.703246	0.236568	0.236538	0.212307	0.037195	-0.025525	-2.129078	0.264695	0.230807	0.218407	0.022450	0.002143	0.874458	0.484577	
 1687525675.144754	1687525675.080310	34.614848	-39.928996	-1.699464	0.236139	0.236115	0.211985	0.024899	-0.028970	-2.131384	0.260339	0.233792	0.218204	0.017902	0.006652	0.875052	0.483653	
 1687525675.549590	1687525675.495598	34.552282	-39.859606	-1.699794	0.291732	0.291760	0.242069	0.020919	-0.026418	-2.130864	0.267891	0.274851	0.249592	0.015545	0.006494	0.874941	0.483937	
 1687525676.257722	1687525676.210481	34.491062	-39.792916	-1.700240	0.285369	0.285375	0.239720	0.014170	-0.029607	-2.150095	0.258637	0.267662	0.247118	0.013273	0.009651	0.879544	0.475534	
 1687525676.564839	1687525676.513471	34.428591	-39.750614	-1.691512	0.241660	0.241674	0.215953	0.045230	-0.049230	-2.100411	0.224685	0.248981	0.222313	0.031850	0.010103	0.867318	0.496632	
 1687525676.868933	1687525676.815720	34.386452	-39.689334	-1.668713	0.238203	0.238206	0.213429	0.039759	-0.045433	-2.142863	0.285047	0.292590	0.219649	0.028321	0.010420	0.877703	0.478254	
 1687525677.174169	1687525677.117234	34.345539	-39.607961	-1.647170	0.236242	0.236216	0.212344	0.021008	-0.033682	-2.139001	0.264937	0.276658	0.218686	0.017303	0.009720	0.876873	0.480312	
 1687525677.477528	1687525677.419796	34.302015	-39.522538	-1.654942	0.236061	0.236054	0.212006	0.043711	-0.032337	-2.138941	0.227780	0.249024	0.218327	0.026930	0.003674	0.876792	0.480101	
 1687525677.883497	1687525677.822498	34.251835	-39.432336	-1.659613	0.290636	0.290576	0.241404	0.017284	-0.030692	-2.132957	0.307110	0.273388	0.248868	0.014980	0.009259	0.875433	0.483019	
 1687525678.287628	1687525678.227596	34.201076	-39.355907	-1.657970	0.296569	0.296640	0.244741	0.020555	-0.029328	-2.129120	0.257346	0.279413	0.252343	0.016097	0.007841	0.874509	0.484680	
 1687525678.594983	1687525678.528974	34.156187	-39.272641	-1.648199	0.237295	0.237346	0.213151	0.032651	-0.031465	-2.141632	0.227975	0.239989	0.219519	0.021865	0.005979	0.877490	0.479060	
 1687525678.900106	1687525678.831850	34.113081	-39.190770	-1.636120	0.237575	0.237572	0.213076	0.026223	-0.025532	-2.147988	0.249325	0.243297	0.219492	0.017609	0.004973	0.879044	0.476390	
 1687525679.305969	1687525679.258743	34.063068	-39.109317	-1.637049	0.291109	0.291121	0.242065	0.027417	-0.019534	-2.123613	0.267267	0.263288	0.249653	0.016729	0.001849	0.873179	0.487109	
 1687525679.612656	1687525679.560761	34.017874	-39.032725	-1.645823	0.236428	0.236409	0.212450	0.028276	-0.022349	-2.131864	0.238241	0.224038	0.218788	0.017777	0.002941	0.875174	0.483472	
 1687525680.018273	1687525679.966837	33.953778	-38.954620	-1.665279	0.295697	0.295590	0.243914	0.045306	-0.030857	-2.106889	0.274903	0.260746	0.251498	0.027313	0.002204	0.868978	0.494091	
 1687525680.421202	1687525680.370861	33.890888	-38.856003	-1.662680	0.292244	0.292174	0.242963	0.029270	-0.019824	-2.135469	0.308645	0.267967	0.250565	0.017599	0.001628	0.876044	0.481908	
 1687525680.824951	1687525680.776035	33.829661	-38.748853	-1.655289	0.293743	0.293694	0.243963	0.024712	-0.017754	-2.132844	0.274883	0.256136	0.251573	0.015106	0.001800	0.875429	0.483108	
 1687525681.229815	1687525681.178552	33.768190	-38.657225	-1.653508	0.296930	0.296918	0.245189	0.022289	-0.017272	-2.138392	0.269199	0.255952	0.252983	0.013923	0.002213	0.876773	0.480697	
 1687525681.535126	1687525681.481149	33.706841	-38.574101	-1.650654	0.239727	0.239763	0.214474	0.025479	-0.015741	-2.144780	0.231720	0.223354	0.220870	0.014951	0.000823	0.878295	0.477885	
 1687525681.939255	1687525681.884929	33.643099	-38.495215	-1.651452	0.291695	0.291726	0.242308	0.023294	-0.017277	-2.148801	0.266894	0.250485	0.249847	0.014354	0.002049	0.879260	0.476121	
 1687525682.344417	1687525682.290694	33.574445	-38.412317	-1.650948	0.293455	0.293457	0.243251	0.018471	-0.016698	-2.147254	0.264761	0.253388	0.250788	0.012099	0.002933	0.878905	0.476835	
 1687525682.652091	1687525682.592716	33.514714	-38.328666	-1.644683	0.242415	0.242437	0.215843	0.027821	-0.014263	-2.150808	0.229200	0.225001	0.222330	0.015627	-0.000339	0.879722	0.475231	
 1687525682.957273	1687525682.895373	33.460829	-38.237180	-1.633213	0.238986	0.239004	0.213575	0.026054	-0.010418	-2.149465	0.240593	0.219748	0.220048	0.013935	-0.001619	0.879409	0.475861	
 1687525683.360811	1687525683.301372	33.406385	-38.144433	-1.622172	0.294917	0.294918	0.243384	0.018040	-0.010903	-2.143503	0.269628	0.247601	0.251031	0.010529	0.000469	0.878015	0.478517	
 1687525683.764232	1687525683.704028	33.352473	-38.070029	-1.615688	0.295275	0.295269	0.244204	0.018481	-0.016011	-2.137429	0.259145	0.249317	0.251858	0.011952	0.002570	0.876553	0.481151	
 1687525684.172805	1687525684.108032	33.291931	-37.988978	-1.614417	0.295621	0.295698	0.244546	0.032293	0.002272	-2.162179	0.259651	0.253841	0.252252	0.013714	-0.008597	0.882346	0.470322	
 1687525684.481195	1687525684.429783	33.248620	-37.900074	-1.612084	0.241576	0.241561	0.215653	0.031165	-0.000789	-2.159015	0.256749	0.218099	0.222141	0.013925	-0.007003	0.881621	0.471700	
 1687525684.788692	1687525684.731844	33.192926	-37.820217	-1.612708	0.240479	0.240460	0.214665	0.031719	-0.003135	-2.141198	0.252284	0.216462	0.221204	0.014668	-0.006230	0.877388	0.479516	
 1687525685.192672	1687525685.136144	33.129385	-37.732163	-1.611134	0.295235	0.295200	0.243429	0.022229	-0.004260	-2.148529	0.285422	0.245380	0.251138	0.010787	-0.003422	0.879195	0.476328	
 1687525685.497352	1687525685.443302	33.066796	-37.642988	-1.605923	0.238079	0.238103	0.213422	0.027156	-0.003195	-2.152347	0.234207	0.215317	0.219821	0.012708	-0.005039	0.880076	0.474636	
 1687525685.800323	1687525685.745542	33.007630	-37.556321	-1.604347	0.237778	0.237787	0.213075	0.022640	-0.002127	-2.152706	0.242915	0.214828	0.219551	0.010468	-0.004436	0.880182	0.474500	
 1687525686.203816	1687525686.148368	32.944652	-37.471445	-1.606920	0.287365	0.287360	0.240011	0.017369	-0.011349	-2.156723	0.265054	0.241933	0.247570	0.010335	0.000894	0.881160	0.472704	
 1687525686.508815	1687525686.449766	32.885636	-37.393144	-1.603635	0.237939	0.237967	0.213136	0.027756	-0.011517	-2.155962	0.226414	0.218060	0.219483	0.014950	-0.001493	0.880943	0.472984	
 1687525686.912740	1687525686.852687	32.820430	-37.299735	-1.592576	0.287271	0.287279	0.240087	0.020476	-0.011809	-2.155757	0.273687	0.245129	0.247645	0.011813	0.000357	0.880923	0.473112	
 1687525687.220364	1687525687.155180	32.765579	-37.215006	-1.578942	0.236107	0.236139	0.212164	0.033236	-0.008293	-2.149761	0.230061	0.217333	0.218533	0.016588	-0.004260	0.879437	0.475707	
 1687525687.527893	1687525687.456755	32.714504	-37.119570	-1.573896	0.241167	0.241182	0.215340	0.025959	-0.006952	-2.144567	0.256348	0.217986	0.221899	0.013061	-0.003153	0.878237	0.478037	
 1687525687.833925	1687525687.767211	32.654833	-37.023638	-1.572826	0.238780	0.238776	0.213625	0.027539	-0.007581	-2.145963	0.238342	0.215964	0.220067	0.013907	-0.003245	0.878563	0.477412	
 1687525688.238077	1687525688.171151	32.599495	-36.948459	-1.574310	0.287389	0.287386	0.240273	0.028276	-0.010175	-2.151651	0.273207	0.243149	0.247780	0.014857	-0.002239	0.879917	0.474889	
 1687525688.544570	1687525688.474108	32.546245	-36.861745	-1.591825	0.237466	0.237480	0.213038	0.064537	-0.013209	-2.190339	0.243229	0.216450	0.219347	0.031704	-0.008904	0.888621	0.457458	
 1687525688.849056	1687525688.775843	32.460824	-36.777295	-1.579585	0.238461	0.238453	0.213547	0.008507	0.002654	-2.135528	0.346273	0.216718	0.219903	0.003087	-0.003213	0.876113	0.482085	
 1687525689.256497	1687525689.179153	32.397942	-36.693999	-1.571446	0.286232	0.286387	0.239878	0.020716	-0.002870	-2.179260	0.246170	0.241634	0.247116	0.009846	-0.003522	0.886414	0.462775	
 1687525689.561219	1687525689.480602	32.334096	-36.607865	-1.560316	0.241846	0.241913	0.215895	0.014809	-0.009563	-2.143242	0.233399	0.217276	0.222176	0.008789	0.000653	0.877961	0.478652	
 1687525689.969009	1687525689.907241	32.276735	-36.535001	-1.548706	0.292719	0.292793	0.242868	0.013158	-0.010645	-2.146642	0.254836	0.247124	0.250400	0.008321	0.001538	0.878775	0.477160	
 1687525690.373159	1687525690.310639	32.223990	-36.454554	-1.544873	0.296811	0.296924	0.245141	0.004954	-0.012424	-2.148838	0.254942	0.250082	0.252770	0.005137	0.004282	0.879301	0.476219	
 1687525690.676995	1687525690.613053	32.178176	-36.367198	-1.536609	0.238513	0.238557	0.213997	0.010877	-0.009241	-2.153544	0.217789	0.220197	0.220338	0.006979	0.001489	0.880421	0.474139	
 1687525691.080443	1687525691.018654	32.118042	-36.281421	-1.545481	0.293114	0.293166	0.243056	0.010579	-0.007938	-2.151990	0.250800	0.247219	0.250765	0.006540	0.000981	0.880054	0.474828	
 1687525691.483756	1687525691.422277	32.059976	-36.204465	-1.554982	0.297425	0.297417	0.244917	0.021184	-0.008322	-2.168845	0.252842	0.248593	0.252697	0.011308	-0.001272	0.883997	0.467354	
 1687525691.789171	1687525691.724796	32.004543	-36.132556	-1.557194	0.237897	0.237910	0.213280	0.026327	-0.005474	-2.168696	0.231421	0.216035	0.219526	0.012915	-0.003734	0.883936	0.467415	
 1687525692.194328	1687525692.129219	31.947950	-36.065528	-1.548692	0.295540	0.295534	0.243841	0.019585	-0.004801	-2.161662	0.274347	0.246146	0.251561	0.009770	-0.002490	0.882315	0.470551	
 1687525692.499924	1687525692.431782	31.908603	-35.996688	-1.537776	0.238558	0.238586	0.213882	0.042688	-0.010061	-2.175007	0.230984	0.215786	0.220195	0.021235	-0.005464	0.885306	0.464491	
 1687525692.804979	1687525692.734698	31.864858	-35.903905	-1.536090	0.238463	0.238439	0.213377	0.038085	-0.005804	-2.168639	0.278418	0.216094	0.219753	0.018189	-0.006337	0.883847	0.467379	
 1687525693.109390	1687525693.039281	31.817724	-35.816076	-1.536430	0.237636	0.237641	0.212790	0.023342	-0.002776	-2.151039	0.268118	0.214601	0.219166	0.010928	-0.004326	0.879784	0.475228	
 1687525693.513246	1687525693.445354	31.769128	-35.731542	-1.538459	0.292289	0.292266	0.242045	0.016070	-0.005348	-2.156957	0.267795	0.243976	0.249689	0.008344	-0.001442	0.881218	0.472634	
 1687525693.916837	1687525693.853316	31.702243	-35.638903	-1.534897	0.289583	0.289651	0.241673	0.018353	-0.002440	-2.150164	0.255250	0.244023	0.249251	0.008652	-0.003292	0.879597	0.475630	
 1687525694.220237	1687525694.157465	31.644645	-35.539911	-1.534532	0.238388	0.238426	0.213666	0.022310	-0.001308	-2.155578	0.229388	0.215361	0.220085	0.010136	-0.004703	0.880862	0.473241	
 1687525694.627829	1687525694.561862	31.591541	-35.421459	-1.534576	0.286731	0.286776	0.240122	0.017945	0.000216	-2.145924	0.263283	0.242092	0.247715	0.007832	-0.004380	0.878583	0.477506	
 1687525694.931752	1687525694.866177	31.547443	-35.316662	-1.531319	0.240876	0.240897	0.215109	0.022776	-0.003494	-2.142600	0.230307	0.216952	0.221610	0.010833	-0.003921	0.877775	0.478934	
 1687525695.340583	1687525695.284833	31.494526	-35.203475	-1.528886	0.286747	0.286768	0.239860	0.020296	-0.008538	-2.142049	0.263124	0.241859	0.247447	0.010952	-0.001116	0.877659	0.479158	
 1687525695.643990	1687525695.587894	31.439855	-35.119211	-1.522623	0.242105	0.242135	0.215798	0.022248	-0.003982	-2.145484	0.233179	0.218787	0.222305	0.010724	-0.003565	0.878468	0.477667	
 1687525696.052712	1687525695.989662	31.387584	-35.014558	-1.523905	0.281451	0.281486	0.237616	0.014673	0.001461	-2.169651	0.260404	0.239678	0.245081	0.006146	-0.004073	0.884195	0.467059	
 1687525696.356089	1687525696.291790	31.323380	-34.883399	-1.520751	0.243937	0.243959	0.216887	0.036604	-0.006287	-2.124001	0.228575	0.218798	0.223405	0.017514	-0.006170	0.873209	0.486992	
 1687525696.660781	1687525696.596495	31.277665	-34.776170	-1.511553	0.234894	0.234993	0.211442	0.031250	-0.007637	-2.101988	0.257682	0.212874	0.217405	0.015457	-0.004447	0.867835	0.496593	
 1687525697.067763	1687525697.000344	31.212186	-34.661994	-1.500667	0.293988	0.293964	0.243043	0.016582	-0.008716	-2.073580	0.281956	0.245600	0.250464	0.009354	-0.000469	0.860755	0.508933	
 1687525697.378249	1687525697.303739	31.160738	-34.560784	-1.508751	0.236135	0.236180	0.212408	0.024632	-0.020581	-2.124649	0.224652	0.215343	0.218630	0.015767	0.002992	0.873439	0.486670	
 1687525697.684108	1687525697.606306	31.082002	-34.483188	-1.513042	0.241573	0.241568	0.215384	0.026610	-0.025843	-2.120955	0.236854	0.226081	0.221839	0.017919	0.004776	0.872523	0.488222	
 1687525698.087572	1687525698.010314	31.021420	-34.383964	-1.501031	0.291232	0.291229	0.241795	-0.004115	-0.022553	-2.248974	0.267816	0.259531	0.249299	0.003012	0.011060	0.901977	0.431632	
 1687525698.495028	1687525698.414237	30.941453	-34.307236	-1.485348	0.290345	0.290444	0.242074	-0.003814	-0.013570	-2.149457	0.247897	0.261315	0.249449	0.001552	0.006875	0.879433	0.475970	
 1687525698.802395	1687525698.715630	30.866139	-34.240139	-1.474538	0.239125	0.239093	0.214574	0.004270	-0.015530	-2.185952	0.218885	0.221335	0.220750	0.005467	0.005914	0.887978	0.459815	
 1687525699.209035	1687525699.119408	30.782088	-34.168060	-1.470042	0.291562	0.291537	0.242180	0.027669	-0.021466	-2.144584	0.246752	0.251867	0.249644	0.017281	0.002812	0.878235	0.477909	
 1687525699.614145	1687525699.523658	30.707999	-34.061888	-1.460983	0.294451	0.294342	0.243506	0.025506	-0.013435	-2.150442	0.274347	0.256720	0.250864	0.014413	-0.000155	0.879645	0.475413	
 1687525700.017416	1687525699.929552	30.655690	-33.969690	-1.454220	0.296135	0.296003	0.244869	0.020068	-0.022786	-2.113347	0.275017	0.251032	0.252659	0.014339	0.004985	0.870680	0.491615	
 1687525700.423582	1687525700.331499	30.588807	-33.874154	-1.450895	0.292784	0.292714	0.243146	0.015943	-0.027050	-2.107593	0.261423	0.260105	0.250961	0.013613	0.007817	0.869252	0.494120	
 1687525700.731912	1687525700.685050	30.540532	-33.776992	-1.442229	0.240507	0.240495	0.214778	0.021964	-0.024016	-2.141612	0.225907	0.237384	0.221326	0.015393	0.005273	0.877534	0.479238	
 1687525701.036320	1687525700.987257	30.477792	-33.693724	-1.436109	0.241545	0.241536	0.215259	0.022919	-0.021896	-2.131503	0.234356	0.232084	0.221877	0.015325	0.004036	0.875104	0.483676	
 1687525701.343012	1687525701.290647	30.411464	-33.610234	-1.430386	0.236829	0.236785	0.212268	0.031994	-0.022933	-2.155080	0.231484	0.224782	0.218566	0.019517	0.002524	0.880712	0.473243	
 1687525701.646647	1687525701.593477	30.351692	-33.536639	-1.425021	0.238999	0.238985	0.213542	0.031063	-0.027526	-2.142302	0.250641	0.226976	0.219864	0.020224	0.004638	0.877666	0.478823	
 1687525702.051147	1687525701.996746	30.296775	-33.467825	-1.418658	0.289647	0.289569	0.241022	0.026550	-0.030177	-2.127222	0.279784	0.263255	0.248568	0.018930	0.006740	0.874036	0.485446	
 1687525702.355070	1687525702.300621	30.242617	-33.385341	-1.417238	0.238811	0.238823	0.214003	0.040490	-0.006706	-2.121417	0.239598	0.239086	0.220365	0.019303	-0.006958	0.872551	0.488092	
 1687525702.659446	1687525702.605653	30.198963	-33.294185	-1.418871	0.236363	0.236289	0.212266	0.033997	-0.011026	-2.129078	0.273870	0.214093	0.218641	0.017538	-0.003421	0.874471	0.484748	
 1687525703.065836	1687525703.008352	30.136546	-33.186315	-1.416234	0.291343	0.291225	0.241675	0.025818	-0.014833	-2.116015	0.289324	0.245290	0.249265	0.014886	0.000129	0.871330	0.490472	
 1687525703.369279	1687525703.312063	30.061968	-33.096015	-1.406551	0.238863	0.238922	0.214100	0.043923	0.005901	-2.101757	0.240171	0.220022	0.220468	0.017593	-0.013470	0.867615	0.496743	
 1687525703.674673	1687525703.614834	30.020258	-32.968664	-1.398563	0.236836	0.236836	0.212584	0.022986	-0.010783	-2.143010	0.285741	0.217460	0.218948	0.012671	-0.000770	0.877881	0.478710	
 1687525704.078015	1687525704.018367	29.965362	-32.831247	-1.399300	0.292971	0.293002	0.242845	0.019965	-0.001740	-2.089290	0.267231	0.246938	0.250434	0.009069	-0.004261	0.864707	0.502176	
 1687525704.488220	1687525704.422534	29.911228	-32.738156	-1.405047	0.293604	0.293675	0.243369	0.021560	-0.013069	-2.113894	0.265321	0.245212	0.251065	0.012599	0.000392	0.870824	0.491433	
 1687525704.894273	1687525704.825861	29.854960	-32.611675	-1.401778	0.298950	0.298989	0.245839	0.031289	-0.018538	-2.124941	0.268357	0.251735	0.253823	0.018176	0.000482	0.873487	0.486508	
 1687525705.304826	1687525705.228256	29.803093	-32.512519	-1.396919	0.295015	0.294994	0.244586	0.035222	-0.019725	-2.102445	0.288266	0.254771	0.252490	0.020181	-0.000184	0.867940	0.496258	
 1687525705.609006	1687525705.532007	29.740174	-32.375164	-1.397503	0.242622	0.242635	0.216537	0.033797	-0.017958	-2.106003	0.264832	0.226209	0.223273	0.019126	-0.000563	0.868829	0.494743	
 1687525705.915195	1687525705.872427	29.690426	-32.271070	-1.405611	0.237003	0.237176	0.213007	0.032709	-0.020513	-2.103483	0.253895	0.219883	0.218905	0.019286	0.000792	0.868210	0.495822	
 1687525706.218680	1687525706.176116	29.630450	-32.179315	-1.407975	0.237739	0.237742	0.212650	0.036758	-0.031670	-2.112627	0.251980	0.222634	0.218735	0.023788	0.004740	0.870434	0.491687	
 1687525706.622405	1687525706.580585	29.565084	-32.067015	-1.396319	0.292082	0.292114	0.241849	0.037621	-0.035071	-2.130617	0.293031	0.268305	0.249482	0.024944	0.006232	0.874809	0.483786	
 1687525706.926681	1687525706.882592	29.508279	-31.989984	-1.383823	0.239354	0.239434	0.214531	0.045540	-0.038825	-2.115931	0.261308	0.243774	0.220794	0.029357	0.005741	0.871186	0.490041	
 1687525707.230942	1687525707.186638	29.458827	-31.915019	-1.375138	0.235967	0.235996	0.211942	0.033011	-0.032946	-2.129201	0.277114	0.244783	0.218193	0.022419	0.006403	0.874489	0.484484	
 1687525707.641684	1687525707.591583	29.410973	-31.813021	-1.366782	0.291942	0.291980	0.242174	0.014151	-0.030464	-2.118744	0.281443	0.270381	0.249821	0.013624	0.009820	0.871978	0.489257	
 1687525708.046490	1687525707.995886	29.365726	-31.737100	-1.365325	0.298112	0.298218	0.245309	0.027620	-0.033361	-2.116425	0.255500	0.275252	0.253141	0.020212	0.007763	0.871389	0.490115	
 1687525708.454180	1687525708.404040	29.309246	-31.645689	-1.358126	0.292669	0.292629	0.243523	0.031990	-0.035232	-2.121988	0.273112	0.275436	0.251386	0.022553	0.007569	0.872731	0.487621	
 1687525708.767714	1687525708.707194	29.237007	-31.582750	-1.362905	0.241380	0.241381	0.215798	0.042764	-0.044558	-2.117915	0.250656	0.247089	0.222241	0.029544	0.008949	0.871663	0.489133	
 1687525709.071806	1687525709.009497	29.158549	-31.488872	-1.359606	0.243119	0.243123	0.216245	0.042025	-0.037343	-2.114301	0.270636	0.259806	0.222744	0.027468	0.005936	0.870808	0.490820	
 1687525709.381265	1687525709.310473	29.100727	-31.407684	-1.344789	0.239780	0.239834	0.214251	0.042316	-0.033957	-2.089122	0.269839	0.244579	0.220376	0.026817	0.004052	0.864566	0.501786	
 1687525709.786193	1687525709.714320	29.047833	-31.320701	-1.321205	0.290393	0.290279	0.241570	0.020034	-0.048990	-2.088444	0.304486	0.267978	0.248860	0.020966	0.016141	0.864354	0.502187	
 1687525710.092070	1687525710.016756	28.976631	-31.221967	-1.308698	0.238830	0.238867	0.213949	0.031164	-0.046426	-2.102670	0.225865	0.269365	0.220295	0.025043	0.012414	0.867927	0.495905	
 1687525710.398508	1687525710.320342	28.906179	-31.138212	-1.310598	0.239160	0.239186	0.214015	0.039100	-0.040671	-2.106287	0.242224	0.263021	0.220329	0.027044	0.007995	0.868834	0.494300	
 1687525710.702448	1687525710.624270	28.835856	-31.057645	-1.311278	0.238345	0.238357	0.213413	0.037026	-0.035238	-2.113518	0.258626	0.248108	0.219756	0.024779	0.006238	0.870642	0.491252	
 1687525711.105638	1687525711.027533	28.767241	-30.961073	-1.312287	0.291127	0.291105	0.241964	0.030686	-0.030867	-2.113005	0.286433	0.269411	0.249402	0.020947	0.005889	0.870551	0.491597	
 1687525711.509064	1687525711.459545	28.704565	-30.889215	-1.310135	0.293655	0.293588	0.243507	0.027058	-0.043130	-2.101672	0.277712	0.267121	0.251017	0.022451	0.011992	0.867703	0.496432	
 1687525711.814443	1687525711.765317	28.631990	-30.804817	-1.299617	0.238780	0.238820	0.213853	0.057606	-0.028710	-2.096829	0.234969	0.254448	0.220299	0.032115	-0.001933	0.866391	0.498329	
 1687525712.218306	1687525712.168920	28.584888	-30.723868	-1.274600	0.291919	0.291746	0.242461	0.031106	-0.033071	-2.104215	0.358912	0.257401	0.249957	0.021701	0.006649	0.868374	0.495391	
 1687525712.621688	1687525712.571336	28.530974	-30.611165	-1.264217	0.296773	0.296665	0.245204	0.028475	-0.037055	-2.098550	0.279528	0.271745	0.252943	0.021571	0.008970	0.866957	0.497835	
 1687525713.024922	1687525712.978301	28.467036	-30.530708	-1.265829	0.294839	0.294798	0.244274	0.013311	-0.045229	-2.098841	0.274405	0.281127	0.252073	0.017032	0.016294	0.866969	0.497805	
 1687525713.430325	1687525713.382166	28.398332	-30.433248	-1.263758	0.290949	0.291016	0.242505	0.015470	-0.035568	-2.118468	0.250810	0.301112	0.250290	0.015449	0.011720	0.871884	0.489328	
 1687525713.835449	1687525713.787150	28.346509	-30.348676	-1.259005	0.297449	0.297549	0.245207	0.003805	-0.024333	-2.107808	0.256406	0.284123	0.253143	0.007666	0.009637	0.869305	0.494123	
 1687525714.139992	1687525714.090670	28.305115	-30.291284	-1.249208	0.241122	0.241128	0.215289	0.006294	-0.027362	-2.106464	0.219858	0.234594	0.221833	0.009503	0.010332	0.868963	0.494679	
 1687525714.543932	1687525714.497207	28.259105	-30.230501	-1.236996	0.295002	0.295003	0.243547	0.006837	-0.029157	-2.122446	0.249432	0.270902	0.251354	0.010095	0.011058	0.872879	0.487707	
 1687525714.847913	1687525714.800267	28.213507	-30.141351	-1.226959	0.238312	0.238319	0.213523	0.008347	-0.014587	-2.141363	0.218744	0.241208	0.220123	0.007159	0.004399	0.877511	0.479483	
 1687525715.253457	1687525715.205739	28.177178	-30.084073	-1.228431	0.292797	0.292772	0.242852	-0.001235	-0.011593	-2.133360	0.250367	0.251372	0.250685	0.002259	0.005374	0.875585	0.483029	
 1687525715.657084	1687525715.611048	28.132560	-30.007777	-1.233751	0.297949	0.297940	0.245176	0.009728	-0.014136	-2.146729	0.250797	0.251928	0.253136	0.007647	0.003891	0.878795	0.477122	
 1687525715.960732	1687525715.914794	28.089373	-29.965879	-1.236549	0.238693	0.238635	0.213848	0.028908	-0.018397	-2.146195	0.220843	0.220460	0.220054	0.017090	0.001182	0.878618	0.477218	
 1687525716.267565	1687525716.217827	28.047697	-29.922104	-1.224783	0.238613	0.238604	0.213479	0.001478	-0.017717	-2.140775	0.245890	0.221682	0.219602	0.004898	0.007417	0.877355	0.479759	
 1687525716.673102	1687525716.641879	28.003824	-29.844335	-1.214796	0.288686	0.288744	0.240834	0.004373	-0.007062	-2.121759	0.246166	0.253297	0.248353	0.003632	0.002014	0.872781	0.488094	
 1687525716.976928	1687525716.943733	27.974314	-29.791773	-1.214056	0.238827	0.238799	0.214290	0.002072	-0.013603	-2.110706	0.218836	0.216759	0.220249	0.004254	0.005407	0.870057	0.492903	
 1687525717.383202	1687525717.347119	27.930014	-29.702141	-1.219534	0.293774	0.293758	0.243010	0.014898	-0.010955	-2.126105	0.248223	0.251216	0.250345	0.009172	0.001165	0.873826	0.486151	
 1687525717.789972	1687525717.750340	27.881179	-29.643635	-1.224353	0.295666	0.295614	0.244388	0.024090	-0.020631	-2.120386	0.258517	0.249344	0.252251	0.015549	0.003113	0.872401	0.488534	
 1687525718.196867	1687525718.152440	27.807262	-29.565526	-1.227867	0.299532	0.299522	0.246096	0.025001	-0.015836	-2.093782	0.273657	0.259398	0.254092	0.014784	0.000602	0.865827	0.500125	
 1687525718.503659	1687525718.460392	27.752325	-29.500777	-1.225444	0.237735	0.237807	0.213756	0.024587	-0.016601	-2.087681	0.241105	0.220387	0.219947	0.014799	0.000992	0.864298	0.502761	
 1687525718.807705	1687525718.764352	27.701261	-29.432539	-1.233096	0.240704	0.240686	0.214882	0.043018	-0.013708	-2.100299	0.240245	0.222023	0.221042	0.022066	-0.004754	0.867350	0.497187	
 1687525719.214601	1687525719.169843	27.648231	-29.334217	-1.230912	0.294977	0.294940	0.243305	0.033705	-0.016476	-2.109852	0.327100	0.247682	0.250959	0.018721	-0.001148	0.869779	0.493085	
 1687525719.620158	1687525719.577306	27.592352	-29.242501	-1.228631	0.296240	0.296223	0.244709	0.026714	-0.030739	-2.099149	0.292973	0.251547	0.252625	0.019234	0.006677	0.867134	0.497659	
 1687525719.924270	1687525719.881039	27.542455	-29.177109	-1.224045	0.240048	0.240104	0.214909	0.026104	-0.027901	-2.099929	0.241108	0.239092	0.221296	0.018261	0.005606	0.867338	0.497353	
 1687525720.229925	1687525720.182642	27.499477	-29.112886	-1.222743	0.237147	0.237178	0.212589	0.021577	-0.026292	-2.107664	0.238094	0.232333	0.218988	0.015874	0.006096	0.869268	0.494049	
 1687525720.634794	1687525720.585932	27.451882	-29.028700	-1.223184	0.287697	0.287743	0.240308	0.001884	-0.026686	-2.116334	0.260234	0.259902	0.247984	0.007365	0.011166	0.871386	0.490416	
 1687525721.037768	1687525720.989850	27.409506	-28.979327	-1.229316	0.294049	0.294110	0.243517	0.005842	-0.028862	-2.117192	0.249006	0.269111	0.251420	0.009618	0.011147	0.871595	0.490006	
 1687525721.441102	1687525721.395308	27.341537	-28.916779	-1.239538	0.298098	0.298226	0.245271	0.042470	-0.022645	-2.096146	0.250991	0.273437	0.253204	0.024048	-0.000792	0.866332	0.498889	
 1687525721.743963	1687525721.701112	27.302895	-28.864346	-1.224877	0.239173	0.239229	0.214380	0.022780	-0.029451	-2.085635	0.279241	0.224282	0.220659	0.017256	0.006981	0.863762	0.503556	
 1687525722.149909	1687525722.117992	27.253079	-28.787583	-1.208800	0.292643	0.292644	0.242781	0.017563	-0.028430	-2.096264	0.263927	0.266272	0.250334	0.014704	0.007933	0.866434	0.499013	
 1687525722.554481	1687525722.520682	27.220428	-28.723422	-1.199959	0.295605	0.295624	0.244288	0.017511	-0.024399	-2.109920	0.259018	0.269025	0.252188	0.013633	0.006293	0.869835	0.493114	
 1687525722.961502	1687525722.923713	27.170150	-28.643799	-1.195810	0.297382	0.297375	0.245231	0.016293	-0.029003	-2.118524	0.260829	0.264506	0.253266	0.014201	0.008657	0.871932	0.489345	
 1687525723.264198	1687525723.225974	27.127398	-28.593310	-1.194220	0.241595	0.241666	0.215716	0.037258	-0.017154	-2.094086	0.227073	0.238931	0.222242	0.020419	-0.001890	0.865846	0.499890	
 1687525723.670950	1687525723.630284	27.069671	-28.510562	-1.197132	0.293382	0.293332	0.242814	0.023379	-0.017968	-2.106780	0.300694	0.249665	0.250464	0.014602	0.002026	0.869063	0.494482	
 1687525724.079179	1687525724.035906	27.022200	-28.413811	-1.190558	0.298844	0.298851	0.245653	0.020008	-0.016955	-2.109795	0.271525	0.255314	0.253672	0.012884	0.002439	0.869817	0.493201	
 1687525724.386667	1687525724.338233	26.970708	-28.350323	-1.186402	0.241473	0.241499	0.215973	0.033227	-0.023182	-2.109553	0.233520	0.223610	0.222055	0.020167	0.001884	0.869706	0.493153	
 1687525724.693445	1687525724.646335	26.927801	-28.288493	-1.172435	0.241260	0.241300	0.215234	0.016439	-0.022556	-2.110753	0.256218	0.227488	0.221431	0.012710	0.005761	0.870047	0.492771	
 1687525725.104531	1687525725.048868	26.881298	-28.208326	-1.163747	0.292569	0.292652	0.242441	0.001494	-0.019346	-2.117611	0.256366	0.258299	0.250156	0.005390	0.008066	0.871734	0.489884	
 1687525725.407791	1687525725.351153	26.842063	-28.146896	-1.163774	0.243970	0.244018	0.217323	0.017087	-0.019031	-2.115298	0.221848	0.230517	0.223756	0.012114	0.004096	0.871172	0.490811	
 1687525725.716167	1687525725.655577	26.799065	-28.080189	-1.164581	0.236658	0.236680	0.212480	0.027016	-0.020812	-2.120240	0.225923	0.222577	0.218572	0.016869	0.002475	0.872356	0.488574	
 1687525726.021912	1687525725.959046	26.753562	-28.007869	-1.162902	0.236177	0.236218	0.212195	0.027640	-0.025913	-2.119000	0.240697	0.222719	0.218253	0.018390	0.004537	0.872042	0.489064	
 1687525726.426078	1687525726.362904	26.691949	-27.897175	-1.163585	0.285996	0.286027	0.239426	0.014467	-0.022664	-2.103968	0.271404	0.258025	0.246837	0.011900	0.006254	0.868371	0.495733	
 1687525726.733029	1687525726.665428	26.642125	-27.811444	-1.161100	0.237720	0.237817	0.213804	0.026730	-0.019215	-2.092630	0.223733	0.228362	0.219584	0.016378	0.001623	0.865531	0.500585	
 1687525727.137355	1687525727.068426	26.582706	-27.689023	-1.165613	0.290282	0.290276	0.241515	0.024391	-0.022903	-2.106606	0.273191	0.251637	0.248637	0.016262	0.003919	0.869009	0.494513	
 1687525727.541034	1687525727.506428	26.531848	-27.612320	-1.165146	0.294414	0.294481	0.243928	0.026988	-0.023967	-2.100803	0.271315	0.259548	0.251836	0.017664	0.003687	0.867562	0.497001	
 1687525727.846709	1687525727.830076	26.465876	-27.504923	-1.168573	0.238079	0.238118	0.213671	0.030492	-0.027682	-2.114034	0.241287	0.227656	0.220201	0.020077	0.004560	0.870812	0.491184	
 1687525728.252242	1687525728.238599	26.409324	-27.433497	-1.175183	0.293454	0.293496	0.243043	0.023919	-0.027623	-2.102599	0.282733	0.264718	0.250893	0.017237	0.006051	0.868006	0.496217	
 1687525728.658366	1687525728.640921	26.347449	-27.319568	-1.176874	0.297542	0.297617	0.245022	0.056138	-0.014098	-2.100347	0.267584	0.264605	0.252832	0.027851	-0.007848	0.867245	0.497041	
 1687525729.067064	1687525729.044293	26.293474	-27.202905	-1.159087	0.297361	0.297289	0.245371	0.000538	-0.032569	-2.087046	0.362791	0.248435	0.253115	0.008426	0.013937	0.864070	0.503108	
 1687525729.369812	1687525729.347514	26.233873	-27.116732	-1.151004	0.241597	0.241744	0.216622	0.018218	-0.035404	-2.105803	0.220799	0.247105	0.222192	0.016676	0.010870	0.868771	0.494814	
 1687525729.672649	1687525729.651138	26.176841	-27.036888	-1.151173	0.237341	0.237400	0.212836	0.023832	-0.036796	-2.114634	0.224916	0.243402	0.218604	0.019413	0.010171	0.870939	0.490902	
 1687525729.977719	1687525729.953934	26.125237	-26.959370	-1.149147	0.235384	0.235501	0.211500	0.018890	-0.030039	-2.115160	0.229640	0.242141	0.217612	0.015601	0.008447	0.871102	0.490781	
 1687525730.385738	1687525730.357356	26.066401	-26.849702	-1.148788	0.292008	0.292125	0.241948	0.000156	-0.018988	-2.116264	0.257012	0.266013	0.249494	0.004725	0.008235	0.871402	0.490478	
 1687525730.691848	1687525730.660900	26.008714	-26.794861	-1.148864	0.242395	0.242420	0.216533	0.018403	-0.027155	-2.117099	0.221043	0.227600	0.222437	0.014674	0.007324	0.871590	0.489962	
 1687525731.001694	1687525730.966832	25.950205	-26.741773	-1.145111	0.237840	0.237864	0.213059	0.034922	-0.025035	-2.118072	0.226078	0.230440	0.218752	0.021351	0.002362	0.871790	0.489409	
 1687525731.314584	1687525731.293120	25.890922	-26.646041	-1.130235	0.241356	0.241380	0.215492	0.033902	-0.017839	-2.109811	0.254439	0.227298	0.221579	0.019143	-0.000604	0.869769	0.493088	
 1687525731.720113	1687525731.701722	25.848004	-26.574459	-1.124218	0.295990	0.295956	0.244082	0.016780	-0.018619	-2.096865	0.291128	0.251375	0.251581	0.011915	0.003882	0.866613	0.498823	
 1687525732.125426	1687525732.112784	25.790593	-26.481557	-1.123653	0.290429	0.290440	0.242135	0.016766	-0.022572	-2.113064	0.256379	0.251962	0.249713	0.012849	0.005702	0.870615	0.491764	
 1687525732.529500	1687525732.515414	25.736301	-26.423515	-1.122906	0.295681	0.295731	0.244408	0.030925	-0.017931	-2.106767	0.258778	0.259507	0.252320	0.017871	0.000143	0.869032	0.494434	
 1687525732.836199	1687525732.817059	25.675756	-26.331337	-1.115702	0.237678	0.237664	0.213320	0.033287	-0.026725	-2.135627	0.248143	0.220088	0.219857	0.021020	0.003684	0.876056	0.481736	
 1687525733.240475	1687525733.225879	25.602537	-26.253192	-1.119339	0.290956	0.290872	0.242346	0.046279	-0.026053	-2.099502	0.286802	0.260474	0.250067	0.026548	-0.000222	0.867144	0.497350	
 1687525733.644461	1687525733.629793	25.512900	-26.154184	-1.121185	0.293172	0.293138	0.242915	0.033783	-0.021701	-2.101625	0.321640	0.256335	0.250745	0.020048	0.001023	0.867743	0.496607	
 1687525734.048521	1687525734.041780	25.466470	-26.081825	-1.104615	0.294808	0.294866	0.244095	0.025019	-0.022579	-2.100023	0.290931	0.255350	0.252035	0.016467	0.003568	0.867376	0.497368	
 1687525734.454725	1687525734.444767	25.416151	-25.992955	-1.098420	0.297280	0.297345	0.245680	0.029129	-0.028163	-2.097790	0.273553	0.259849	0.253644	0.019643	0.004945	0.866797	0.498249	
 1687525734.857366	1687525734.847233	25.356709	-25.903041	-1.106854	0.294274	0.294297	0.243954	0.024544	-0.035798	-2.104869	0.276776	0.263651	0.251844	0.019525	0.009466	0.868536	0.495151	
 1687525735.261867	1687525735.249898	25.292448	-25.834949	-1.105974	0.286005	0.286043	0.239656	0.023995	-0.035558	-2.107930	0.262622	0.273985	0.247456	0.019213	0.009528	0.869295	0.493829	
 1687525735.573451	1687525735.552605	25.229190	-25.753586	-1.089285	0.241987	0.242004	0.215547	0.015420	-0.027956	-2.114940	0.234259	0.243861	0.222255	0.013580	0.008390	0.871058	0.490921	
 1687525735.976526	1687525735.956186	25.187950	-25.700084	-1.071244	0.295042	0.295101	0.243702	0.000648	-0.028050	-2.115066	0.255845	0.266562	0.251607	0.007169	0.012058	0.871063	0.490970	
 1687525736.281436	1687525736.259749	25.152725	-25.653358	-1.061479	0.238157	0.238199	0.213346	0.019299	-0.028863	-2.106237	0.218730	0.235605	0.219969	0.015525	0.007765	0.868909	0.494668	
 1687525736.686299	1687525736.663235	25.110550	-25.598994	-1.061105	0.294497	0.294507	0.243211	0.009327	-0.009766	-2.118112	0.258970	0.264838	0.251055	0.006457	0.001974	0.871885	0.489664	
 1687525736.989258	1687525736.966813	25.086133	-25.562371	-1.054658	0.238397	0.238380	0.213594	0.010863	-0.012132	-2.128833	0.221029	0.217129	0.220052	0.007692	0.002670	0.874493	0.484969	
 1687525737.396139	1687525737.368353	25.040231	-25.504108	-1.053652	0.294208	0.294174	0.243150	0.009387	-0.024879	-2.167287	0.252678	0.248607	0.250921	0.009970	0.008795	0.883619	0.468019	
 1687525737.704161	1687525737.671052	25.007947	-25.457906	-1.045299	0.240573	0.240595	0.215064	0.022945	-0.019853	-2.178217	0.221633	0.232394	0.221417	0.014765	0.003482	0.886165	0.463122	
 1687525738.008612	1687525737.974384	24.976086	-25.416837	-1.035418	0.234926	0.234930	0.211300	0.031783	-0.020691	-2.177628	0.230253	0.220103	0.217374	0.018875	0.001800	0.885995	0.463308	
 1687525738.416872	1687525738.377796	24.933972	-25.352397	-1.027550	0.290795	0.290786	0.241593	0.017479	-0.021824	-2.144702	0.279054	0.251370	0.249154	0.012892	0.005406	0.878287	0.477930	
 1687525738.722615	1687525738.680526	24.905898	-25.320206	-1.018469	0.237915	0.237988	0.213624	0.015309	-0.021341	-2.134340	0.226221	0.225285	0.219727	0.011853	0.005651	0.875802	0.482492	
 1687525739.127099	1687525739.083598	24.870159	-25.265081	-1.009691	0.293901	0.293877	0.243239	0.026204	-0.030900	-2.139344	0.255656	0.256618	0.250755	0.018911	0.007255	0.876960	0.480136	
 1687525739.430895	1687525739.385399	24.830076	-25.226511	-1.012570	0.230112	0.230203	0.208891	0.029844	-0.029863	-2.135545	0.230575	0.229531	0.214686	0.020269	0.005888	0.876041	0.481774	
 1687525739.735050	1687525739.687615	24.786790	-25.181979	-1.018146	0.238801	0.238881	0.214013	0.028435	-0.029826	-2.118857	0.240349	0.231207	0.220049	0.019694	0.006047	0.871995	0.489082	
 1687525740.140546	1687525740.090509	24.728127	-25.089275	-1.013320	0.293267	0.293243	0.242454	0.012455	-0.033464	-2.131552	0.266094	0.258600	0.249932	0.013544	0.011630	0.875076	0.483657	
 1687525740.443300	1687525740.398119	24.670297	-25.017453	-0.999342	0.238185	0.238307	0.214140	0.030323	-0.030931	-2.128035	0.220798	0.236467	0.219786	0.020759	0.006162	0.874221	0.485045	
 1687525740.749381	1687525740.702966	24.614858	-24.939464	-0.985219	0.235367	0.235430	0.211899	0.023748	-0.021586	-2.116176	0.237673	0.229122	0.217542	0.015641	0.003580	0.871370	0.490364	
 1687525741.155659	1687525741.110255	24.566194	-24.824446	-0.986683	0.293584	0.293752	0.243286	0.012978	-0.017150	-2.139283	0.264935	0.254008	0.250675	0.009810	0.004403	0.877004	0.480362	
 1687525741.559208	1687525741.513574	24.509981	-24.711515	-1.007154	0.289023	0.289014	0.241923	0.034281	-0.018480	-2.108273	0.252193	0.250498	0.249507	0.019466	-0.000434	0.869387	0.493747	
 1687525741.867369	1687525741.815446	24.443841	-24.636933	-1.030832	0.239584	0.239605	0.214258	0.065388	-0.021076	-2.109436	0.254278	0.220541	0.220491	0.033627	-0.006970	0.869418	0.492882	
 1687525742.172225	1687525742.120200	24.395390	-24.551077	-1.021344	0.240589	0.240581	0.214697	0.045975	-0.019032	-2.122708	0.336907	0.219536	0.221057	0.024705	-0.002904	0.872853	0.487349	
 1687525742.475946	1687525742.422129	24.349628	-24.457217	-1.007452	0.235748	0.235769	0.211830	0.047536	-0.011988	-2.120104	0.274368	0.216906	0.217974	0.023662	-0.006389	0.872188	0.488556	
 1687525742.882729	1687525742.827780	24.292872	-24.338592	-1.011552	0.286523	0.286526	0.240021	0.031428	-0.010325	-2.123786	0.315703	0.242593	0.247422	0.016237	-0.003148	0.873199	0.487082	
 1687525743.287425	1687525743.236311	24.237312	-24.251644	-1.029519	0.289791	0.289848	0.241825	0.036298	-0.019719	-2.117664	0.280326	0.244551	0.249322	0.020649	-0.000296	0.871686	0.489630	
 1687525743.701936	1687525743.647846	24.157313	-24.141842	-1.039987	0.298137	0.298292	0.245279	0.040848	-0.016423	-2.111692	0.290273	0.252587	0.253076	0.021817	-0.002913	0.870189	0.492226	
 1687525744.005513	1687525743.950454	24.112275	-24.039273	-1.027104	0.242069	0.242186	0.216408	0.032172	-0.019737	-2.113262	0.268589	0.220498	0.222696	0.018858	0.000681	0.870627	0.491583	
 1687525744.408259	1687525744.353718	24.052179	-23.916691	-1.026462	0.294541	0.294575	0.243947	0.021276	-0.023290	-2.057721	0.279527	0.251675	0.251492	0.015119	0.004489	0.856669	0.515625	
 1687525744.813443	1687525744.757521	23.980949	-23.797700	-1.025632	0.297560	0.297738	0.244860	0.041318	-0.024200	-2.096312	0.262653	0.256996	0.252615	0.023937	0.000171	0.866381	0.498810	
 1687525745.116479	1687525745.060376	23.932053	-23.696925	-1.005483	0.240097	0.240200	0.214760	0.036879	-0.031109	-2.135100	0.264263	0.223609	0.221014	0.023650	0.004732	0.875905	0.481880	
 1687525745.423627	1687525745.363684	23.871943	-23.610916	-0.997147	0.234226	0.234310	0.210867	0.028913	-0.014363	-2.115968	0.240340	0.223226	0.217154	0.016119	-0.000835	0.871305	0.490476	
 1687525745.727568	1687525745.666138	23.818948	-23.512268	-0.998870	0.241947	0.241975	0.215824	0.034192	-0.020874	-2.132516	0.237653	0.219060	0.222121	0.020009	0.000871	0.875308	0.483150	
 1687525746.131975	1687525746.070063	23.739983	-23.401336	-1.014660	0.291142	0.291123	0.241620	0.015082	-0.030211	-2.123597	0.269373	0.247066	0.248727	0.013945	0.009515	0.873164	0.487133	
 1687525746.535858	1687525746.473919	23.678288	-23.321791	-1.005152	0.291965	0.291979	0.242519	0.012294	-0.016956	-2.122466	0.252649	0.258368	0.249811	0.009501	0.004402	0.872935	0.487724	
 1687525746.842646	1687525746.779796	23.607127	-23.238109	-0.992929	0.238421	0.238477	0.213703	0.031754	-0.028483	-2.130939	0.222119	0.219065	0.219961	0.020784	0.004775	0.874927	0.483785	
 1687525747.149396	1687525747.083490	23.549942	-23.153969	-0.988868	0.237937	0.237949	0.213258	0.037996	-0.025383	-2.135189	0.238778	0.224943	0.219375	0.022760	0.001956	0.875931	0.481896	
 1687525747.554140	1687525747.487069	23.493741	-23.069533	-0.982448	0.293131	0.293049	0.242498	0.025403	-0.039276	-2.141370	0.282779	0.252063	0.249839	0.020559	0.011141	0.877409	0.479173	
 1687525747.860159	1687525747.789637	23.435560	-22.952909	-0.964838	0.239731	0.239723	0.214701	0.016542	-0.033279	-2.168357	0.231401	0.239772	0.221030	0.015090	0.010840	0.883831	0.467437	
 1687525748.168010	1687525748.093391	23.368675	-22.868661	-0.971287	0.236955	0.237062	0.213098	0.033614	-0.021276	-2.145133	0.222790	0.231310	0.219102	0.019845	0.001312	0.878341	0.477620	
 1687525748.574213	1687525748.497039	23.287538	-22.771049	-0.982360	0.294827	0.294666	0.243300	0.014701	-0.049903	-2.161706	0.274350	0.249755	0.250268	0.018224	0.018555	0.882147	0.470255	
 1687525748.881304	1687525748.828301	23.187410	-22.692186	-0.973758	0.241504	0.241568	0.215276	0.035699	-0.045513	-2.138624	0.223328	0.256321	0.221349	0.026584	0.011372	0.876699	0.480170	
 1687525749.286103	1687525749.235674	23.111423	-22.604472	-0.947056	0.284446	0.284485	0.239086	0.021027	-0.016962	-2.166775	0.265442	0.265827	0.245917	0.013260	0.002569	0.883510	0.468217	
 1687525749.693733	1687525749.638681	23.043128	-22.470656	-0.933690	0.290069	0.290101	0.243930	0.028744	-0.018737	-2.131811	0.257042	0.246960	0.249254	0.017109	0.001247	0.875164	0.483523	
 1687525750.000444	1687525749.945420	22.979671	-22.356415	-0.941275	0.239367	0.239192	0.215129	0.030521	-0.028418	-2.122219	0.234229	0.218875	0.220282	0.020250	0.004957	0.872813	0.487608	
 1687525750.404508	1687525750.348013	22.881454	-22.255279	-0.952445	0.296883	0.296961	0.244954	0.016686	-0.041150	-2.122556	0.266232	0.254075	0.251086	0.017316	0.013891	0.872848	0.487487	
 1687525750.812999	1687525750.750873	22.797023	-22.155642	-0.945094	0.296109	0.296165	0.244845	0.028323	-0.033347	-2.161462	0.254993	0.270608	0.251317	0.020339	0.008044	0.882202	0.470363	
 1687525751.216450	1687525751.156227	22.736664	-22.062542	-0.932030	0.296102	0.296075	0.245037	0.032620	-0.031364	-2.136567	0.268357	0.264162	0.251983	0.021843	0.005887	0.876274	0.481282	
 1687525751.621081	1687525751.561902	22.667282	-21.963462	-0.923708	0.297980	0.297902	0.245813	0.023369	-0.024397	-2.124830	0.275455	0.261509	0.252931	0.016143	0.004968	0.873478	0.486570	
 1687525752.026561	1687525751.966964	22.606575	-21.877872	-0.926187	0.298427	0.298219	0.245759	0.025982	-0.031909	-2.139358	0.266421	0.257943	0.252842	0.019056	0.007751	0.876960	0.480122	
 1687525752.434235	1687525752.369964	22.519761	-21.779290	-0.926291	0.297288	0.297215	0.245229	0.024116	-0.030280	-2.142866	0.268774	0.267003	0.252475	0.017833	0.007517	0.877811	0.478617	
 1687525752.738047	1687525752.671493	22.447675	-21.687265	-0.926269	0.243667	0.243635	0.216900	0.027105	-0.022141	-2.152712	0.237250	0.236862	0.222949	0.017181	0.003313	0.880171	0.474335	
 1687525753.146802	1687525753.075413	22.373488	-21.602093	-0.924016	0.294693	0.294774	0.243649	0.028087	-0.018520	-2.142040	0.271855	0.254343	0.250662	0.016762	0.001397	0.877628	0.479047	
 1687525753.450151	1687525753.382444	22.319561	-21.522574	-0.919901	0.232168	0.232153	0.209490	0.022620	-0.013785	-2.156549	0.238272	0.216417	0.215271	0.013224	0.000725	0.881103	0.472739	
 1687525753.853164	1687525753.787408	22.252367	-21.462363	-0.924330	0.296449	0.296464	0.244376	0.011534	-0.032607	-2.136573	0.266731	0.248991	0.251246	0.012905	0.011510	0.876291	0.481472	
 1687525754.259246	1687525754.215286	22.179130	-21.402863	-0.922743	0.294508	0.294691	0.243480	0.025702	-0.010954	-2.135272	0.252165	0.273319	0.250248	0.013898	-0.001399	0.876012	0.482088	
 1687525754.663414	1687525754.620066	22.104795	-21.284276	-0.896881	0.293711	0.293694	0.244086	0.015428	-0.018353	-2.177157	0.274329	0.247456	0.251049	0.011089	0.004553	0.885938	0.463649	
 1687525754.967113	1687525754.922589	22.043198	-21.182535	-0.892083	0.237776	0.237820	0.213836	0.017321	-0.019280	-2.167087	0.226260	0.223427	0.219602	0.012165	0.004463	0.883587	0.468087	
 1687525755.272734	1687525755.225538	21.988277	-21.092349	-0.899737	0.238600	0.238538	0.213476	-0.000857	-0.031156	-2.195757	0.228361	0.224251	0.219440	0.006714	0.014063	0.890132	0.455437	
 1687525755.576326	1687525755.529159	21.912813	-21.031446	-0.895955	0.238462	0.238501	0.213072	0.015065	-0.021516	-2.161108	0.219540	0.241239	0.219114	0.011710	0.005944	0.882181	0.470727	
 1687525755.882531	1687525755.831483	21.855181	-20.958827	-0.888854	0.236761	0.236717	0.212446	0.018783	-0.017520	-2.188522	0.223558	0.225342	0.217745	0.012363	0.003476	0.888554	0.458592	
 1687525756.288924	1687525756.235903	21.807170	-20.879987	-0.884919	0.290919	0.290947	0.241609	0.033042	-0.010400	-2.175649	0.261285	0.252179	0.248359	0.017045	-0.003067	0.885526	0.464267	
 1687525756.701705	1687525756.638657	21.760598	-20.815385	-0.882529	0.297557	0.297386	0.245160	0.005210	-0.017308	-2.155700	0.299452	0.248154	0.252088	0.006390	0.006391	0.880917	0.473184	
 1687525757.005582	1687525756.940502	21.700916	-20.749854	-0.870761	0.244437	0.244454	0.218152	0.025435	-0.007076	-2.142865	0.223604	0.230580	0.223904	0.012858	-0.002984	0.877833	0.478786	
 1687525757.408652	1687525757.345321	21.655617	-20.685575	-0.877086	0.294197	0.294165	0.243733	0.026303	-0.014137	-2.232797	0.282971	0.246162	0.250791	0.014919	0.000578	0.898466	0.438789	
 1687525757.713409	1687525757.647969	21.620931	-20.615765	-0.875087	0.238043	0.238055	0.213365	-0.001944	-0.008153	-2.235277	0.249334	0.219858	0.219216	0.000911	0.004091	0.899059	0.437807	
 1687525758.018543	1687525757.950495	21.584594	-20.560003	-0.857706	0.237408	0.237428	0.213131	0.006811	-0.009860	-2.252146	0.218309	0.217618	0.218991	0.005195	0.002985	0.902721	0.430185	
 1687525758.421864	1687525758.353412	21.541679	-20.516302	-0.859550	0.293579	0.293682	0.242715	0.019224	-0.028544	-2.282176	0.249501	0.247876	0.249646	0.014683	0.008969	0.909010	0.416419	
 1687525758.724626	1687525758.656726	21.519862	-20.465572	-0.832485	0.236908	0.236798	0.213140	-0.017969	0.000994	-2.346387	0.228374	0.241589	0.218615	-0.008476	0.003021	0.921956	0.387190	
 1687525759.030348	1687525758.961969	21.511283	-20.415869	-0.821346	0.236540	0.236663	0.213167	0.007477	-0.001924	-2.373334	0.229581	0.214357	0.218572	0.003827	-0.000509	0.927119	0.374746	
 1687525759.438521	1687525759.366780	21.483684	-20.425182	-0.842506	0.293954	0.293944	0.243007	0.020361	-0.033854	-2.367875	0.249709	0.244475	0.249657	0.015812	0.011834	0.925983	0.377048	
 1687525759.745925	1687525759.715292	21.462546	-20.407554	-0.844236	0.240067	0.239800	0.215126	0.006054	-0.024441	-2.406800	0.230033	0.258572	0.219824	0.007214	0.010317	0.933205	0.359124	
 1687525760.052111	1687525760.018233	21.446994	-20.377146	-0.836610	0.239454	0.239469	0.214520	0.017782	-0.015976	-2.439143	0.218346	0.239835	0.219360	0.011096	0.004441	0.938909	0.343957	
 1687525760.360749	1687525760.322995	21.417444	-20.384202	-0.832273	0.234401	0.234350	0.211124	0.027494	-0.023822	-2.434733	0.225937	0.221926	0.216429	0.017018	0.006416	0.938093	0.345907	
 1687525760.664196	1687525760.626131	21.384114	-20.368470	-0.816843	0.241673	0.241362	0.216380	-0.000828	-0.021940	-2.464821	0.246440	0.237624	0.221352	0.003251	0.010485	0.943233	0.331949	
 1687525760.970348	1687525760.932408	21.365380	-20.324829	-0.832515	0.232593	0.232515	0.210347	0.029602	-0.018602	-2.547461	0.213073	0.233264	0.214961	0.016874	0.004561	0.956094	0.292540	
 1687525761.273981	1687525761.233989	21.348748	-20.287776	-0.856633	0.240867	0.240862	0.214906	0.025704	-0.024401	-2.555397	0.249945	0.228564	0.220371	0.015827	0.007966	0.957248	0.288724	
 1687525761.679874	1687525761.638151	21.333980	-20.319815	-0.839279	0.286243	0.286100	0.239466	-0.029050	-0.027967	-2.539668	0.267334	0.266216	0.246060	-0.009725	0.017658	0.954797	0.296573	
 1687525761.988271	1687525761.939826	21.338010	-20.294429	-0.837117	0.231120	0.230728	0.210660	0.035280	-0.029529	-2.641976	0.250269	0.250958	0.214289	0.020739	0.009943	0.968768	0.246901	
 1687525762.295342	1687525762.244027	21.308266	-20.273854	-0.844524	0.238705	0.238763	0.214102	0.046432	-0.030142	-2.663463	0.261660	0.250676	0.218700	0.026119	0.009141	0.971271	0.236364	
 1687525762.699581	1687525762.648501	21.208762	-20.172035	-0.845369	0.295019	0.294669	0.243615	0.044657	-0.036232	-2.699700	0.324823	0.279763	0.250093	0.025749	0.012778	0.975376	0.218668	
 1687525763.003147	1687525762.961960	21.150268	-20.068399	-0.848938	0.239521	0.239857	0.215020	0.022525	-0.024033	-2.704962	0.281362	0.262701	0.220103	0.013596	0.009291	0.976161	0.216424	
 1687525763.306237	1687525763.267565	21.090793	-19.918266	-0.826235	0.234886	0.234659	0.212540	-0.000610	-0.012008	-2.719601	0.227515	0.230713	0.216979	0.000959	0.005935	0.977805	0.209432	
 1687525763.612314	1687525763.570796	21.034761	-19.819910	-0.844727	0.235327	0.235142	0.212846	0.038402	-0.035049	-2.768954	0.213183	0.218440	0.216972	0.022110	0.013661	0.982423	0.184850	
 1687525763.917548	1687525763.875765	20.972097	-19.732335	-0.865174	0.237887	0.238011	0.213200	0.029959	-0.027800	-2.798635	0.264391	0.257551	0.217822	0.017130	0.011138	0.985163	0.170399	
 1687525764.225000	1687525764.177647	20.929535	-19.640163	-0.848038	0.235564	0.235775	0.212056	-0.018282	-0.019266	-2.827596	0.243028	0.238729	0.217197	-0.007522	0.010943	0.987600	0.156427	
 1687525764.530070	1687525764.480543	20.891380	-19.566522	-0.840305	0.238823	0.238810	0.214408	0.023212	-0.016417	-2.838183	0.227825	0.228454	0.219622	0.012712	0.006360	0.988429	0.151014	
 1687525764.935984	1687525764.890596	20.822716	-19.473594	-0.854466	0.291705	0.291738	0.241739	0.005120	-0.015088	-2.874553	0.265088	0.253085	0.248457	0.003542	0.007136	0.991071	0.133100	
 1687525765.239510	1687525765.192406	20.789577	-19.392332	-0.831897	0.238484	0.238542	0.214696	-0.037975	-0.003796	-2.932000	0.216557	0.222738	0.219541	-0.018683	0.003873	0.994329	0.104621	
 1687525765.643430	1687525765.600573	20.740142	-19.341213	-0.846787	0.292121	0.291878	0.243790	0.036072	-0.021040	-2.909584	0.297370	0.244220	0.248633	0.019130	0.008360	0.993084	0.115531	
 1687525766.051018	1687525766.003391	20.730804	-19.307972	-0.845747	0.295433	0.295621	0.244794	-0.021943	-0.010986	-2.982939	0.307426	0.262473	0.251278	-0.010501	0.006345	0.996775	0.079298	
 1687525766.357674	1687525766.306709	20.692414	-19.280010	-0.888924	0.239210	0.239055	0.215072	0.055438	-0.025976	-3.028424	0.235953	0.218331	0.219692	0.028403	0.011395	0.997952	0.056168	
 1687525766.662093	1687525766.611503	20.694887	-19.299532	-0.867537	0.239590	0.239769	0.215082	0.008125	-0.001900	-2.991013	0.347854	0.236056	0.219472	0.004122	0.000642	0.997159	0.075214	
 1687525766.968006	1687525766.914234	20.708403	-19.325551	-0.861072	0.236630	0.236645	0.212970	-0.001490	-0.024778	-2.971159	0.217617	0.214033	0.218103	0.000312	0.012407	0.996294	0.085116	
 1687525767.272738	1687525767.218055	20.734900	-19.343996	-0.867487	0.237868	0.237861	0.213658	-0.010091	-0.011665	-2.984982	0.215453	0.231711	0.218981	-0.004574	0.006209	0.996904	0.078252	
 1687525767.579091	1687525767.520005	20.739852	-19.354370	-0.878658	0.234209	0.234013	0.211264	0.016318	-0.014816	-2.985627	0.216751	0.214942	0.216118	0.008711	0.006750	0.996905	0.077839	
 1687525767.886249	1687525767.824122	20.775606	-19.408242	-0.866375	0.240776	0.240782	0.215340	-0.007134	-0.004712	-2.968686	0.231923	0.223307	0.220223	-0.003350	0.002655	0.996255	0.086353	
 1687525768.192518	1687525768.129419	20.821175	-19.464656	-0.862126	0.236656	0.236663	0.212405	-0.008555	-0.005258	-2.968828	0.217501	0.214390	0.217606	-0.004035	0.002988	0.996258	0.086285	
 1687525768.503639	1687525768.431335	20.866445	-19.515256	-0.855851	0.236904	0.236894	0.212695	-0.005873	-0.001528	-2.971926	0.219202	0.214828	0.218504	-0.002861	0.001010	0.996399	0.084733	
 1687525768.910715	1687525768.835233	20.894703	-19.551566	-0.856491	0.293770	0.293753	0.243519	0.001499	0.002017	-2.981230	0.248153	0.244914	0.249975	0.000666	-0.001065	0.996786	0.080096	
 1687525769.319517	1687525769.238417	20.672165	-19.278115	-0.857323	0.295384	0.295300	0.244574	-0.036157	-0.024219	-3.021195	0.247694	0.246293	0.251305	-0.017315	0.013173	0.997939	0.060367	
 1687525769.623349	1687525769.545605	20.387517	-18.953171	-0.849887	0.272866	0.278549	0.218487	0.003114	-0.036311	-3.067477	0.230680	0.219747	0.222300	0.002228	0.018084	0.999149	0.037015	
 1687525769.927011	1687525769.872105	20.071073	-18.557672	-0.845349	0.232646	0.230702	0.219864	-0.070147	-0.002252	-3.094038	0.211928	0.216444	0.212678	-0.035029	0.001959	0.999101	0.023800	
 1687525770.334925	1687525770.280843	20.142317	-18.669144	-0.845561	0.289115	0.287707	0.348396	-0.044865	-0.021614	-3.077849	0.335069	0.240529	0.241987	-0.022073	0.011513	0.999175	0.032099	
 1687525770.641249	1687525770.583577	20.223335	-18.792145	-0.843664	0.317740	0.264662	0.257121	-0.022588	-0.034198	-3.078568	0.307741	0.217507	0.217621	-0.010748	0.017444	0.999288	0.031693	
 1687525770.945186	1687525770.885909	20.466370	-19.058247	-0.839729	0.286211	0.259385	0.252170	-0.006303	-0.025188	-3.097814	0.264767	0.274614	0.215389	-0.002875	0.012659	0.999675	0.021925	
 1687525771.351184	1687525771.290109	20.726763	-19.256492	-0.831912	0.321094	0.308095	0.281078	0.016330	0.006974	-3.113012	0.277882	0.333519	0.244822	0.008114	-0.003603	0.999858	0.014318	
 1687525771.760164	1687525771.694278	20.761540	-19.215496	-0.826637	0.293159	0.295825	0.255227	0.000768	0.017466	-3.077795	0.309111	0.244929	0.245265	0.000105	-0.008741	0.999453	0.031896	
 1687525772.065072	1687525771.997963	20.884009	-19.157876	-0.831683	0.255566	0.254890	0.223592	0.029454	0.000622	-3.122751	0.231829	0.263526	0.221683	0.014723	-0.000450	0.999847	0.009424	
 1687525772.469139	1687525772.404356	20.801816	-19.166640	-0.845077	0.301349	0.297031	0.264935	-0.015364	0.012920	-3.106050	0.406566	0.250565	0.247321	-0.007795	-0.006322	0.999793	0.017720	
 1687525772.776441	1687525772.706733	20.874308	-19.226109	-0.844982	0.243699	0.241744	0.216034	0.015151	0.010664	-3.053083	0.304432	0.270508	0.218430	0.007332	-0.005662	0.998976	0.044279	
 1687525773.080122	1687525773.008653	20.936753	-19.249190	-0.834353	0.235605	0.235669	0.212156	-0.023214	0.015144	-3.080378	0.264146	0.231598	0.214381	-0.011833	-0.007213	0.999438	0.030512	
 1687525773.486199	1687525773.413568	20.985109	-19.301036	-0.861998	0.290521	0.290976	0.242351	0.045487	-0.007849	-3.083227	0.485685	0.353200	0.247635	0.022846	0.003258	0.999311	0.029082	
 1687525773.891336	1687525773.825424	21.030736	-19.300863	-0.860985	0.294927	0.295530	0.245434	-0.006791	0.017451	-3.076640	0.958420	0.299245	0.250290	-0.003677	-0.008611	0.999430	0.032440	
 1687525774.198801	1687525774.127608	21.053041	-19.347844	-0.888762	0.240161	0.239798	0.215850	0.021154	-0.024992	-3.084122	0.246493	0.323111	0.219962	0.010931	0.012186	0.999457	0.028595	
 1687525774.507262	1687525774.430959	21.080051	-19.383047	-0.890704	0.239663	0.239424	0.214666	-0.001033	-0.003889	-3.065954	0.375459	0.411749	0.219115	-0.000443	0.001963	0.999283	0.037811	
 1687525774.811100	1687525774.733480	21.089368	-19.383427	-0.906913	0.239049	0.238308	0.213994	0.026134	-0.014874	-3.072631	0.216639	0.217724	0.218788	0.013315	0.006981	0.999296	0.034373	
 1687525775.121710	1687525775.035563	21.086600	-19.411812	-0.893553	0.237795	0.237676	0.213634	-0.007222	0.013689	-3.051272	0.385442	0.272277	0.217843	-0.003916	-0.006674	0.998952	0.045119	
 1687525775.429590	1687525775.391531	21.080287	-19.445030	-0.894519	0.238034	0.237748	0.213523	0.004606	-0.003912	-3.039381	0.232234	0.253539	0.218016	0.002400	0.001836	0.998690	0.051079	
 1687525775.732623	1687525775.693198	21.070784	-19.473462	-0.897910	0.239981	0.239855	0.214794	-0.008257	0.005427	-3.048051	0.222920	0.219919	0.219894	-0.004251	-0.002517	0.998895	0.046742	
 1687525776.136496	1687525776.098648	21.089829	-19.586282	-0.908704	0.291006	0.291026	0.241398	-0.008473	0.011793	-3.050899	0.263906	0.250532	0.247832	-0.004500	-0.005698	0.998947	0.045305	
 1687525776.540685	1687525776.503198	21.067923	-19.637914	-0.895977	0.292689	0.292553	0.242817	0.016449	0.020384	3.111398	0.269900	0.279508	0.249692	0.008377	-0.010066	0.999802	-0.015012	
 1687525776.947604	1687525776.907645	21.059730	-19.767638	-0.894313	0.291795	0.291700	0.242870	0.017277	0.020030	-3.102343	0.304500	0.316745	0.249935	0.008440	-0.010182	0.999718	0.019708	
 1687525777.351518	1687525777.312891	21.069090	-19.871804	-0.888094	0.291841	0.291647	0.243139	0.017375	0.023171	3.076420	0.307652	0.312339	0.250230	0.009060	-0.011296	0.999368	-0.032477	
 1687525777.657490	1687525777.616205	21.034147	-19.910135	-0.886778	0.239212	0.239238	0.214562	0.020906	0.019262	3.024662	0.274606	0.297654	0.219532	0.010997	-0.009003	0.998196	-0.058326	
 1687525777.961588	1687525777.918570	21.000753	-19.963439	-0.863432	0.239019	0.239001	0.213786	-0.013392	0.011534	3.062341	0.290712	0.260638	0.219361	-0.006462	-0.006028	0.999174	-0.039652	
 1687525778.366111	1687525778.320871	20.984603	-20.033709	-0.862137	0.293231	0.293335	0.243077	0.037240	0.003334	3.016945	0.275117	0.260698	0.249865	0.018686	-0.000504	0.997886	-0.062242	
 1687525778.772781	1687525778.725346	20.937861	-20.064157	-0.860828	0.297231	0.297202	0.244370	-0.007166	-0.005353	2.950511	0.461419	0.246416	0.251297	-0.003822	0.002322	0.995430	-0.095385	
 1687525779.079640	1687525779.028155	20.902031	-20.127945	-0.822415	0.239175	0.239106	0.214331	-0.046411	-0.007988	2.937028	0.222133	0.217895	0.220108	-0.023490	0.001603	0.994507	-0.101984	
 1687525779.384225	1687525779.330013	20.852525	-20.166252	-0.819694	0.235846	0.235684	0.212835	-0.025631	0.002647	2.926495	0.469062	0.218817	0.217619	-0.012599	-0.002691	0.994138	-0.107349	
 1687525779.689590	1687525779.633552	20.793776	-20.177158	-0.829077	0.239884	0.239850	0.214473	-0.012166	-0.004767	2.888287	0.302893	0.216206	0.219802	-0.006335	0.001596	0.991971	-0.126298	
 1687525779.992693	1687525779.936612	20.733165	-20.164065	-0.826427	0.237869	0.237908	0.212971	-0.047181	-0.012517	2.822205	0.233878	0.216595	0.218791	-0.024282	0.002426	0.987005	-0.158823	
 1687525780.396345	1687525780.342037	20.704558	-20.199207	-0.811718	0.290151	0.290196	0.241838	-0.042402	-0.016383	2.832762	0.484473	0.258681	0.248689	-0.022206	0.004831	0.987873	-0.153591	
 1687525780.803173	1687525780.772311	20.648633	-20.207259	-0.825375	0.291809	0.291704	0.243165	-0.003610	-0.004620	2.756448	0.461867	0.270323	0.249816	-0.002214	0.001922	0.981512	-0.191379	
 1687525781.207295	1687525781.175375	20.586492	-20.229958	-0.829408	0.298786	0.298919	0.245600	-0.021647	-0.004041	2.722685	0.250588	0.249256	0.252313	-0.011007	-0.000274	0.978090	-0.207892	
 1687525781.610931	1687525781.581327	20.542351	-20.269354	-0.817168	0.289933	0.289777	0.242511	-0.019473	-0.005074	2.671775	0.297321	0.246577	0.249516	-0.010059	0.000201	0.972492	-0.232718	
 1687525781.916517	1687525781.884003	20.485471	-20.260218	-0.823808	0.240067	0.240030	0.215259	-0.019821	0.010579	2.611804	0.259171	0.219838	0.220765	-0.008180	-0.007699	0.965046	-0.261841	
 1687525782.220905	1687525782.186450	20.436040	-20.259754	-0.832213	0.238846	0.238861	0.213697	-0.037862	-0.001048	2.619738	0.253665	0.220559	0.219488	-0.018425	-0.004377	0.965981	-0.257921	
 1687525782.626568	1687525782.591900	20.390359	-20.294147	-0.843221	0.292863	0.292771	0.242450	-0.017906	-0.001539	2.608591	0.385410	0.245887	0.249413	-0.008839	-0.001616	0.964661	-0.263340	
 1687525782.932933	1687525782.893876	20.338227	-20.314722	-0.839989	0.240157	0.240134	0.215540	-0.033136	0.002355	2.583881	0.251084	0.217430	0.220909	-0.015603	-0.005692	0.961233	-0.275237	
 1687525783.339205	1687525783.298279	20.288039	-20.341369	-0.855605	0.293647	0.293630	0.243000	-0.018312	0.004046	2.541524	0.355498	0.244949	0.249874	-0.008149	-0.004638	0.955279	-0.295557	
 1687525783.742687	1687525783.702514	20.254545	-20.349454	-0.846741	0.296990	0.297220	0.245170	-0.035459	-0.005643	2.536708	0.285708	0.247255	0.252390	-0.017764	-0.002588	0.954473	-0.297757	
 1687525784.047607	1687525784.005455	20.216850	-20.348751	-0.857199	0.239305	0.239213	0.214655	-0.027664	0.009336	2.536770	0.336515	0.222627	0.220572	-0.011814	-0.008575	0.954500	-0.297853	
 1687525784.453754	1687525784.407889	20.161731	-20.376180	-0.879576	0.293452	0.293507	0.242705	-0.018606	-0.000118	2.547383	0.327705	0.248341	0.249974	-0.008913	-0.002667	0.956147	-0.292740	
 1687525784.857938	1687525784.811270	20.106668	-20.401594	-0.869621	0.298987	0.299123	0.245451	-0.042123	-0.005021	2.541208	0.287674	0.247592	0.252951	-0.020860	-0.003830	0.955080	-0.295587	
 1687525785.163012	1687525785.114449	20.051598	-20.425045	-0.892614	0.239579	0.239542	0.214471	-0.007322	0.005603	2.552120	0.386439	0.222263	0.220432	-0.002689	-0.003744	0.956866	-0.290494	
 1687525785.567656	1687525785.516831	19.981510	-20.468652	-0.901604	0.292651	0.292798	0.243157	-0.043796	-0.007064	2.525681	0.252271	0.247074	0.250387	-0.021936	-0.003272	0.952744	-0.302963	
 1687525785.870698	1687525785.822542	19.892296	-20.512435	-0.919223	0.235747	0.235740	0.211905	-0.010116	0.011002	2.536670	0.395193	0.222894	0.217870	-0.003190	-0.006758	0.954571	-0.297889	
 1687525786.178754	1687525786.161742	19.803450	-20.540320	-0.920087	0.235768	0.235826	0.211622	-0.011248	0.007947	2.525191	0.222158	0.220142	0.217544	-0.004153	-0.005492	0.952852	-0.303359	
 1687525786.587582	1687525786.568026	19.734060	-20.559649	-0.907159	0.289113	0.289206	0.240860	-0.049455	0.014230	2.537065	0.254778	0.246184	0.248005	-0.021486	-0.014150	0.954297	-0.297752	
 1687525786.891292	1687525786.871366	19.680668	-20.603329	-0.909861	0.240272	0.240325	0.215244	-0.038003	0.013579	2.564382	0.394961	0.222448	0.221237	-0.016282	-0.011915	0.958410	-0.284681	
 1687525787.194523	1687525787.174520	19.611200	-20.645111	-0.930174	0.235972	0.235905	0.212117	-0.022675	0.019124	2.552866	0.318281	0.219729	0.217856	-0.008075	-0.012439	0.956850	-0.290203	
 1687525787.597906	1687525787.578047	19.524190	-20.689790	-0.937952	0.292316	0.292448	0.242052	-0.024575	0.002179	2.541158	0.285127	0.265001	0.249151	-0.011415	-0.004674	0.955196	-0.295718	
 1687525788.002938	1687525787.981464	19.450786	-20.723340	-0.919575	0.293601	0.293748	0.243463	-0.050392	-0.005272	2.532680	0.303611	0.245318	0.250887	-0.024825	-0.005039	0.953724	-0.299615	
 1687525788.406163	1687525788.384351	19.375623	-20.737681	-0.904524	0.296933	0.297022	0.245499	-0.064001	-0.018463	2.444245	0.456123	0.253915	0.253056	-0.033221	-0.002259	0.939406	-0.341185	
 1687525788.816045	1687525788.788511	19.305943	-20.756641	-0.910906	0.296570	0.296662	0.245148	-0.048845	-0.023414	2.442107	0.566843	0.286672	0.252668	-0.026950	0.002628	0.939214	-0.342262	
 1687525789.123703	1687525789.091618	19.244087	-20.792451	-0.912105	0.243118	0.243147	0.216335	-0.027130	-0.018023	2.449051	0.399258	0.267026	0.222741	-0.015817	0.003872	0.940562	-0.339232	
 1687525789.427465	1687525789.396443	19.179313	-20.811909	-0.894561	0.239766	0.239910	0.214303	-0.038073	-0.012211	2.412618	0.277980	0.243886	0.220516	-0.019960	-0.001082	0.934161	-0.356290	
 1687525789.832943	1687525789.799791	19.129545	-20.828337	-0.882732	0.292666	0.292882	0.242995	-0.059162	-0.033993	2.377310	0.350940	0.260201	0.250268	-0.033774	0.004735	0.927516	-0.372225	
 1687525790.235960	1687525790.204308	19.083446	-20.845545	-0.894597	0.295546	0.295647	0.244445	-0.045027	-0.027816	2.360384	0.486827	0.337355	0.251904	-0.026108	0.004287	0.924475	-0.380324	
 1687525790.640131	1687525790.606657	19.005901	-20.872989	-0.895413	0.296712	0.296776	0.244621	-0.023800	-0.030638	2.294743	0.374399	0.301126	0.252003	-0.017141	0.009076	0.911590	-0.410642	
 1687525790.944197	1687525790.910442	18.939940	-20.888476	-0.876322	0.238281	0.238437	0.213604	-0.017981	-0.028847	2.250380	0.251947	0.271032	0.219690	-0.014328	0.009140	0.902275	-0.430826	
 1687525791.351573	1687525791.314682	18.904863	-20.907098	-0.857002	0.293729	0.293902	0.244291	-0.052180	-0.030096	2.248588	0.265105	0.288898	0.251290	-0.030022	0.002304	0.901723	-0.431264	
 1687525791.758511	1687525791.719040	18.864034	-20.942419	-0.883943	0.298804	0.298840	0.245467	-0.011992	-0.027793	2.212573	0.385780	0.301356	0.252750	-0.011585	0.009738	0.893976	-0.447859	
 1687525792.065071	1687525792.020827	18.806070	-20.979594	-0.866887	0.236723	0.236955	0.212480	-0.062163	-0.017275	2.138158	0.222264	0.249583	0.218383	-0.031398	-0.007376	0.876431	-0.480446	
 1687525792.471419	1687525792.424879	18.784830	-20.995850	-0.857821	0.290799	0.290489	0.242500	-0.063341	-0.027013	2.132046	0.426704	0.263578	0.249342	-0.034242	-0.003496	0.874972	-0.482948	
 1687525792.877117	1687525792.829029	18.751612	-21.003523	-0.863070	0.296563	0.296496	0.245032	-0.032136	-0.009498	2.157758	0.434894	0.286952	0.252161	-0.016405	-0.003403	0.881341	-0.472183	
 1687525793.186338	1687525793.132806	18.720825	-21.008409	-0.864634	0.238937	0.238980	0.214215	-0.044963	-0.005810	2.147807	0.266478	0.221057	0.220210	-0.021145	-0.008163	0.878873	-0.476517	
 1687525793.590463	1687525793.536893	18.682172	-21.013627	-0.876662	0.297611	0.297534	0.245003	-0.034986	-0.023684	2.139134	0.339735	0.248509	0.251922	-0.021029	0.001979	0.876896	-0.480215	
 1687525793.997234	1687525793.942510	18.647906	-20.999004	-0.849484	0.292283	0.292600	0.243227	-0.092238	-0.021057	2.057299	0.305794	0.273012	0.250003	0.044916	0.014777	-0.855895	0.514983	
 1687525794.401187	1687525794.346185	18.614198	-20.980716	-0.851646	0.295588	0.295608	0.245261	-0.016239	-0.018807	2.075126	0.616216	0.266188	0.252125	0.011771	-0.003971	-0.861140	0.508215	
 1687525794.805961	1687525794.752408	18.574171	-20.965718	-0.851162	0.292454	0.293129	0.243782	-0.061073	-0.012318	2.002883	0.260294	0.264235	0.250255	0.029034	0.011274	-0.841942	0.538669	
 1687525795.214457	1687525795.156655	18.576086	-20.979591	-0.871449	0.297836	0.297943	0.245650	-0.002636	-0.035906	1.981848	0.456238	0.254468	0.252735	0.010939	-0.014296	-0.836410	0.547809	
 1687525795.621296	1687525795.560315	18.583980	-20.968492	-0.879388	0.298806	0.299532	0.246550	-0.026701	-0.006195	1.992013	0.248059	0.323763	0.253188	0.012888	0.004658	-0.839250	0.543572	
 1687525796.025734	1687525795.982996	18.550773	-20.958459	-0.865070	0.297111	0.297286	0.246262	-0.051356	-0.030849	1.831217	0.297629	0.249867	0.253502	0.029751	0.003416	-0.792819	0.608721	
 1687525796.433061	1687525796.386498	18.570598	-21.016638	-0.888382	0.299624	0.299651	0.246489	-0.026852	-0.014698	1.895245	0.404886	0.296918	0.253761	0.015190	0.001868	-0.811993	0.583467	
 1687525796.836643	1687525796.790320	18.567461	-21.094524	-0.881608	0.300973	0.301138	0.246603	-0.081781	-0.026066	1.800969	0.302888	0.261335	0.253729	0.040121	0.015189	-0.783237	0.620241	
 1687525797.142391	1687525797.094104	18.556878	-21.154288	-0.872955	0.238809	0.238750	0.214442	-0.065390	-0.020197	1.730046	0.633337	0.246769	0.220069	0.031425	0.013520	-0.760879	0.647992	
 1687525797.547109	1687525797.499220	18.603983	-21.202164	-0.874298	0.291976	0.291871	0.242586	-0.045362	-0.018620	1.791265	0.649667	0.269776	0.249630	0.023520	0.006909	-0.780502	0.624673	
 1687525797.956412	1687525797.903254	18.645694	-21.290211	-0.888717	0.291814	0.291974	0.243024	-0.042580	-0.001228	1.784450	0.467759	0.267969	0.250185	0.016957	0.012885	-0.778302	0.627529	
 1687525798.259752	1687525798.206231	18.652574	-21.349273	-0.908780	0.243942	0.244186	0.217903	-0.034629	-0.004857	1.745984	0.453399	0.218603	0.223321	0.014827	0.009264	-0.766165	0.642406	
 1687525798.565318	1687525798.506594	18.652214	-21.449519	-0.905435	0.239512	0.239603	0.214323	-0.037218	-0.020359	1.658094	0.369348	0.216337	0.219837	0.020595	0.005067	-0.737250	0.675287	
 1687525798.974370	1687525798.916670	18.676741	-21.514575	-0.902962	0.292869	0.292994	0.242433	-0.036936	-0.008419	1.644104	0.449982	0.279381	0.249771	0.016393	0.009488	-0.732466	0.680540	
 1687525799.278764	1687525799.221061	18.695406	-21.543340	-0.889331	0.241832	0.241895	0.215975	-0.064267	-0.009151	1.610923	0.373699	0.221343	0.222307	0.026337	0.018959	-0.720873	0.692308	
 1687525799.683410	1687525799.626414	18.700347	-21.574402	-0.883760	0.288338	0.288266	0.241308	-0.065935	-0.029433	1.561746	0.622868	0.246373	0.248488	0.033646	0.013057	-0.703786	0.709495	
 1687525799.987241	1687525799.928173	18.728853	-21.603456	-0.910118	0.237060	0.236997	0.212476	0.002529	-0.008574	1.585902	0.549413	0.248539	0.218569	0.002107	-0.003942	-0.712416	0.701743	
 1687525800.390714	1687525800.333197	18.730527	-21.640007	-0.890745	0.288635	0.289927	0.241902	-0.032400	0.010057	1.555716	0.243246	0.244926	0.247909	0.007786	0.015069	-0.701596	0.712373	
 1687525800.799935	1687525800.737988	18.721714	-21.671079	-0.874046	0.295517	0.295764	0.245178	-0.053333	-0.022980	1.452016	0.332070	0.249687	0.252146	0.026290	0.012313	-0.663839	0.747312	
 1687525801.203911	1687525801.142973	18.738234	-21.679035	-0.873823	0.295607	0.295745	0.244748	-0.042603	-0.019226	1.444458	0.450288	0.266464	0.251970	0.021291	0.009628	-0.661032	0.749994	
 1687525801.608225	1687525801.550377	18.756946	-21.672839	-0.859443	0.298778	0.298885	0.246173	-0.073510	-0.038100	1.368870	0.372246	0.260994	0.253588	0.037977	0.016430	-0.632236	0.773670	
 1687525802.014012	1687525801.954939	18.767699	-21.683643	-0.868299	0.297248	0.297335	0.245507	-0.055715	-0.018490	1.347376	0.573737	0.296296	0.252714	0.024599	0.016002	-0.623805	0.781029	
 1687525802.417398	1687525802.357334	18.758722	-21.689469	-0.862173	0.292703	0.292786	0.243387	-0.068198	-0.032158	1.317124	0.496617	0.265732	0.250294	0.033570	0.017125	-0.611979	0.789976	
 1687525802.821372	1687525802.798428	18.742358	-21.669987	-0.855103	0.291289	0.291420	0.242899	-0.049564	-0.038822	1.284172	0.631796	0.301436	0.250128	0.030376	0.008220	-0.598956	0.800164	
 1687525803.130215	1687525803.104357	18.773685	-21.658069	-0.854001	0.240433	0.240706	0.215752	-0.048592	-0.043615	1.336090	0.426334	0.284302	0.221320	0.032158	0.005563	-0.619538	0.784288	
 1687525803.437942	1687525803.407190	18.793692	-21.648702	-0.866962	0.239707	0.239760	0.214691	-0.053627	-0.037074	1.277441	0.377010	0.272960	0.220131	0.030857	0.010474	-0.596251	0.802136	
 1687525803.846187	1687525803.810462	18.762015	-21.637237	-0.875248	0.291760	0.292087	0.242282	-0.050557	-0.034687	1.163461	0.481335	0.305047	0.248649	0.028371	0.011589	-0.549579	0.834880	
 1687525804.250719	1687525804.214042	18.757768	-21.640339	-0.865148	0.290728	0.290829	0.242425	-0.051010	-0.029446	1.180712	0.480244	0.317663	0.249044	0.026421	0.012991	-0.556727	0.830173	
 1687525804.654093	1687525804.617534	18.772583	-21.600649	-0.854838	0.288466	0.288680	0.242149	-0.064237	-0.049227	1.186355	0.461646	0.296980	0.248864	0.038342	0.012869	-0.559196	0.828048	
 1687525805.058563	1687525805.023049	18.762834	-21.628068	-0.880376	0.290203	0.290354	0.242512	-0.040862	-0.037574	1.082490	0.580231	0.364818	0.249334	0.026621	0.007830	-0.515334	0.856540	
 1687525805.466188	1687525805.427168	18.756910	-21.690294	-0.877790	0.298626	0.298931	0.245320	-0.052953	-0.026120	1.073578	0.426332	0.340503	0.252176	0.024756	0.016072	-0.511453	0.858804	
 1687525805.872670	1687525805.830627	18.778389	-21.728035	-0.855357	0.298118	0.298285	0.245544	-0.047896	-0.045652	1.059660	0.479442	0.305857	0.252936	0.031788	0.009125	-0.505582	0.862145	
 1687525806.175916	1687525806.138448	18.800847	-21.776349	-0.855210	0.242426	0.242487	0.216960	-0.044224	-0.037752	1.024686	0.415076	0.333505	0.222863	0.027284	0.010017	-0.490377	0.871025	
 1687525806.578901	1687525806.546981	18.829801	-21.853146	-0.874510	0.291795	0.292102	0.242831	-0.047653	-0.041746	1.012236	0.391342	0.321593	0.249755	0.029797	0.010717	-0.484977	0.873953	
 1687525806.887734	1687525806.850686	18.863781	-21.926876	-0.879523	0.239102	0.239241	0.213649	-0.051918	-0.029467	1.028206	0.371534	0.303536	0.219675	0.025587	0.015356	-0.491868	0.870158	
 1687525807.190893	1687525807.152758	18.885973	-22.013475	-0.876113	0.239906	0.239936	0.214411	-0.047183	-0.031249	1.010750	0.377996	0.268061	0.220442	0.025086	0.013076	-0.484264	0.874464	
 1687525807.595430	1687525807.554806	18.908955	-22.100979	-0.881600	0.293933	0.294004	0.243238	-0.055166	-0.030898	1.008782	0.389566	0.302104	0.250088	0.026846	0.016679	-0.483406	0.874826	
 1687525808.004082	1687525807.958676	18.963772	-22.164013	-0.894536	0.292358	0.292403	0.243179	-0.042770	-0.042466	1.030315	0.450941	0.312846	0.250299	0.029004	0.008146	-0.492843	0.869596	
 1687525808.310855	1687525808.264335	19.007640	-22.235408	-0.912774	0.243862	0.243996	0.217228	-0.045319	-0.024871	1.005408	0.361141	0.313451	0.223246	0.021810	0.013863	-0.481883	0.875855	
 1687525808.718955	1687525808.668805	19.023079	-22.321835	-0.924245	0.294941	0.294934	0.243797	-0.053890	-0.022880	0.992668	0.413378	0.298987	0.250652	0.022885	0.018243	-0.476272	0.878811	
 1687525809.123108	1687525809.072501	19.058843	-22.391502	-0.927943	0.299575	0.299629	0.245916	-0.047755	-0.027280	1.040809	0.455863	0.297406	0.253154	0.023701	0.013932	-0.497325	0.867128	
 1687525809.536976	1687525809.477211	19.105965	-22.459325	-0.919569	0.299597	0.299734	0.246669	-0.040523	-0.038324	1.000203	0.447031	0.312338	0.254085	0.026524	0.008590	-0.479669	0.877007	
 1687525809.943867	1687525809.882233	19.156675	-22.518375	-0.933036	0.298463	0.298793	0.246246	-0.047309	-0.026798	1.018796	0.406218	0.354471	0.253573	0.023227	0.014115	-0.487748	0.872561	
 1687525810.249251	1687525810.185794	19.196164	-22.586879	-0.942744	0.242839	0.242934	0.216395	-0.042565	-0.027148	0.981989	0.392099	0.275202	0.222471	0.022000	0.012366	-0.471608	0.881447	
 1687525810.657415	1687525810.589184	19.239606	-22.625441	-0.945716	0.296950	0.297291	0.245233	-0.045903	-0.039962	1.019029	0.384544	0.301885	0.251966	0.028629	0.010288	-0.487928	0.872354	
 1687525811.061393	1687525810.992839	19.307415	-22.666584	-0.967455	0.295619	0.295805	0.245021	-0.039617	-0.032705	1.021802	0.410774	0.344674	0.251847	0.023945	0.009282	-0.489084	0.871858	
 1687525811.466837	1687525811.394267	19.368816	-22.713463	-0.978229	0.297949	0.298328	0.245939	-0.052095	-0.016677	1.078845	0.369165	0.313631	0.252366	0.020529	0.018064	-0.513635	0.857573	
 1687525811.871638	1687525811.802240	19.387434	-22.746617	-0.968301	0.300448	0.300500	0.247787	-0.048735	-0.027789	1.076647	0.397926	0.269456	0.253332	0.024416	0.013796	-0.512786	0.858058	
 1687525812.277168	1687525812.205780	19.434820	-22.783701	-0.961977	0.297008	0.297095	0.245878	-0.027590	-0.028108	1.205826	0.398476	0.293357	0.252188	0.019396	0.003393	-0.567094	0.823418	
 1687525812.683481	1687525812.609143	19.493432	-22.833917	-0.958305	0.297319	0.298074	0.246416	-0.051379	-0.030098	1.203974	0.301906	0.279532	0.252408	0.026943	0.012650	-0.566349	0.823628	
 1687525812.988724	1687525812.914400	19.523576	-22.900849	-0.962100	0.241408	0.241596	0.215761	-0.045154	-0.036164	1.196792	0.365525	0.256616	0.221584	0.027650	0.008466	-0.563419	0.825665	
 1687525813.393477	1687525813.318692	19.583433	-22.987425	-0.973815	0.296796	0.297075	0.244206	-0.035300	-0.030896	1.285954	0.388994	0.307035	0.251228	0.022942	0.004863	-0.599634	0.799931	
 1687525813.699720	1687525813.670856	19.641442	-23.062837	-0.964616	0.237538	0.237703	0.212913	-0.046319	-0.035666	1.318666	0.302010	0.252997	0.218769	0.028275	0.007380	-0.612654	0.789810	
 1687525814.109197	1687525814.075975	19.683870	-23.146469	-0.956636	0.289076	0.289134	0.241592	-0.057288	-0.038436	1.333867	0.398885	0.296855	0.248437	0.032806	0.010617	-0.618644	0.784914	
 1687525814.519922	1687525814.480763	19.710465	-23.220913	-0.967479	0.302410	0.302439	0.246882	-0.031114	-0.029067	1.380526	0.501383	0.316844	0.254320	0.021109	0.002741	-0.636770	0.770760	
 1687525814.823770	1687525814.782816	19.753208	-23.280059	-0.948551	0.239937	0.240003	0.214532	-0.050315	-0.034346	1.427330	0.291424	0.248956	0.220622	0.029441	0.007776	-0.654632	0.755334	
 1687525815.126984	1687525815.085147	19.769880	-23.320738	-0.938210	0.238982	0.238990	0.213891	-0.054734	-0.041710	1.418803	0.409712	0.262611	0.219827	0.033637	0.007179	-0.651427	0.757931	
 1687525815.531039	1687525815.490903	19.778846	-23.355004	-0.946318	0.292386	0.292498	0.242466	-0.045810	-0.024421	1.451932	0.498725	0.316892	0.249711	0.024332	0.009023	-0.663844	0.747421	
 1687525815.934376	1687525815.894806	19.808750	-23.382861	-0.946516	0.296539	0.296683	0.244566	-0.054125	-0.034872	1.495104	0.436751	0.273987	0.251769	0.031175	0.007992	-0.679839	0.732655	
 1687525816.240674	1687525816.197658	19.827771	-23.418802	-0.934502	0.240422	0.240527	0.215017	-0.044030	-0.021899	1.482230	0.457233	0.262223	0.221122	0.022936	0.008848	-0.675085	0.737331	
 1687525816.544861	1687525816.499153	19.841510	-23.446446	-0.915889	0.231291	0.231358	0.209302	-0.062795	-0.032264	1.501531	0.378960	0.230695	0.215125	0.033202	0.011951	-0.682144	0.730366	
 1687525816.948779	1687525816.902513	19.895452	-23.462180	-0.927054	0.292292	0.292268	0.242804	-0.060323	-0.013743	1.647670	0.615634	0.289721	0.249986	0.026794	0.015449	-0.733547	0.678935	
 1687525817.252179	1687525817.206182	19.909121	-23.484585	-0.957853	0.238397	0.238508	0.213361	-0.020766	0.004027	1.628610	0.474810	0.217409	0.219152	0.006169	0.008591	-0.727194	0.686351	
 1687525817.656192	1687525817.612600	19.898832	-23.496025	-0.936900	0.288657	0.289357	0.241623	-0.041147	-0.007248	1.632191	0.283638	0.243122	0.247818	0.017468	0.011454	-0.728369	0.684867	
 1687525817.964032	1687525817.914819	19.894182	-23.553472	-0.915221	0.237928	0.238117	0.214328	-0.039274	-0.014191	1.611845	0.362958	0.216395	0.219925	0.019078	0.008478	-0.721409	0.692195	
 1687525818.270708	1687525818.218315	19.883919	-23.609793	-0.915304	0.237031	0.237222	0.212930	-0.036068	-0.011793	1.592573	0.349117	0.219806	0.218842	0.017012	0.008398	-0.714710	0.699164	
 1687525818.675029	1687525818.621235	19.896824	-23.691109	-0.908904	0.294921	0.295140	0.243482	-0.087185	-0.024890	1.641055	0.373314	0.249605	0.250741	0.040353	0.020616	-0.731124	0.680738	
 1687525819.079557	1687525819.040398	19.904088	-23.773579	-0.918034	0.294744	0.294777	0.243874	-0.031307	-0.004440	1.704463	0.851045	0.258082	0.251455	0.013244	0.008633	-0.752680	0.658197	
 1687525819.484519	1687525819.444501	19.901094	-23.822304	-0.906484	0.296700	0.297142	0.245504	-0.043615	-0.014747	1.714751	0.359244	0.246587	0.252649	0.021312	0.008696	-0.756033	0.654129	
 1687525819.789337	1687525819.746739	19.894270	-23.858784	-0.889934	0.234297	0.234456	0.211440	-0.072979	-0.015150	1.719399	0.382183	0.216517	0.217585	0.032580	0.018074	-0.757301	0.652003	
 1687525820.092342	1687525820.049751	19.906547	-23.924898	-0.889654	0.238216	0.238284	0.213716	-0.063263	-0.014867	1.754085	0.605322	0.216863	0.219935	0.029066	0.014510	-0.768596	0.638910	
 1687525820.496597	1687525820.452624	19.898322	-23.972162	-0.911777	0.285295	0.285491	0.239454	-0.035750	-0.005784	1.797694	0.608366	0.242906	0.246560	0.015789	0.008864	-0.782514	0.622370	
 1687525820.808264	1687525820.755659	19.893493	-24.010774	-0.911834	0.241544	0.241771	0.215551	-0.048536	-0.021180	1.837604	0.340805	0.216818	0.221501	0.025711	0.006308	-0.794752	0.606356	
 1687525821.112536	1687525821.058674	19.904391	-24.053444	-0.905531	0.238887	0.239009	0.213904	-0.057280	-0.023061	1.878454	0.418067	0.222075	0.220000	0.029916	0.007604	-0.806912	0.589864	
 1687525821.522179	1687525821.462750	19.894407	-24.060007	-0.914299	0.293391	0.293494	0.242956	-0.009374	-0.009976	1.899306	0.546041	0.251530	0.250422	0.006714	-0.001328	-0.813208	0.581933	
 1687525821.926641	1687525821.866622	19.887518	-24.085201	-0.911834	0.296308	0.297066	0.245593	-0.034872	-0.021322	1.924595	0.261749	0.249956	0.252648	0.020398	0.001220	-0.820442	0.571364	
 1687525822.230749	1687525822.169657	19.888314	-24.102168	-0.919587	0.237925	0.238153	0.214209	-0.027929	-0.007149	1.973674	0.317230	0.224248	0.220141	0.013621	0.004717	-0.834227	0.551233	
 1687525822.635258	1687525822.572471	19.871827	-24.122408	-0.934518	0.294543	0.294973	0.243540	-0.024300	-0.001721	2.013458	0.327526	0.245152	0.250740	0.010728	0.005768	-0.845030	0.534579	
 1687525823.042812	1687525822.976370	19.853468	-24.119735	-0.930185	0.290200	0.290454	0.242315	-0.019975	-0.024336	2.001167	0.313879	0.244678	0.249786	0.014974	-0.004851	-0.841748	0.539642	
 1687525823.346317	1687525823.279360	19.855007	-24.135726	-0.937292	0.240581	0.240659	0.214867	-0.020984	-0.005072	2.080916	0.248653	0.235826	0.221209	0.010333	0.003119	-0.862599	0.505773	
 1687525823.752615	1687525823.685894	19.852230	-24.132926	-0.941956	0.293188	0.293428	0.243091	-0.021624	-0.015674	2.113829	0.296141	0.244780	0.250681	-0.013267	0.001510	0.870807	-0.491444	
 1687525824.056980	1687525823.988014	19.828043	-24.126871	-0.950288	0.238537	0.238665	0.213789	-0.047436	0.010413	2.122351	0.252874	0.221372	0.220189	-0.018163	-0.016113	0.872612	-0.487810	
 1687525824.359775	1687525824.335648	19.798733	-24.127615	-0.964823	0.238769	0.238756	0.213382	-0.033842	0.003005	2.145093	0.401307	0.236334	0.219723	-0.014145	-0.009406	0.878281	-0.477842	
 1687525824.763043	1687525824.740446	19.773149	-24.125842	-0.958599	0.293065	0.293156	0.242398	-0.050392	-0.006521	2.169996	0.357212	0.250812	0.249947	-0.023800	-0.008881	0.884055	-0.466691	
 1687525825.169262	1687525825.146739	19.752699	-24.113306	-0.955029	0.291851	0.291875	0.243026	-0.009862	-0.003529	2.181524	0.442888	0.246059	0.250858	-0.005188	-0.000712	0.886971	-0.461795	
 1687525825.476387	1687525825.450354	19.739308	-24.106468	-0.981722	0.239019	0.239073	0.214246	-0.008108	-0.002341	2.240731	0.231014	0.215884	0.220742	-0.004159	-0.000711	0.900254	-0.435345	
 1687525825.880646	1687525825.855391	19.729650	-24.111224	-0.987131	0.293847	0.294039	0.243225	-0.038979	-0.017627	2.300710	0.258948	0.245002	0.250919	-0.021387	0.000090	0.912770	-0.407913	
 1687525826.184461	1687525826.158333	19.695610	-24.107502	-0.994308	0.237201	0.237243	0.212816	-0.040544	-0.010586	2.306713	0.300307	0.219587	0.219358	-0.020675	-0.003380	0.913973	-0.405234	
 1687525826.490955	1687525826.460152	19.665245	-24.120049	-0.991136	0.237244	0.237256	0.212702	-0.061339	-0.003058	2.357667	0.311417	0.214649	0.219122	-0.028923	-0.010302	0.923743	-0.381780	
 1687525826.900412	1687525826.862100	19.630213	-24.131186	-1.002118	0.294989	0.294973	0.243279	-0.013508	-0.022665	2.411378	0.472677	0.249507	0.251001	-0.010355	0.008174	0.934032	-0.356947	
 1687525827.303573	1687525827.267066	19.596054	-24.146693	-0.996171	0.290999	0.291161	0.242513	-0.040100	-0.014637	2.412537	0.257376	0.273747	0.250121	-0.021340	-0.000311	0.934132	-0.356290	
 1687525827.712167	1687525827.670578	19.581610	-24.177467	-1.013183	0.300935	0.300992	0.246848	-0.020378	-0.004320	2.490922	0.347724	0.252831	0.254894	-0.010345	-0.001210	0.947499	-0.319588	
 1687525828.017501	1687525827.973029	19.562917	-24.198972	-1.026477	0.243602	0.243668	0.217100	-0.022231	-0.004788	2.506586	0.244068	0.218607	0.223698	-0.011307	-0.001196	0.949965	-0.312150	
 1687525828.321802	1687525828.276608	19.527686	-24.204281	-1.027434	0.235929	0.236016	0.211932	-0.025045	-0.000915	2.510542	0.240027	0.213630	0.218324	-0.012046	-0.003451	0.950561	-0.310286	
 1687525828.629909	1687525828.578712	19.487950	-24.221679	-1.034342	0.238603	0.238633	0.213450	-0.010012	0.000730	2.541981	0.250416	0.215410	0.219779	-0.004675	-0.001827	0.955381	-0.295333	
 1687525829.033352	1687525828.983257	19.457127	-24.253123	-1.032224	0.294540	0.294706	0.243156	-0.028423	-0.008183	2.592764	0.254777	0.245267	0.250753	-0.014788	0.000087	0.962495	-0.270897	
 1687525829.437279	1687525829.386231	19.429986	-24.285073	-1.028157	0.290497	0.290546	0.242145	-0.020555	-0.007992	2.604627	0.286313	0.245557	0.249944	-0.010969	0.001126	0.964127	-0.265213	
 1687525829.744103	1687525829.698973	19.393506	-24.313590	-1.029180	0.239003	0.239036	0.213987	-0.018363	-0.009228	2.632229	0.236352	0.217647	0.220566	-0.010048	0.002152	0.967703	-0.251883	
 1687525830.148963	1687525830.109256	19.361498	-24.353072	-1.022540	0.294870	0.294993	0.243606	-0.027022	-0.002956	2.711458	0.262664	0.249064	0.251421	-0.013515	-0.001440	0.976876	-0.213374	
 1687525830.559003	1687525830.514488	19.326704	-24.371442	-1.016362	0.295383	0.295460	0.244489	-0.033750	-0.016684	2.705492	0.283388	0.246358	0.252433	-0.018278	0.004493	0.976179	-0.216151	
 1687525830.863394	1687525830.817419	19.291150	-24.397152	-1.024812	0.242562	0.242591	0.216499	-0.021542	-0.018288	2.752595	0.267054	0.230036	0.223133	-0.012334	0.006889	0.981066	-0.193159	
 1687525831.167123	1687525831.119580	19.252306	-24.426802	-1.030129	0.237665	0.237697	0.212738	-0.014064	-0.013928	2.788956	0.233358	0.231190	0.219247	-0.008144	0.005622	0.984457	-0.175349	
 1687525831.571434	1687525831.524224	19.215968	-24.455587	-1.018299	0.291717	0.291864	0.241828	-0.031376	-0.012900	2.814814	0.252872	0.254780	0.249458	-0.016527	0.003812	0.986556	-0.162540	
 1687525831.875982	1687525831.826584	19.186204	-24.466437	-0.990611	0.239469	0.239497	0.214556	-0.050844	-0.020086	2.799050	0.258230	0.223637	0.221079	-0.026757	0.005561	0.985044	-0.170120	
 1687525832.182562	1687525832.129376	19.161101	-24.501476	-0.991275	0.236322	0.236348	0.212388	-0.029543	-0.011933	2.845208	0.316229	0.230307	0.218775	-0.015490	0.003720	0.988927	-0.147545	
 1687525832.585874	1687525832.533777	19.124093	-24.543440	-0.994793	0.289269	0.289331	0.240771	-0.013891	-0.008995	2.873153	0.284246	0.249737	0.248330	-0.007485	0.003527	0.990976	-0.133782	
 1687525832.890744	1687525832.836142	19.077374	-24.556026	-0.989513	0.239165	0.239222	0.214008	-0.011049	-0.013094	2.865184	0.224515	0.219829	0.220496	-0.006374	0.005723	0.990434	-0.137724	
 1687525833.199255	1687525833.139418	19.023043	-24.560632	-0.969342	0.237795	0.237843	0.213092	-0.022509	-0.018595	2.862405	0.220033	0.223291	0.219587	-0.012438	0.007641	0.990182	-0.139022	
 1687525833.603032	1687525833.545136	18.967592	-24.576951	-0.961303	0.292539	0.292596	0.242719	-0.026078	-0.003703	2.890840	0.268069	0.262210	0.250427	-0.013168	0.000206	0.992068	-0.125013	
 1687525834.009519	1687525833.949985	18.911341	-24.586179	-0.971334	0.294652	0.294650	0.244097	-0.022992	-0.010957	2.880126	0.280589	0.246676	0.251974	-0.012111	0.003933	0.991394	-0.130288	
 1687525834.318777	1687525834.253281	18.848439	-24.603956	-0.978727	0.231386	0.231400	0.208846	-0.010599	-0.018620	2.897468	0.231665	0.215361	0.215279	-0.006394	0.008595	0.992509	-0.121704	
 1687525834.722541	1687525834.657399	18.787757	-24.616786	-0.967033	0.298154	0.298273	0.244903	-0.024808	-0.011453	2.894604	0.252510	0.264907	0.252712	-0.013014	0.004155	0.992300	-0.123099	
 1687525835.126264	1687525835.107920	18.725985	-24.613808	-0.965226	0.295901	0.295942	0.244725	0.010104	-0.022128	2.886503	0.276624	0.252989	0.252641	0.003604	0.011616	0.991797	-0.127245	
 1687525835.429731	1687525835.410681	18.653946	-24.617306	-0.962542	0.238490	0.238529	0.213860	-0.002408	-0.013235	2.890526	0.219983	0.236590	0.220300	-0.002023	0.006415	0.992110	-0.125193	
 1687525835.838694	1687525835.813907	18.571828	-24.628055	-0.968203	0.292323	0.292334	0.242710	0.000931	-0.007145	2.877817	0.245076	0.252563	0.250495	-0.000009	0.003603	0.991309	-0.131507	
 1687525836.141384	1687525836.115867	18.494943	-24.651396	-0.977284	0.241717	0.241731	0.215840	0.002136	-0.010688	2.883049	0.217663	0.219557	0.222490	0.000370	0.005437	0.991641	-0.128916	
 1687525836.546340	1687525836.520044	18.428017	-24.675262	-0.990314	0.292976	0.293021	0.242676	0.002902	0.001054	2.890281	0.244994	0.248653	0.250413	0.001506	-0.000341	0.992115	-0.125325	
 1687525836.956212	1687525836.923979	18.347889	-24.685872	-0.989309	0.296533	0.296524	0.244686	-0.035808	-0.011648	2.854282	0.247173	0.246631	0.252337	-0.018552	0.003200	0.989539	-0.143033	
 1687525837.264247	1687525837.226281	18.264257	-24.709730	-0.997574	0.243311	0.243320	0.216459	0.004506	-0.001483	2.904653	0.264490	0.222761	0.222860	0.002150	0.001003	0.992988	-0.118194	
 1687525837.570741	1687525837.530587	18.183050	-24.729103	-0.982263	0.240435	0.240487	0.214853	-0.031300	-0.006457	2.864609	0.217565	0.216313	0.221086	-0.015945	0.001037	0.990306	-0.137982	
 1687525837.873646	1687525837.834963	18.104958	-24.741936	-0.999547	0.235613	0.235620	0.211991	-0.015794	-0.000320	2.862620	0.247447	0.215009	0.217927	-0.007843	-0.000939	0.990257	-0.139029	
 1687525838.277383	1687525838.239721	18.027108	-24.770334	-1.034450	0.286392	0.286397	0.239233	-0.005688	-0.005518	2.879598	0.251982	0.241034	0.246438	-0.003180	0.002364	0.991425	-0.130614	
 1687525838.681970	1687525838.643687	17.944956	-24.800942	-1.038828	0.290571	0.290666	0.241657	-0.025005	-0.004983	2.870961	0.246240	0.244217	0.248917	-0.012724	0.000782	0.990782	-0.134862	
 1687525839.090641	1687525839.048640	17.866914	-24.819931	-1.031390	0.286298	0.286345	0.240823	-0.012816	-0.006874	2.875947	0.268428	0.243858	0.248067	-0.006807	0.002558	0.991169	-0.132407	
 1687525839.398328	1687525839.353000	17.774538	-24.837246	-1.044319	0.242329	0.242376	0.216371	0.009463	-0.010032	2.872137	0.226051	0.219275	0.222590	0.004015	0.005606	0.990911	-0.134341	
 1687525839.703698	1687525839.655478	17.683608	-24.867899	-1.042673	0.239059	0.239104	0.213787	-0.005659	-0.008196	2.871819	0.220304	0.217142	0.219976	-0.003355	0.003680	0.990906	-0.134465	
 1687525840.008396	1687525839.958671	17.584984	-24.895818	-1.045884	0.239752	0.239772	0.213832	0.000198	-0.010016	2.859456	0.219265	0.217127	0.220028	-0.000606	0.004972	0.990054	-0.140600	
 1687525840.313172	1687525840.269663	17.502358	-24.927771	-1.026536	0.235447	0.235508	0.211351	-0.021539	-0.003352	2.887791	0.215875	0.214640	0.217430	-0.010895	0.000299	0.991902	-0.126535	
 1687525840.617020	1687525840.571277	17.422768	-24.940845	-1.020687	0.235655	0.235709	0.212047	-0.016348	-0.000662	2.867194	0.233822	0.214195	0.217913	-0.008143	-0.000790	0.990570	-0.136762	
 1687525841.024067	1687525840.974730	17.345956	-24.955151	-1.032513	0.284873	0.285114	0.239711	0.007703	-0.016852	2.892393	0.255053	0.241044	0.245964	0.002774	0.008839	0.992201	-0.124305	
 1687525841.330440	1687525841.277658	17.251885	-24.985351	-1.034013	0.236265	0.236368	0.211979	-0.002284	-0.013972	2.903873	0.218823	0.216377	0.217682	-0.001962	0.006801	0.992921	-0.118569	
 1687525841.735228	1687525841.682651	17.176394	-25.009242	-1.015469	0.293733	0.293814	0.243157	-0.029384	-0.010832	2.881327	0.250404	0.248254	0.250154	-0.015270	0.003463	0.991433	-0.129671	
 1687525842.042320	1687525841.986898	17.103827	-25.028458	-1.012537	0.231352	0.231514	0.209529	0.004675	-0.014810	2.876304	0.248210	0.214176	0.215189	0.001338	0.007649	0.991183	-0.132269	
 1687525842.351174	1687525842.289952	17.009295	-25.057330	-1.014102	0.241160	0.241227	0.215362	0.002755	-0.012972	2.889598	0.223778	0.219403	0.221153	0.000552	0.006608	0.992050	-0.125670	
 1687525842.657681	1687525842.592243	16.908411	-25.085645	-1.011502	0.238622	0.238637	0.213496	0.003470	-0.008060	2.893660	0.221574	0.217458	0.219403	0.001224	0.004214	0.992316	-0.123655	
 1687525842.967018	1687525842.894680	16.814065	-25.110321	-1.006435	0.238479	0.238493	0.213473	0.000318	-0.015639	2.895726	0.222195	0.215889	0.219468	-0.000801	0.007780	0.992423	-0.122621	
 1687525843.270888	1687525843.198182	16.730147	-25.134122	-0.996620	0.234122	0.234135	0.210842	-0.006840	-0.017178	2.900338	0.219837	0.215690	0.216681	-0.004429	0.008115	0.992694	-0.120301	
 1687525843.674755	1687525843.603734	16.649834	-25.161152	-1.005098	0.294923	0.295043	0.243466	0.022615	-0.011375	2.917812	0.257428	0.250402	0.250308	0.010601	0.006914	0.993660	-0.111712	
 1687525844.079414	1687525844.007843	16.539241	-25.159941	-0.991870	0.293230	0.293278	0.243500	-0.019965	-0.026879	2.875803	0.277363	0.246021	0.250378	-0.011674	0.011997	0.991061	-0.132353	
 1687525844.383847	1687525844.311405	16.441503	-25.180213	-0.981362	0.238513	0.238475	0.214291	-0.000308	-0.031372	2.893450	0.251203	0.231582	0.219861	-0.002094	0.015546	0.992191	-0.123735	
 1687525844.692209	1687525844.613873	16.355673	-25.202934	-0.977321	0.237522	0.237563	0.213035	-0.001699	-0.013018	2.914231	0.223626	0.231109	0.218953	-0.001582	0.006370	0.993525	-0.113428	
 1687525844.996473	1687525844.914536	16.276088	-25.209525	-0.965519	0.232576	0.232580	0.209933	-0.014555	-0.012931	2.907994	0.219070	0.214540	0.215742	-0.007981	0.005573	0.993145	-0.116482	
 1687525845.302716	1687525845.216363	16.201130	-25.218749	-0.976059	0.235902	0.235796	0.212047	-0.003984	-0.019586	2.910259	0.235534	0.217616	0.217680	-0.003109	0.009497	0.993271	-0.115384	
 1687525845.609599	1687525845.566273	16.106560	-25.227867	-0.965961	0.232740	0.232732	0.209411	-0.016342	-0.022603	2.891867	0.220505	0.218378	0.215058	-0.009514	0.010195	0.992130	-0.124435	
 1687525845.913310	1687525845.868430	16.041734	-25.244975	-0.950717	0.237381	0.237360	0.212864	-0.023705	-0.015314	2.893271	0.244077	0.226402	0.218700	-0.012709	0.006130	0.992214	-0.123740	
 1687525846.219404	1687525846.170411	15.982132	-25.266156	-0.943347	0.233794	0.233783	0.210724	-0.022931	-0.002529	2.889310	0.257630	0.219275	0.216444	-0.011533	-0.000188	0.991991	-0.125784	
 1687525846.522746	1687525846.474665	15.924982	-25.283646	-0.945048	0.227996	0.227947	0.206713	-0.029372	-0.013144	2.870145	0.248284	0.209290	0.212367	-0.015439	0.004524	0.990688	-0.135194	
 1687525846.827743	1687525846.778316	15.842012	-25.309654	-0.956479	0.236670	0.236623	0.212345	-0.017566	-0.014477	2.884349	0.280662	0.221220	0.218101	-0.009639	0.006052	0.991684	-0.128196	
 1687525847.134948	1687525847.080570	15.781788	-25.338794	-0.963853	0.238738	0.238780	0.213611	-0.012198	-0.003682	2.904217	0.249870	0.221995	0.219417	-0.006274	0.001106	0.992946	-0.118396	
 1687525847.541087	1687525847.485034	15.730180	-25.355126	-0.958603	0.290553	0.290649	0.242116	-0.060063	0.002942	2.868125	0.266274	0.244832	0.249041	-0.029546	-0.005550	0.990213	-0.136290	
 1687525847.947463	1687525847.888196	15.653947	-25.384610	-0.979740	0.289308	0.289359	0.242119	0.012789	-0.006055	2.893873	0.481793	0.246359	0.248974	0.005972	0.003794	0.992312	-0.123559	
 1687525848.253112	1687525848.192143	15.592541	-25.422074	-1.001047	0.235419	0.235585	0.212040	-0.005732	-0.001438	2.881731	0.232934	0.213331	0.217749	-0.002935	0.000341	0.991567	-0.129563	
 1687525848.560832	1687525848.495249	15.531763	-25.447131	-0.993885	0.235618	0.235708	0.211961	-0.027363	0.007259	2.878398	0.225658	0.213558	0.217944	-0.013086	-0.005393	0.991248	-0.131254	
 1687525848.967050	1687525848.902530	15.481042	-25.471123	-1.004793	0.291254	0.291334	0.242123	-0.004656	0.007501	2.871413	0.310085	0.243878	0.249310	-0.001802	-0.004030	0.990878	-0.134686	
 1687525849.270175	1687525849.210716	15.420722	-25.499252	-1.014951	0.238012	0.238035	0.213384	0.008389	0.004473	2.875579	0.226588	0.215797	0.219556	0.004454	-0.001660	0.991158	-0.132604	
 1687525849.673450	1687525849.613626	15.345514	-25.537785	-1.016415	0.293216	0.293261	0.242991	0.003618	-0.000443	2.861856	0.262252	0.245823	0.250309	0.001761	0.000471	0.990233	-0.139413	
 1687525850.081021	1687525850.018522	15.263210	-25.576379	-1.027137	0.295257	0.295270	0.244243	-0.001398	-0.006558	2.874004	0.258960	0.246209	0.251770	-0.001130	0.003156	0.991058	-0.133393	
 1687525850.384767	1687525850.319216	15.198408	-25.614527	-1.032220	0.239987	0.240018	0.214577	-0.004605	-0.012579	2.889151	0.226393	0.217196	0.220925	-0.003076	0.005949	0.992024	-0.125869	
 1687525852.990793	1687525853.066319	14.984169	-25.683087	-1.010803	0.250684	0.250855	0.221426	0.149840	0.021476	3.024086	0.230726	0.225478	0.227358	0.075345	-0.006294	0.995464	-0.057749	
 1687525853.295635	1687525853.288934	14.898655	-25.691025	-1.001197	0.237626	0.238472	0.215165	0.053977	0.004898	3.064010	0.866237	0.224686	0.218468	0.027060	-0.001400	0.998883	-0.038701	
 1687525853.601206	1687525853.591650	14.811523	-25.699755	-0.968543	0.236451	0.236589	0.212394	-0.003030	0.018606	2.954115	0.358636	0.213753	0.216335	-0.000638	-0.009404	0.995564	-0.093612	
 1687525854.004881	1687525853.996173	14.738245	-25.696976	-0.943935	0.289687	0.290110	0.241491	-0.027384	-0.003720	2.860857	0.247473	0.247732	0.247852	-0.013817	-0.000074	0.990074	-0.139869	
 1687525854.316199	1687525854.302515	14.649812	-25.733160	-0.939990	0.240123	0.240405	0.215194	-0.010022	-0.002730	2.863181	0.257971	0.217425	0.220880	-0.005152	0.000656	0.990314	-0.138748	
 1687525854.619841	1687525854.606509	14.573679	-25.763779	-0.938672	0.239700	0.239808	0.214850	-0.020364	-0.001735	2.843396	0.229643	0.216139	0.220356	-0.010198	-0.000655	0.988855	-0.148530	
 1687525855.026551	1687525855.011571	14.512604	-25.800036	-0.939835	0.288123	0.288346	0.240655	-0.030179	-0.003245	2.871896	0.273584	0.243055	0.247570	-0.015170	-0.000421	0.990811	-0.134400	
 1687525855.331965	1687525855.315107	14.431124	-25.847476	-0.950142	0.237339	0.237412	0.213128	-0.021288	-0.007533	2.878250	0.259083	0.215947	0.219232	-0.011046	0.002337	0.991286	-0.131243	
 1687525855.636388	1687525855.617518	14.359999	-25.888311	-0.961696	0.236419	0.236429	0.212045	0.005573	-0.007701	2.900467	0.243954	0.215667	0.217868	0.002303	0.004157	0.992729	-0.120280	
 1687525855.941618	1687525855.920847	14.284261	-25.915372	-0.952262	0.237966	0.237973	0.213166	-0.015519	-0.008167	2.888365	0.223976	0.215370	0.219118	-0.008213	0.003071	0.991961	-0.126240	
 1687525856.346796	1687525856.324280	14.178116	-25.948447	-0.958526	0.291573	0.291608	0.242346	0.015252	-0.007654	2.902222	0.267996	0.246301	0.249473	0.007114	0.004710	0.992807	-0.119424	
 1687525856.653231	1687525856.627562	14.091710	-25.984558	-0.962629	0.238609	0.238676	0.213974	-0.001185	-0.014648	2.893320	0.234050	0.215701	0.219937	-0.001495	0.007194	0.992279	-0.123810	
 1687525857.061326	1687525857.029946	14.000919	-26.029842	-0.975574	0.294420	0.294459	0.243682	0.030175	-0.014635	2.893483	0.256186	0.248999	0.250943	0.014065	0.009127	0.992162	-0.123829	
 1687525857.368242	1687525857.332915	13.903585	-26.060459	-0.979180	0.237884	0.237865	0.213119	0.056907	-0.008732	2.900962	0.262261	0.215460	0.219158	0.027720	0.007747	0.992345	-0.120099	
 1687525857.671390	1687525857.635442	13.790863	-26.081073	-0.960986	0.240041	0.240157	0.214765	0.015677	-0.002258	2.898176	0.352904	0.216559	0.220836	0.007643	0.002072	0.992570	-0.121413	
 1687525858.077964	1687525858.042930	13.673191	-26.105286	-0.957035	0.287626	0.287591	0.240469	-0.016651	-0.005918	2.876198	0.263721	0.242198	0.247429	-0.008644	0.001831	0.991173	-0.132279	
 1687525858.382088	1687525858.347219	13.582177	-26.135715	-0.970564	0.238354	0.238381	0.213528	-0.006205	-0.009094	2.876463	0.239231	0.216313	0.219503	-0.003676	0.004097	0.991213	-0.132161	
 1687525858.691207	1687525858.649763	13.492368	-26.168701	-0.981681	0.235919	0.235940	0.211805	-0.007622	-0.003898	2.880777	0.227549	0.214816	0.217666	-0.004032	0.001437	0.991501	-0.130030	
 1687525859.098402	1687525859.052532	13.383620	-26.207097	-0.992908	0.295887	0.295962	0.243781	0.036856	-0.018810	2.868246	0.262152	0.246107	0.250854	0.016973	0.011826	0.990439	-0.136391	
 1687525859.506200	1687525859.456467	13.285780	-26.235726	-1.024351	0.296256	0.296270	0.244032	0.071487	-0.016993	2.863224	0.317556	0.246583	0.251152	0.034211	0.013366	0.989619	-0.138942	
 1687525859.809675	1687525859.759571	13.168487	-26.258440	-0.990759	0.241854	0.241997	0.216390	-0.036443	-0.018385	2.843896	0.404775	0.217988	0.222405	-0.019381	0.006387	0.988761	-0.148103	
 1687525860.214701	1687525860.163588	13.075554	-26.282746	-0.995151	0.293021	0.293274	0.244005	0.004632	-0.032045	2.850722	0.336763	0.256169	0.250407	-0.000031	0.016188	0.989308	-0.144941	
 1687525860.520083	1687525860.469728	12.986402	-26.319467	-1.002357	0.238492	0.238546	0.213650	-0.004506	-0.018330	2.883884	0.229747	0.227680	0.219543	-0.003412	0.008799	0.991668	-0.128472	
 1687525860.824166	1687525860.781549	12.876877	-26.360137	-0.992378	0.238974	0.239021	0.213843	-0.018975	-0.010391	2.882654	0.229466	0.220084	0.219773	-0.010078	0.003927	0.991579	-0.129052	
 1687525861.127561	1687525861.083954	12.785045	-26.378213	-0.987950	0.236894	0.236925	0.212475	-0.004793	-0.017668	2.882113	0.248159	0.217347	0.218204	-0.003519	0.008450	0.991557	-0.129350	
 1687525861.432985	1687525861.386269	12.702746	-26.407105	-0.982554	0.234961	0.234957	0.211158	-0.014960	-0.022847	2.907881	0.227633	0.218233	0.217020	-0.008760	0.010473	0.993098	-0.116494	
 1687525861.738336	1687525861.688071	12.623403	-26.438710	-0.981860	0.234405	0.234374	0.211094	-0.019263	-0.023299	2.899435	0.241412	0.223418	0.216891	-0.010967	0.010400	0.992579	-0.120658	
 1687525862.146352	1687525862.092229	12.520952	-26.484625	-0.998559	0.294912	0.294948	0.242994	-0.010487	-0.024280	2.894537	0.288537	0.258106	0.250029	-0.006699	0.011401	0.992301	-0.123140	
 1687525862.453246	1687525862.394721	12.426323	-26.523688	-0.975398	0.239404	0.239391	0.214447	-0.055249	-0.015751	2.894623	0.238868	0.228247	0.220352	-0.028380	0.004410	0.992003	-0.122905	
 1687525862.758647	1687525862.699332	12.321480	-26.553755	-0.960091	0.234301	0.234263	0.211172	-0.021985	-0.016833	2.871142	0.413948	0.226377	0.217007	-0.012026	0.006857	0.990788	-0.134709	
 1687525863.161832	1687525863.104379	12.218772	-26.590159	-0.967936	0.295445	0.295535	0.243881	-0.033698	-0.005722	2.881201	0.298230	0.254480	0.250852	-0.017077	0.000649	0.991398	-0.129762	
 1687525863.466545	1687525863.428143	12.119635	-26.623297	-0.977880	0.236987	0.236950	0.212832	0.008534	-0.024566	2.868935	0.299420	0.217874	0.218661	0.002558	0.012748	0.990631	-0.135947	
 1687525863.772013	1687525863.730225	12.014025	-26.664922	-0.992589	0.235575	0.235614	0.211812	-0.002798	-0.015011	2.874721	0.228664	0.222566	0.217492	-0.002385	0.007253	0.991083	-0.133026	
 1687525864.175865	1687525864.135313	11.910087	-26.705857	-0.990626	0.294286	0.294376	0.243518	-0.030673	-0.008452	2.861640	0.261416	0.250129	0.250610	-0.015775	0.002045	0.990103	-0.139438	
 1687525864.479311	1687525864.437799	11.825560	-26.724217	-1.004418	0.238074	0.238066	0.213679	0.015926	-0.031747	2.821766	0.292847	0.220344	0.219632	0.005333	0.016938	0.987065	-0.159332	
 1687525864.789500	1687525864.740243	11.737948	-26.739643	-1.019193	0.235061	0.235059	0.211395	-0.005375	-0.028811	2.844027	0.237280	0.226563	0.217285	-0.004793	0.013847	0.988852	-0.148180	
 1687525865.195112	1687525865.143614	11.633172	-26.793972	-1.017145	0.294256	0.294203	0.243258	-0.024752	-0.016536	2.865203	0.267391	0.261599	0.250353	-0.013396	0.006484	0.990371	-0.137639	
 1687525865.504842	1687525865.448141	11.538299	-26.812407	-1.019613	0.233955	0.233900	0.211196	-0.000133	-0.013788	2.839741	0.269757	0.221770	0.216515	-0.001102	0.006806	0.988609	-0.150350	
 1687525865.808466	1687525865.750443	11.423647	-26.841857	-1.013084	0.240339	0.240312	0.214592	-0.004095	-0.008299	2.844297	0.230586	0.219741	0.220466	-0.002640	0.003800	0.988963	-0.148091	
 1687525866.212755	1687525866.155132	11.311461	-26.875992	-1.012050	0.291888	0.291832	0.242321	-0.004561	-0.006557	2.826860	0.261616	0.246333	0.249514	-0.002766	0.002881	0.987637	-0.156709	
 1687525866.618059	1687525866.560169	11.180008	-26.916464	-1.017891	0.294043	0.293997	0.243717	-0.015830	0.006925	2.824932	0.263723	0.247122	0.251079	-0.007270	-0.004667	0.987451	-0.157691	
 1687525867.024132	1687525866.964332	11.062600	-26.950290	-1.027831	0.296503	0.296440	0.244938	-0.006383	0.004093	2.818876	0.281356	0.247124	0.252420	-0.002821	-0.002533	0.987002	-0.160664	
 1687525867.328055	1687525867.270036	10.945228	-26.999285	-1.031180	0.240857	0.240847	0.215345	-0.007176	0.008559	2.829874	0.232702	0.217119	0.221631	-0.002880	-0.004784	0.987861	-0.155242	
 1687525867.635620	1687525867.572850	10.846138	-27.029087	-1.035284	0.237544	0.237531	0.213051	-0.011836	0.013529	2.826455	0.229686	0.215786	0.219084	-0.004783	-0.007609	0.987566	-0.156951	
 1687525868.038505	1687525867.980025	10.747684	-27.053395	-1.044594	0.289677	0.289753	0.241107	-0.004919	0.014767	2.844047	0.265039	0.245783	0.248298	-0.001338	-0.007666	0.988921	-0.148238	
 1687525868.343418	1687525868.282144	10.631413	-27.098776	-1.049301	0.238701	0.238708	0.213654	-0.001159	0.013354	2.848019	0.227278	0.219218	0.219817	0.000403	-0.006690	0.989223	-0.146261	
 1687525868.650575	1687525868.584285	10.541978	-27.130296	-1.048069	0.237575	0.237597	0.213094	-0.003132	0.006387	2.822588	0.225525	0.218499	0.218935	-0.001039	-0.003402	0.987299	-0.158831	
 1687525868.955351	1687525868.923065	10.449435	-27.145741	-1.045491	0.235835	0.235832	0.211779	-0.015067	0.002964	2.793142	0.225874	0.214110	0.217608	-0.007162	-0.002765	0.984830	-0.173351	
 1687525869.264546	1687525869.226088	10.363937	-27.156093	-1.039785	0.238825	0.238838	0.213437	-0.027205	0.001563	2.758434	0.244422	0.215149	0.219518	-0.013204	-0.003357	0.981612	-0.190402	
 1687525869.571811	1687525869.527949	10.264716	-27.183413	-1.028778	0.238212	0.238205	0.212860	-0.019561	0.001107	2.740105	0.278538	0.215488	0.218938	-0.009474	-0.002493	0.979870	-0.199394	
 1687525869.875391	1687525869.829015	10.191971	-27.201317	-1.004318	0.239847	0.239832	0.214220	-0.043003	-0.018132	2.711177	0.259632	0.216348	0.220149	-0.022939	0.004263	0.976708	-0.213302	
 1687525870.287071	1687525870.231508	10.118526	-27.207594	-0.986383	0.290129	0.290129	0.241287	-0.045335	-0.025913	2.643451	0.432508	0.276693	0.248341	-0.025157	0.006966	0.968884	-0.246135	
 1687525870.594685	1687525870.538171	10.037914	-27.240937	-0.989456	0.241795	0.241781	0.215890	-0.015695	-0.021348	2.634213	0.402372	0.270871	0.222284	-0.010275	0.008362	0.967929	-0.250874	
 1687525870.903014	1687525870.842256	10.002370	-27.266437	-0.967753	0.238102	0.238099	0.213746	-0.086840	-0.032397	2.620530	0.262223	0.242544	0.219545	-0.046104	0.004457	0.965397	-0.256638	
 1687525871.310851	1687525871.248418	9.922369	-27.279212	-0.983876	0.294456	0.294499	0.243833	-0.043825	-0.037240	2.558338	0.788538	0.356658	0.250830	-0.026334	0.011530	0.957499	-0.287002	
 1687525871.614198	1687525871.551340	9.868509	-27.284566	-0.991101	0.238538	0.238493	0.213804	-0.000411	-0.028049	2.534699	0.408004	0.319636	0.219786	-0.004387	0.013322	0.954219	-0.298779	
 1687525871.920187	1687525871.854744	9.831519	-27.288313	-0.970472	0.236668	0.236789	0.212993	-0.036897	-0.038940	2.519411	0.233340	0.251391	0.218719	-0.023517	0.012886	0.951768	-0.305645	
 1687525872.224843	1687525872.156687	9.793787	-27.280553	-0.965923	0.237657	0.237706	0.213447	-0.045636	-0.035908	2.462736	0.350951	0.314665	0.219534	-0.027487	0.009329	0.942684	-0.332422	
 1687525872.531351	1687525872.458308	9.757698	-27.274692	-0.977443	0.234053	0.234076	0.210620	-0.007323	-0.031395	2.439047	0.359202	0.298058	0.216675	-0.008838	0.013478	0.938833	-0.343995	
 1687525872.934668	1687525872.861636	9.727196	-27.302954	-0.981463	0.294578	0.294814	0.243279	-0.033413	-0.030017	2.428958	0.270899	0.294770	0.250233	-0.020889	0.008236	0.937039	-0.348502	
 1687525873.239752	1687525873.163622	9.724141	-27.331221	-0.989811	0.236938	0.237023	0.213636	-0.021230	-0.037457	2.434659	0.296046	0.270192	0.219037	-0.016439	0.013895	0.938030	-0.345886	
 1687525873.547114	1687525873.469612	9.701499	-27.328845	-0.993996	0.231391	0.231433	0.209432	-0.050628	-0.023418	2.356994	0.259860	0.280289	0.214812	-0.027862	0.001140	0.923786	-0.381891	
 1687525873.956513	1687525873.874120	9.679153	-27.371307	-1.010224	0.293922	0.293664	0.243079	-0.026019	-0.025906	2.332921	0.403236	0.302986	0.250039	-0.017054	0.006790	0.919275	-0.393187	
 1687525874.363557	1687525874.318883	9.663777	-27.398261	-1.001274	0.293688	0.293686	0.244266	-0.086991	-0.034461	2.281010	0.301607	0.294058	0.251056	-0.046693	-0.002491	0.908163	-0.415998	
 1687525874.667626	1687525874.621931	9.676456	-27.415336	-1.034793	0.239379	0.239274	0.215256	-0.042591	-0.042432	2.270291	0.517954	0.317617	0.220591	-0.028251	0.010245	0.906377	-0.421400	
 1687525875.074046	1687525875.026069	9.670640	-27.453151	-1.034875	0.295265	0.295304	0.243868	-0.064149	-0.018888	2.246174	0.366228	0.373389	0.250586	-0.032993	-0.005373	0.901068	-0.432387	
 1687525875.378315	1687525875.328648	9.671093	-27.475249	-1.029656	0.238325	0.238442	0.214510	-0.071476	-0.029078	2.230064	0.398081	0.256060	0.219654	-0.038475	-0.002679	0.897485	-0.439355	
 1687525875.685237	1687525875.632843	9.667914	-27.492256	-1.036350	0.237437	0.237425	0.213340	-0.050915	-0.033978	2.200097	0.441890	0.289431	0.218547	-0.030385	0.003592	0.891008	-0.452955	
 1687525876.090667	1687525876.037277	9.666076	-27.536744	-1.040658	0.291968	0.292012	0.242394	-0.057716	-0.026582	2.151224	0.394660	0.340972	0.249266	-0.031699	-0.002021	0.879619	-0.474616	
 1687525876.395214	1687525876.340184	9.680993	-27.557944	-1.047077	0.239937	0.240028	0.214979	-0.051155	-0.013428	2.156636	0.379175	0.279177	0.220552	-0.025708	-0.006177	0.880937	-0.472494	
 1687525876.700424	1687525876.643434	9.673670	-27.560606	-1.038206	0.238478	0.238680	0.213743	-0.056020	-0.010520	2.117479	0.337395	0.235640	0.219208	-0.026990	-0.009139	0.871457	-0.489644	
 1687525877.003268	1687525876.946841	9.671062	-27.567520	-1.031075	0.238306	0.238267	0.213969	-0.049111	-0.027459	2.054901	0.356919	0.230001	0.219502	0.028111	0.000944	-0.855819	0.516510	
 1687525877.410070	1687525877.350701	9.680062	-27.610111	-1.034694	0.290884	0.290949	0.241470	-0.044162	-0.022532	2.041426	0.372868	0.306345	0.248464	0.024709	0.001940	-0.852349	0.522386	
 1687525877.712952	1687525877.653773	9.691141	-27.619465	-1.014488	0.239621	0.239678	0.214923	-0.068247	-0.013866	2.005040	0.318444	0.258178	0.220409	0.032483	0.012521	-0.842446	0.537654	
 1687525878.018818	1687525877.956169	9.694897	-27.632285	-0.999783	0.236091	0.236145	0.212692	-0.062117	-0.017046	1.973428	0.404109	0.231490	0.218128	0.030602	0.010017	-0.833932	0.550927	
 1687525878.425688	1687525878.357657	9.700305	-27.677741	-1.007179	0.285911	0.285996	0.240011	-0.048136	-0.015780	1.965133	0.409711	0.263192	0.246795	0.024397	0.006792	-0.831763	0.554553	
 1687525878.728552	1687525878.659485	9.700918	-27.682955	-1.001236	0.238304	0.238359	0.214108	-0.105235	-0.014891	1.896432	0.320211	0.232453	0.219403	0.047060	0.024628	-0.811458	0.581992	
 1687525879.131978	1687525879.067981	9.699098	-27.700846	-1.004631	0.289744	0.289536	0.241883	-0.066893	-0.018152	1.867037	0.649193	0.257502	0.248129	0.032273	0.012606	-0.803416	0.594409	
 1687525879.539635	1687525879.492053	9.718188	-27.710591	-1.009283	0.294351	0.294502	0.243869	-0.048713	-0.012263	1.863984	0.465281	0.267532	0.250869	0.023206	0.009600	-0.802645	0.595928	
 1687525879.851778	1687525879.794272	9.711247	-27.719633	-0.993310	0.241057	0.241246	0.215679	-0.062617	-0.015834	1.811856	0.321835	0.225183	0.221805	0.029517	0.013085	-0.786740	0.616439	
 1687525880.155723	1687525880.097518	9.717545	-27.724534	-0.995121	0.238391	0.238446	0.213985	-0.057607	-0.018271	1.771706	0.389425	0.227613	0.219755	0.028080	0.011147	-0.774268	0.632137	
 1687525880.563982	1687525880.500416	9.726910	-27.740018	-0.997232	0.290964	0.291204	0.240813	-0.036061	-0.006411	1.771822	0.408886	0.258886	0.247354	0.015991	0.008923	-0.774398	0.632433	
 1687525880.870544	1687525880.803696	9.732596	-27.745165	-0.981005	0.238925	0.239164	0.213984	-0.069507	-0.011548	1.755410	0.281583	0.217303	0.220153	0.030416	0.017761	-0.768925	0.638368	
 1687525881.277006	1687525881.210765	9.723483	-27.754935	-0.992924	0.294026	0.294144	0.243698	-0.022475	-0.018539	1.668883	0.459266	0.249116	0.250753	0.014550	0.000679	-0.740913	0.671443	
 1687525881.584694	1687525881.512634	9.723768	-27.774228	-1.000106	0.235325	0.235493	0.211649	-0.017337	-0.019485	1.650064	0.236050	0.224977	0.217528	0.012978	-0.001275	-0.734564	0.678414	
 1687525881.889073	1687525881.814075	9.745651	-27.790928	-0.997055	0.240253	0.240427	0.214628	-0.030597	-0.021363	1.664139	0.230889	0.229629	0.220667	0.018501	0.002404	-0.739308	0.673109	
 1687525882.293340	1687525882.217465	9.728657	-27.805254	-0.987241	0.290857	0.291028	0.241926	-0.055312	-0.024527	1.569586	0.293887	0.259413	0.249132	0.028213	0.010901	-0.706595	0.706971	
 1687525882.699236	1687525882.622931	9.726607	-27.829434	-0.987908	0.294993	0.295015	0.244390	-0.046702	-0.023806	1.555519	0.411388	0.266701	0.251757	0.024861	0.008285	-0.701642	0.712048	
 1687525883.104387	1687525883.025037	9.728241	-27.856736	-0.993441	0.296376	0.296457	0.244997	-0.048903	-0.027300	1.518256	0.363063	0.264227	0.252468	0.026726	0.008343	-0.688261	0.724922	
 1687525883.410200	1687525883.327234	9.722916	-27.887952	-0.997666	0.239614	0.239627	0.214629	-0.042119	-0.029880	1.486666	0.341884	0.238885	0.220894	0.025245	0.005393	-0.676752	0.735759	
 1687525883.713182	1687525883.629564	9.735022	-27.909822	-1.006192	0.233277	0.233269	0.210235	-0.040109	-0.031479	1.502708	0.303747	0.236073	0.216332	0.025186	0.003911	-0.682638	0.730312	
 1687525884.117280	1687525884.035846	9.727478	-27.930777	-1.009308	0.290634	0.290732	0.241441	-0.060498	-0.024488	1.423830	0.346086	0.274980	0.248611	0.029022	0.014902	-0.653218	0.756467	
 1687525884.421111	1687525884.338637	9.713838	-27.970485	-1.015348	0.238144	0.238162	0.213023	-0.038237	-0.021116	1.380511	0.428747	0.236467	0.218915	0.020311	0.008019	-0.636738	0.770771	
 1687525884.724528	1687525884.691716	9.712319	-28.009322	-1.005823	0.238632	0.238672	0.213434	-0.036004	-0.025416	1.363177	0.312345	0.232725	0.219632	0.021207	0.005973	-0.630052	0.776240	
 1687525885.130032	1687525885.095695	9.732737	-28.040105	-1.004155	0.286774	0.286872	0.240239	-0.042603	-0.037123	1.390049	0.337751	0.268302	0.247456	0.027890	0.004473	-0.640452	0.767478	
 1687525885.438589	1687525885.398812	9.730833	-28.068030	-1.018975	0.237157	0.237266	0.212917	-0.042704	-0.012497	1.344412	0.337834	0.261147	0.218979	0.018183	0.012815	-0.622664	0.782173	
 1687525885.742836	1687525885.701991	9.704400	-28.113754	-1.021826	0.239565	0.239567	0.214353	-0.061317	-0.027028	1.235980	0.331790	0.223994	0.220288	0.028768	0.017156	-0.579410	0.814347	
 1687525886.149403	1687525886.104895	9.696496	-28.158170	-1.021873	0.286223	0.286264	0.239521	-0.050981	-0.032123	1.237944	0.489060	0.281106	0.246427	0.027863	0.011441	-0.580268	0.813868	
 1687525886.555435	1687525886.509200	9.713264	-28.201069	-1.024371	0.294019	0.294059	0.243758	-0.050506	-0.043872	1.197115	0.457765	0.301802	0.251300	0.032339	0.008500	-0.563594	0.825375	
 1687525886.865128	1687525886.815716	9.728177	-28.252373	-1.038013	0.239551	0.239558	0.214512	-0.035624	-0.039639	1.181856	0.412597	0.304987	0.220766	0.026376	0.003748	-0.557227	0.829933	
 1687525887.272974	1687525887.218975	9.742322	-28.291847	-1.046381	0.295988	0.296148	0.244303	-0.045193	-0.041729	1.187258	0.370451	0.325680	0.251825	0.029925	0.007058	-0.559499	0.828260	
 1687525887.679707	1687525887.622570	9.745932	-28.327181	-1.058816	0.297775	0.297890	0.245336	-0.019398	-0.030629	1.142040	0.411985	0.328076	0.252869	0.018125	-0.000118	-0.540527	0.841132	
 1687525887.985371	1687525887.924293	9.738803	-28.368451	-1.048297	0.240289	0.240431	0.215049	-0.033732	-0.036947	1.095357	0.259099	0.258077	0.221259	0.024549	0.004779	-0.520810	0.853306	
 1687525888.391982	1687525888.328709	9.758102	-28.402762	-1.047013	0.295621	0.295777	0.244117	-0.016312	-0.039546	1.101921	0.341801	0.310213	0.251629	0.021114	-0.003403	-0.523523	0.851743	
 1687525888.695828	1687525888.631037	9.780259	-28.426656	-1.048426	0.241424	0.241618	0.215635	-0.036275	-0.024498	1.085621	0.252356	0.277075	0.221748	0.019854	0.009202	-0.516611	0.855941	
 1687525889.100920	1687525889.036262	9.775906	-28.462971	-1.036882	0.294488	0.294375	0.243705	-0.061572	-0.038790	1.012065	0.342519	0.279724	0.250901	0.031872	0.017523	-0.484912	0.873806	
 1687525889.504305	1687525889.441037	9.793895	-28.489948	-1.048530	0.294035	0.294000	0.243908	-0.028770	-0.043271	1.026430	0.486471	0.337854	0.251325	0.025906	0.001908	-0.491086	0.870724	
 1687525889.810318	1687525889.743760	9.817298	-28.522118	-1.053503	0.240302	0.240319	0.215030	-0.031815	-0.040924	1.014463	0.282590	0.290387	0.221146	0.025607	0.003964	-0.485881	0.873641	
 1687525890.214096	1687525890.164033	9.832195	-28.568089	-1.046426	0.295072	0.295077	0.243823	-0.063848	-0.031142	0.980102	0.332587	0.327086	0.251125	0.028752	0.020834	-0.470813	0.881518	
 1687525890.518221	1687525890.468750	9.850545	-28.611545	-1.046224	0.237201	0.237070	0.213007	-0.048345	-0.031162	0.982180	0.416287	0.273226	0.219097	0.025132	0.013966	-0.471724	0.881277	
 1687525890.822217	1687525890.769461	9.881803	-28.672643	-1.053760	0.236553	0.236524	0.212307	-0.037859	-0.033206	0.989529	0.329748	0.260706	0.218430	0.023595	0.008774	-0.474951	0.879652	
 1687525891.228226	1687525891.172366	9.916230	-28.717293	-1.059259	0.292848	0.292954	0.242642	-0.044948	-0.031977	1.021856	0.345117	0.304252	0.249705	0.024930	0.011784	-0.489114	0.871784	
 1687525891.534721	1687525891.479816	9.938496	-28.769151	-1.065315	0.239081	0.239109	0.214158	-0.041617	-0.029999	1.019822	0.329041	0.265256	0.220344	0.023243	0.010839	-0.488211	0.872349	
 1687525891.837707	1687525891.781379	9.976470	-28.844173	-1.073896	0.232991	0.233035	0.210059	-0.019399	-0.035027	1.021160	0.297282	0.249220	0.215907	0.020018	-0.000097	-0.488734	0.872203	
 1687525892.145174	1687525892.083837	10.025043	-28.902300	-1.083793	0.236975	0.237227	0.212833	-0.018122	-0.038853	1.024786	0.247311	0.260166	0.218383	0.021371	-0.001628	-0.490305	0.871287	
 1687525892.549680	1687525892.487701	10.067769	-28.962148	-1.086856	0.291969	0.292262	0.242294	-0.036529	-0.036882	1.015646	0.280649	0.308024	0.249138	0.024990	0.006991	-0.486407	0.873347	
 1687525892.955333	1687525892.890536	10.112451	-29.045305	-1.098161	0.292406	0.292491	0.243019	-0.018129	-0.045521	1.015283	0.342733	0.315110	0.250246	0.024293	-0.003144	-0.486152	0.873531	
 1687525893.262653	1687525893.194082	10.182861	-29.117639	-1.098412	0.241022	0.241108	0.215576	-0.024371	-0.052717	1.029557	0.249464	0.289159	0.221808	0.028935	-0.002373	-0.492414	0.869877	
 1687525893.567065	1687525893.499365	10.254597	-29.219924	-1.111038	0.234074	0.234096	0.210932	-0.010935	-0.053511	1.019606	0.252920	0.290626	0.216997	0.026017	-0.008284	-0.487951	0.872444	
 1687525893.872403	1687525893.802485	10.316286	-29.302348	-1.123632	0.236481	0.236537	0.212395	-0.022930	-0.052245	1.038809	0.232771	0.293372	0.218152	0.028362	-0.003015	-0.496421	0.867613	
 1687525894.181532	1687525894.106087	10.368469	-29.381047	-1.138096	0.234121	0.234176	0.210709	-0.021613	-0.051448	1.023926	0.248067	0.284819	0.215760	0.027714	-0.003182	-0.489941	0.871309	
 1687525894.486451	1687525894.409712	10.421564	-29.452325	-1.150008	0.240713	0.240803	0.215156	-0.021921	-0.053006	1.025157	0.250890	0.288379	0.220326	0.028466	-0.003447	-0.490478	0.870982	
 1687525894.797696	1687525894.711284	10.476135	-29.519299	-1.151647	0.236823	0.236846	0.212508	-0.034971	-0.062333	1.004357	0.252700	0.298663	0.217705	0.035722	0.000322	-0.481506	0.875714	
 1687525895.205480	1687525895.117644	10.521529	-29.578908	-1.144872	0.287877	0.288049	0.241416	-0.039684	-0.061535	0.968061	0.327521	0.380054	0.247602	0.036452	0.003241	-0.465579	0.884250	
 1687525895.516183	1687525895.457073	10.612371	-29.623646	-1.162327	0.240029	0.240369	0.216388	-0.027757	-0.049992	1.053332	0.299855	0.332981	0.220898	0.028578	-0.000568	-0.502748	0.863960	
 1687525895.832834	1687525895.760224	10.675659	-29.697807	-1.165976	0.249096	0.249025	0.220558	-0.027975	-0.049982	0.985003	0.275230	0.306163	0.225708	0.028628	0.000507	-0.472946	0.880626	
 1687525896.236344	1687525896.164763	10.729640	-29.785547	-1.161892	0.286324	0.286049	0.239968	-0.042652	-0.050362	1.037490	0.312163	0.360877	0.246281	0.032430	0.006033	-0.495987	0.867703	
 1687525896.540435	1687525896.466213	10.791343	-29.845364	-1.165144	0.237008	0.236891	0.212865	-0.026119	-0.054465	1.034778	0.343872	0.335105	0.218395	0.030120	-0.002121	-0.494696	0.868541	
 1687525896.844933	1687525896.767525	10.848979	-29.888518	-1.162351	0.238731	0.238695	0.214043	-0.033308	-0.052503	1.008465	0.282823	0.357945	0.219557	0.031022	0.001896	-0.483285	0.874911	
 1687525897.150405	1687525897.070418	10.895761	-29.942744	-1.159625	0.234936	0.234878	0.211548	-0.030829	-0.050557	0.995247	0.318433	0.369823	0.216862	0.029563	0.001476	-0.477472	0.878148	
 1687525897.454832	1687525897.372834	10.941131	-29.992449	-1.152834	0.238787	0.238739	0.213890	-0.041285	-0.052497	1.008704	0.315793	0.375890	0.219507	0.032944	0.005385	-0.483445	0.874738	
 1687525897.761051	1687525897.674677	10.987690	-30.034870	-1.149039	0.233909	0.233913	0.210843	-0.040013	-0.052719	1.010077	0.357839	0.372754	0.216528	0.032737	0.004751	-0.484038	0.874422	
 1687525898.069182	1687525897.982970	11.039539	-30.075273	-1.148708	0.238585	0.238538	0.213955	-0.047895	-0.051753	0.990638	0.358715	0.383535	0.219649	0.034135	0.008766	-0.475562	0.878976	
 1687525898.372807	1687525898.285975	11.091977	-30.135770	-1.163599	0.236958	0.236917	0.212858	-0.028997	-0.047806	0.993706	0.418048	0.396881	0.218511	0.027917	0.001350	-0.476780	0.878578	
 1687525898.678035	1687525898.589920	11.142114	-30.198585	-1.168154	0.236734	0.236716	0.212475	-0.036119	-0.044406	0.996119	0.308522	0.370808	0.218217	0.028125	0.005256	-0.477878	0.877960	
 1687525898.985559	1687525898.891465	11.182683	-30.260214	-1.160088	0.234521	0.234535	0.211288	-0.039398	-0.037319	0.986983	0.336159	0.345612	0.217077	0.025758	0.008508	-0.473853	0.880186	
 1687525899.389844	1687525899.393518	11.237515	-30.316556	-1.159953	0.293380	0.293272	0.243191	-0.046324	-0.040139	0.997350	0.389150	0.350733	0.250013	0.028694	0.010740	-0.478446	0.877582	
 1687525899.701885	1687525899.696088	11.288016	-30.394523	-1.163880	0.237083	0.237011	0.213363	-0.038630	-0.037921	0.977577	0.392981	0.328946	0.219039	0.025803	0.008148	-0.469708	0.882407	
 1687525900.005089	1687525899.999334	11.332399	-30.471956	-1.168456	0.240435	0.240388	0.215183	-0.048156	-0.028239	0.983963	0.355178	0.325754	0.221053	0.023813	0.014551	-0.472489	0.880895	
 1687525900.408860	1687525900.406289	11.376571	-30.540511	-1.179220	0.291783	0.291598	0.242447	-0.035837	-0.026372	0.970699	0.458231	0.321542	0.249491	0.020019	0.009696	-0.466611	0.884183	
 1687525900.714910	1687525900.714485	11.424460	-30.610924	-1.186729	0.238473	0.238480	0.214215	-0.034529	-0.028509	0.974520	0.340436	0.279438	0.219951	0.020675	0.008580	-0.468307	0.883282	
 1687525901.020341	1687525901.015899	11.471256	-30.693955	-1.195571	0.235427	0.235443	0.211875	-0.035337	-0.021807	0.967518	0.332263	0.285680	0.217595	0.017867	0.010569	-0.465180	0.884972	
 1687525901.423569	1687525901.419913	11.510550	-30.778368	-1.196168	0.288302	0.288315	0.240757	-0.035588	-0.013712	0.969694	0.369742	0.292347	0.247653	0.014358	0.012547	-0.466096	0.884529	
 1687525901.726589	1687525901.724048	11.545389	-30.852937	-1.192532	0.236883	0.236891	0.212856	-0.026777	-0.017408	0.971204	0.331780	0.237395	0.218969	0.013945	0.007778	-0.466784	0.884227	
 1687525902.129861	1687525902.126289	11.592799	-30.937041	-1.192732	0.291847	0.292040	0.242819	-0.046965	-0.013849	0.991946	0.328863	0.279725	0.250101	0.017262	0.017356	-0.475888	0.879165	
 1687525902.436851	1687525902.434025	11.626387	-31.023781	-1.201780	0.236034	0.236058	0.212253	-0.041208	-0.012904	0.992532	0.420430	0.240967	0.218441	0.015482	0.015045	-0.476151	0.879098	
 1687525902.739856	1687525902.735977	11.653069	-31.122069	-1.212089	0.239732	0.239765	0.214297	-0.037143	-0.011305	0.992672	0.383152	0.239616	0.220551	0.013813	0.013638	-0.476209	0.879118	
 1687525903.052221	1687525903.040636	11.680405	-31.217583	-1.216754	0.234497	0.234522	0.210856	-0.039325	-0.016128	0.996229	0.344466	0.230352	0.217036	0.016476	0.013420	-0.477801	0.878211	
 1687525903.358936	1687525903.343160	11.735354	-31.331147	-1.212346	0.242141	0.242186	0.216105	-0.048908	-0.019523	1.005196	0.359961	0.247121	0.222504	0.020330	0.016726	-0.481746	0.875915	
 1687525903.667214	1687525903.649573	11.783822	-31.431111	-1.225480	0.237034	0.237098	0.212792	-0.041420	-0.020119	1.001716	0.411094	0.253142	0.218958	0.018765	0.013335	-0.480234	0.876838	
 1687525903.975666	1687525903.952332	11.834722	-31.530428	-1.234205	0.235613	0.235644	0.211490	-0.039786	-0.022524	1.004251	0.357245	0.251213	0.217576	0.019443	0.012016	-0.481361	0.876225	
 1687525904.382230	1687525904.355551	11.892362	-31.641331	-1.227274	0.295904	0.295932	0.243970	-0.069765	-0.028669	1.017223	0.399904	0.297154	0.251553	0.029493	0.023482	-0.487055	0.872557	
 1687525904.687771	1687525904.660301	11.943335	-31.732229	-1.242295	0.237610	0.237603	0.213554	-0.040232	-0.029935	1.012795	0.575584	0.288485	0.219963	0.022841	0.010330	-0.485141	0.874077	
 1687525905.000768	1687525904.963879	11.998307	-31.825988	-1.256288	0.236745	0.236809	0.212586	-0.045846	-0.031682	1.002252	0.361565	0.289173	0.218903	0.024899	0.012492	-0.480545	0.876527	
 1687525905.306585	1687525905.269771	12.061020	-31.912669	-1.264241	0.239505	0.239564	0.214141	-0.040121	-0.035838	1.010169	0.399284	0.299827	0.220568	0.025382	0.008883	-0.484021	0.874643	
 1687525905.611883	1687525905.571486	12.121180	-31.997441	-1.267966	0.239038	0.239134	0.213943	-0.034661	-0.037254	1.004376	0.372691	0.323218	0.220278	0.024664	0.006223	-0.481472	0.876092	
 1687525906.018126	1687525905.981323	12.176601	-32.076378	-1.272653	0.291793	0.292004	0.242171	-0.036916	-0.041153	1.009889	0.380750	0.370353	0.249666	0.026931	0.006199	-0.483906	0.874683	
 1687525906.423517	1687525906.384533	12.231671	-32.156779	-1.273479	0.286108	0.286256	0.239584	-0.035412	-0.038370	1.005988	0.389023	0.386358	0.246559	0.025338	0.006263	-0.482184	0.875681	
 1687525906.729706	1687525906.688161	12.290106	-32.227650	-1.272976	0.237865	0.237954	0.213160	-0.037058	-0.043114	1.016456	0.339207	0.331784	0.219711	0.027842	0.005695	-0.486782	0.873061	
 1687525907.136596	1687525907.093767	12.365557	-32.313801	-1.275941	0.294158	0.294351	0.243268	-0.036996	-0.050223	1.006192	0.395425	0.403341	0.251082	0.030909	0.004096	-0.482313	0.875444	
 1687525907.541409	1687525907.496918	12.426828	-32.388349	-1.277807	0.296120	0.296339	0.244656	-0.036924	-0.048990	0.988267	0.405808	0.464142	0.252542	0.030312	0.004634	-0.474444	0.879752	
 1687525907.849703	1687525907.802706	12.492072	-32.486926	-1.278815	0.239880	0.239965	0.214702	-0.035545	-0.046952	0.994676	0.350456	0.395637	0.221365	0.029103	0.004417	-0.477247	0.878276	
 1687525908.155814	1687525908.106486	12.557564	-32.578842	-1.282409	0.239299	0.239357	0.214140	-0.036342	-0.049009	0.994683	0.346458	0.388788	0.220676	0.030197	0.004276	-0.477260	0.878233	
 1687525908.459342	1687525908.409290	12.629730	-32.661089	-1.287569	0.238489	0.238507	0.213414	-0.038304	-0.049528	0.995954	0.349768	0.399708	0.219884	0.030895	0.004995	-0.477832	0.877894	
 1687525908.763912	1687525908.711616	12.700447	-32.738482	-1.291581	0.236588	0.236580	0.212132	-0.039167	-0.043897	0.994615	0.356215	0.396041	0.218463	0.028624	0.006738	-0.477232	0.878285	
 1687525909.167683	1687525909.116833	12.774774	-32.815193	-1.292544	0.286286	0.286176	0.239627	-0.044239	-0.045189	1.005822	0.402720	0.405482	0.246941	0.030448	0.008488	-0.482175	0.875504	
 1687525909.572421	1687525909.523006	12.842439	-32.890758	-1.293808	0.293269	0.293124	0.243437	-0.048908	-0.050947	0.981817	0.448648	0.422459	0.250947	0.033979	0.009553	-0.471683	0.881062	
 1687525909.877034	1687525909.824873	12.888362	-32.970490	-1.294437	0.239314	0.239293	0.214487	-0.044087	-0.048887	0.964728	0.432469	0.414524	0.221040	0.031869	0.008186	-0.464101	0.885171	
 1687525910.185118	1687525910.128470	12.953620	-33.044977	-1.303366	0.237542	0.237557	0.212873	-0.038895	-0.046347	1.000901	0.388614	0.393260	0.219339	0.029654	0.005941	-0.479997	0.876749	
 1687525910.588604	1687525910.533352	13.020803	-33.123994	-1.293600	0.295884	0.295865	0.243963	-0.056487	-0.044042	0.979885	0.397608	0.416838	0.251607	0.032707	0.014554	-0.470822	0.881502	
 1687525910.895269	1687525910.834936	13.073449	-33.195732	-1.298768	0.235102	0.235066	0.211612	-0.051432	-0.056962	0.971137	0.465787	0.357659	0.217992	0.037173	0.009446	-0.467015	0.883417	
 1687525911.199426	1687525911.159653	13.127907	-33.276549	-1.296598	0.238646	0.238658	0.214203	-0.061024	-0.049578	0.975408	0.429072	0.433984	0.220695	0.036178	0.015333	-0.468905	0.882374	
 1687525911.505878	1687525911.463229	13.198576	-33.356173	-1.329617	0.236137	0.236175	0.211835	-0.013436	-0.032249	1.009105	0.474350	0.373453	0.218206	0.017361	-0.001914	-0.483437	0.875205	
 1687525911.809862	1687525911.768275	13.253751	-33.440034	-1.332603	0.238616	0.238852	0.213841	-0.038021	-0.032210	0.991780	0.236711	0.284656	0.219800	0.023205	0.009056	-0.475936	0.879127	
 1687525912.218022	1687525912.174037	13.316760	-33.525852	-1.329986	0.290210	0.290186	0.241810	-0.041681	-0.029979	1.008698	0.378157	0.330241	0.248930	0.023189	0.011000	-0.483352	0.875050	
 1687525912.521816	1687525912.481535	13.369495	-33.605425	-1.327714	0.241363	0.241323	0.215918	-0.037213	-0.028485	0.984796	0.358798	0.286362	0.222206	0.021343	0.009662	-0.472844	0.880835	
 1687525912.826167	1687525912.785265	13.429548	-33.680386	-1.330453	0.234215	0.234220	0.211068	-0.036333	-0.029267	0.985716	0.320611	0.271844	0.217252	0.021484	0.009080	-0.473251	0.880619	
 1687525913.229281	1687525913.189222	13.485562	-33.754124	-1.345046	0.290618	0.290735	0.241817	-0.041130	-0.030057	0.970972	0.367226	0.317311	0.249206	0.022883	0.011174	-0.466760	0.884017	
 1687525913.635688	1687525913.593324	13.548271	-33.833684	-1.347581	0.295312	0.295306	0.244323	-0.051914	-0.027296	0.980290	0.393137	0.321900	0.251872	0.024254	0.016474	-0.470864	0.881718	
 1687525913.942503	1687525913.896932	13.590736	-33.910483	-1.342418	0.240855	0.240826	0.215377	-0.044798	-0.022809	0.974779	0.418815	0.277915	0.221848	0.020562	0.014448	-0.468399	0.883160	
 1687525914.249453	1687525914.199332	13.633405	-33.991021	-1.340465	0.239314	0.239341	0.214238	-0.038351	-0.025124	0.986234	0.368529	0.259764	0.220690	0.020139	0.010943	-0.473461	0.880516	
 1687525914.555946	1687525914.501598	13.680499	-34.072269	-1.341664	0.237392	0.237458	0.212772	-0.037362	-0.025838	0.987346	0.327655	0.262607	0.219184	0.020225	0.010328	-0.473954	0.880257	
 1687525914.865743	1687525914.805558	13.736695	-34.160223	-1.341582	0.239537	0.239613	0.214079	-0.038519	-0.026942	0.985858	0.326547	0.267200	0.220491	0.020977	0.010591	-0.473306	0.880585	
 1687525915.272362	1687525915.209524	13.780067	-34.231184	-1.339035	0.294004	0.294140	0.243248	-0.031208	-0.034296	0.974252	0.371725	0.305100	0.250889	0.022453	0.005761	-0.468199	0.883319	
 1687525915.576361	1687525915.511914	13.834470	-34.312092	-1.345243	0.238383	0.238492	0.213734	-0.019368	-0.026246	0.991204	0.291102	0.291255	0.220222	0.016148	0.002278	-0.475610	0.879505	
 1687525915.879798	1687525915.814908	13.883033	-34.378700	-1.333268	0.237190	0.237289	0.212990	-0.059778	-0.028083	0.992703	0.248462	0.260856	0.219307	0.026571	0.019592	-0.476330	0.878647	
 1687525916.283503	1687525916.239513	13.925532	-34.447047	-1.338314	0.291013	0.290978	0.241966	-0.056839	-0.026728	0.994690	0.500519	0.307800	0.249516	0.025296	0.018598	-0.477192	0.878238	
 1687525916.586754	1687525916.543335	13.983672	-34.525786	-1.341364	0.235763	0.235753	0.212058	-0.040077	-0.027891	0.990062	0.418254	0.264659	0.218494	0.021787	0.011007	-0.475163	0.879559	
 1687525916.892326	1687525916.847360	14.029038	-34.607384	-1.353549	0.236330	0.236369	0.212345	-0.033371	-0.021969	0.968748	0.332747	0.269642	0.218672	0.017488	0.009650	-0.465724	0.884705	
 1687525917.194927	1687525917.150767	14.082558	-34.682797	-1.358679	0.234100	0.234188	0.210825	-0.039979	-0.023889	0.980853	0.296433	0.248777	0.217113	0.019948	0.012006	-0.471085	0.881781	
 1687525917.504529	1687525917.455324	14.141668	-34.757262	-1.368012	0.233362	0.233419	0.210254	-0.034164	-0.023970	0.979041	0.326715	0.254106	0.216465	0.018607	0.009440	-0.470281	0.882270	
 1687525917.807735	1687525917.757979	14.207800	-34.832114	-1.369565	0.238986	0.239053	0.213841	-0.037247	-0.024770	0.974263	0.301161	0.256298	0.220136	0.019659	0.010659	-0.468180	0.883350	
 1687525918.214577	1687525918.161505	14.251423	-34.904249	-1.368299	0.291561	0.291596	0.242073	-0.042186	-0.022046	0.968035	0.362260	0.295989	0.249604	0.019569	0.013540	-0.465413	0.884774	
 1687525918.518298	1687525918.465681	14.290904	-34.976106	-1.371658	0.238094	0.238155	0.213720	-0.016322	-0.024785	0.976604	0.342337	0.253443	0.220137	0.014772	0.001393	-0.469165	0.882986	
 1687525918.822270	1687525918.768105	14.348509	-35.068155	-1.381295	0.231770	0.231917	0.209449	-0.026696	-0.025128	0.981538	0.234910	0.250161	0.215644	0.017370	0.005850	-0.471373	0.881743	
 1687525919.229524	1687525919.169577	14.400407	-35.154823	-1.389458	0.294418	0.294642	0.243294	-0.038459	-0.024001	0.975694	0.311382	0.296074	0.251003	0.019610	0.011360	-0.468809	0.883009	
 1687525919.536427	1687525919.472240	14.447864	-35.238401	-1.394189	0.240632	0.240683	0.215232	-0.037546	-0.019102	0.981900	0.316092	0.256192	0.221954	0.017271	0.012052	-0.471517	0.881605	
 1687525919.840755	1687525919.780289	14.498351	-35.334923	-1.397391	0.238477	0.238485	0.213716	-0.036387	-0.018237	0.984096	0.307812	0.241516	0.220216	0.016630	0.011726	-0.472480	0.881106	
 1687525920.247499	1687525920.185571	14.537095	-35.416276	-1.400961	0.288860	0.288852	0.240938	-0.039258	-0.020368	0.983047	0.346590	0.271422	0.248590	0.018239	0.012498	-0.472031	0.881305	
 1687525920.557551	1687525920.487942	14.581882	-35.490268	-1.404959	0.242742	0.242773	0.216459	-0.031427	-0.016843	0.998087	0.325083	0.249421	0.223205	0.014913	0.009766	-0.478626	0.877838	
 1687525920.866205	1687525920.791251	14.640848	-35.580448	-1.402939	0.240040	0.240100	0.214553	-0.034725	-0.019755	0.992992	0.289018	0.238171	0.221103	0.016953	0.010560	-0.476403	0.879000	
 1687525921.170133	1687525921.093514	14.691402	-35.656840	-1.403579	0.235423	0.235486	0.211554	-0.034473	-0.021686	0.991401	0.297287	0.241336	0.217956	0.017734	0.010004	-0.475714	0.879364	
 1687525921.575645	1687525921.509756	14.748775	-35.740096	-1.404444	0.289490	0.289607	0.241164	-0.046641	-0.020221	0.987693	0.337167	0.280250	0.248786	0.019953	0.015740	-0.474071	0.880120	
 1687525921.879818	1687525921.812881	14.804308	-35.821181	-1.411526	0.240420	0.240430	0.215041	-0.040700	-0.022703	0.988175	0.365269	0.249332	0.221696	0.019641	0.012532	-0.474303	0.880053	
 1687525922.287381	1687525922.217033	14.859534	-35.903410	-1.420849	0.292006	0.292081	0.242486	-0.047420	-0.024099	0.985468	0.376611	0.287708	0.250312	0.021827	0.015188	-0.473121	0.880596	
 1687525922.590471	1687525922.518939	14.920980	-35.995231	-1.426570	0.239877	0.239903	0.214650	-0.037426	-0.024947	0.986451	0.363386	0.257956	0.221346	0.019843	0.010576	-0.473555	0.880477	
 1687525922.899390	1687525922.821024	14.975637	-36.076132	-1.432373	0.236331	0.236362	0.212239	-0.038395	-0.026902	0.984608	0.314430	0.257935	0.218785	0.020923	0.010559	-0.472755	0.880882	
 1687525923.303139	1687525923.224896	15.039062	-36.154286	-1.439076	0.288234	0.288289	0.240594	-0.043811	-0.031295	0.985606	0.360381	0.298671	0.248320	0.024143	0.011894	-0.473228	0.880529	
 1687525923.707159	1687525923.628151	15.095055	-36.213262	-1.439265	0.296936	0.297006	0.244565	-0.055504	-0.024355	0.992581	0.405813	0.325109	0.252552	0.023916	0.018603	-0.476245	0.878790	
 1687525924.011415	1687525923.932319	15.152995	-36.275517	-1.421530	0.238508	0.238522	0.213999	-0.053583	-0.029457	0.996396	0.414766	0.260036	0.220575	0.025733	0.016495	-0.477967	0.877846	
 1687525924.418125	1687525924.336404	15.212232	-36.355447	-1.424266	0.292358	0.292461	0.242885	-0.038221	-0.026480	0.980005	0.457167	0.312558	0.250774	0.020672	0.010629	-0.470724	0.881974	
 1687525924.722237	1687525924.641659	15.266175	-36.424703	-1.429464	0.240882	0.240991	0.215391	-0.037360	-0.029987	0.978743	0.325335	0.267881	0.222066	0.022010	0.009438	-0.470184	0.882244	
 1687525925.027630	1687525924.946645	15.317927	-36.496654	-1.442686	0.236491	0.236605	0.212353	-0.036884	-0.026711	0.972660	0.314610	0.274251	0.218807	0.020423	0.010061	-0.467481	0.883710	
 1687525925.435686	1687525925.351365	15.372231	-36.581413	-1.451907	0.291842	0.292027	0.242071	-0.046024	-0.026291	0.980719	0.352634	0.299022	0.249717	0.022428	0.014108	-0.471044	0.881711	
 1687525925.739962	1687525925.656055	15.409781	-36.653611	-1.453721	0.240822	0.240868	0.215083	-0.038180	-0.026400	0.983995	0.365058	0.267615	0.221754	0.020648	0.010589	-0.472482	0.881035	
 1687525926.045162	1687525925.969702	15.450501	-36.730065	-1.453999	0.239468	0.239564	0.214252	-0.038378	-0.026428	0.990645	0.321750	0.265277	0.220838	0.020743	0.010601	-0.475410	0.879456	
 1687525926.356905	1687525926.273354	15.504826	-36.823703	-1.453256	0.236717	0.236790	0.212410	-0.041598	-0.029246	0.993050	0.315648	0.260880	0.218930	0.022760	0.011320	-0.476486	0.878814	
 1687525926.659939	1687525926.577243	15.551578	-36.904565	-1.458243	0.240837	0.240900	0.215019	-0.041642	-0.028023	0.992269	0.340810	0.275920	0.221553	0.022229	0.011639	-0.476136	0.879013	
 1687525926.963499	1687525926.919619	15.598245	-36.986208	-1.467572	0.232635	0.232713	0.209618	-0.038604	-0.021809	0.994806	0.331725	0.264739	0.215963	0.018790	0.011759	-0.477212	0.878508	
 1687525927.370676	1687525927.323973	15.655850	-37.087297	-1.471701	0.288518	0.288616	0.240684	-0.051956	-0.019625	0.990256	0.358767	0.281043	0.248230	0.020972	0.018194	-0.475185	0.879448	
 1687525927.676755	1687525927.627478	15.704406	-37.173172	-1.477506	0.236611	0.236616	0.212685	-0.044269	-0.018278	0.987558	0.393176	0.245785	0.219212	0.018535	0.015158	-0.473999	0.880200	
 1687525927.981805	1687525927.931669	15.755100	-37.262298	-1.486412	0.238889	0.238929	0.213961	-0.040100	-0.023400	0.986839	0.352988	0.243435	0.220510	0.019797	0.012116	-0.473719	0.880370	
 1687525928.284875	1687525928.234495	15.810093	-37.348474	-1.495191	0.237601	0.237654	0.212957	-0.034547	-0.029052	0.992382	0.325414	0.253662	0.219529	0.020994	0.008274	-0.476179	0.879059	
 1687525928.689640	1687525928.638166	15.874995	-37.441557	-1.496049	0.284401	0.284523	0.238600	-0.044552	-0.030773	0.991595	0.330600	0.298005	0.245970	0.024125	0.012272	-0.475860	0.879104	
 1687525928.992751	1687525928.942770	15.918297	-37.514926	-1.493696	0.237966	0.238004	0.213518	-0.039236	-0.028508	0.990808	0.345364	0.275618	0.220138	0.021862	0.010482	-0.475493	0.879385	
 1687525929.397761	1687525929.345709	15.977426	-37.600516	-1.501336	0.291389	0.291545	0.242207	-0.042415	-0.028727	0.998093	0.360652	0.302805	0.250017	0.022756	0.011745	-0.478699	0.877606	
 1687525929.704873	1687525929.651811	16.030370	-37.677396	-1.507120	0.239250	0.239314	0.214223	-0.036929	-0.032963	0.988368	0.339211	0.270981	0.220809	0.023263	0.008436	-0.474436	0.879942	
 1687525930.009501	1687525929.956564	16.078607	-37.755347	-1.508483	0.238033	0.238137	0.213300	-0.045052	-0.029566	1.000400	0.310442	0.282755	0.219868	0.023769	0.012675	-0.479719	0.877008	
 1687525930.412534	1687525930.361120	16.150486	-37.838242	-1.506437	0.291102	0.291177	0.242080	-0.052720	-0.033469	1.003567	0.395039	0.308002	0.249884	0.027341	0.015058	-0.481142	0.876087	
 1687525930.720377	1687525930.662956	16.208256	-37.924117	-1.514585	0.238519	0.238515	0.213891	-0.050364	-0.028518	0.986017	0.393469	0.286880	0.220480	0.024472	0.015432	-0.473396	0.880374	
 1687525931.025402	1687525930.965832	16.275416	-38.003058	-1.516250	0.235998	0.236013	0.211953	-0.050845	-0.030963	0.996000	0.377506	0.268867	0.218437	0.025737	0.014937	-0.477803	0.877963	
 1687525931.434591	1687525931.368661	16.344357	-38.094067	-1.522656	0.290009	0.290018	0.241315	-0.050375	-0.028695	0.981164	0.427421	0.312549	0.249040	0.024515	0.015455	-0.471260	0.881518	
 1687525931.741109	1687525931.673755	16.394633	-38.185669	-1.524407	0.239246	0.239249	0.214180	-0.040092	-0.031459	0.983591	0.380713	0.272181	0.220784	0.023326	0.010241	-0.472334	0.881052	
 1687525932.045066	1687525932.021029	16.441216	-38.270461	-1.525529	0.239182	0.239264	0.214192	-0.041758	-0.029543	0.990169	0.325973	0.279222	0.220780	0.022913	0.011352	-0.475222	0.879494	
 1687525932.447998	1687525932.424850	16.496569	-38.369043	-1.532102	0.291394	0.291654	0.242156	-0.040743	-0.024166	0.991385	0.372654	0.306058	0.249844	0.020314	0.012171	-0.475724	0.879276	
 1687525932.753417	1687525932.730479	16.552002	-38.451345	-1.531318	0.236691	0.236796	0.212665	-0.046508	-0.024522	0.989582	0.323926	0.253778	0.219158	0.021827	0.014641	-0.474935	0.879629	
 1687525933.158841	1687525933.155354	16.619722	-38.537727	-1.530614	0.294846	0.294982	0.243641	-0.046954	-0.024151	0.986121	0.401328	0.292075	0.251455	0.021744	0.014963	-0.473409	0.880447	
 1687525933.563469	1687525933.558841	16.694207	-38.624142	-1.523712	0.289362	0.289406	0.242072	-0.062080	-0.027983	0.988199	0.402271	0.289491	0.249896	0.027028	0.020689	-0.474346	0.879680	
 1687525933.867078	1687525933.862294	16.749151	-38.718283	-1.535282	0.238937	0.238954	0.214165	-0.045160	-0.018982	0.969292	0.446386	0.269628	0.220848	0.018914	0.015556	-0.465945	0.884475	
 1687525934.272177	1687525934.268948	16.817713	-38.801234	-1.550763	0.287298	0.287458	0.240584	-0.053806	-0.021443	0.997566	0.388473	0.273262	0.248185	0.022279	0.018494	-0.478410	0.877659	
 1687525934.675851	1687525934.673826	16.893813	-38.897823	-1.559111	0.297342	0.297477	0.245125	-0.046454	-0.022112	0.974434	0.444926	0.284657	0.253108	0.020639	0.015347	-0.468240	0.883227	
 1687525934.982261	1687525934.978312	16.951766	-38.988614	-1.561678	0.238401	0.238514	0.213746	-0.037348	-0.023672	0.975561	0.351877	0.250412	0.220348	0.019204	0.010948	-0.468747	0.883056	
 1687525935.388734	1687525935.382439	17.015562	-39.085545	-1.564094	0.295393	0.295742	0.244291	-0.052675	-0.022735	0.986708	0.348655	0.287676	0.252111	0.022479	0.017811	-0.473651	0.880245	
 1687525935.792777	1687525935.788124	17.070986	-39.173677	-1.567301	0.297235	0.297404	0.245209	-0.047226	-0.019480	0.986173	0.440886	0.289305	0.253220	0.019753	0.016188	-0.473395	0.880480	
 1687525936.097197	1687525936.091399	17.136764	-39.270505	-1.571411	0.238016	0.238134	0.213450	-0.043912	-0.018191	0.994143	0.345791	0.241574	0.220171	0.018461	0.014960	-0.476894	0.878639	
 1687525936.405079	1687525936.393484	17.198487	-39.339415	-1.571591	0.232661	0.232768	0.209762	-0.047247	-0.004106	1.009769	0.327961	0.234908	0.216168	0.013222	0.019681	-0.483613	0.874961	
 1687525936.709776	1687525936.696056	17.248272	-39.423064	-1.576516	0.240007	0.240110	0.214421	-0.040370	-0.016670	0.989796	0.344756	0.219327	0.220876	0.016919	0.013804	-0.474977	0.879728	
 1687525937.012374	1687525936.998797	17.285492	-39.511037	-1.575638	0.235340	0.235439	0.211359	-0.045884	-0.022988	0.985174	0.309723	0.232488	0.217792	0.020972	0.014777	-0.472984	0.880698	
 1687525937.418918	1687525937.403988	17.347469	-39.594661	-1.574045	0.289023	0.289155	0.240825	-0.052125	-0.029971	0.996712	0.374997	0.279256	0.248527	0.025613	0.015727	-0.478109	0.877786	
 1687525937.722317	1687525937.706887	17.399391	-39.665913	-1.577000	0.241308	0.241316	0.215757	-0.043234	-0.026321	0.975964	0.371690	0.270206	0.222302	0.021755	0.012922	-0.468946	0.882864	
 1687525938.026310	1687525938.009431	17.450965	-39.740727	-1.582357	0.235418	0.235510	0.211692	-0.043332	-0.027952	0.984553	0.317907	0.253151	0.218126	0.022551	0.012486	-0.472743	0.880823	
 1687525938.430218	1687525938.416423	17.515654	-39.824346	-1.588467	0.289960	0.290136	0.241338	-0.047263	-0.028404	0.986067	0.361552	0.292393	0.249049	0.023689	0.014093	-0.473416	0.880408	
 1687525938.736909	1687525938.718963	17.570465	-39.905729	-1.590069	0.240576	0.240641	0.215125	-0.056595	-0.031974	0.998501	0.344905	0.264257	0.221761	0.027574	0.017186	-0.478912	0.877262	
 1687525939.042205	1687525939.021328	17.625496	-39.988310	-1.586568	0.235893	0.235947	0.211916	-0.051037	-0.029653	0.990846	0.377769	0.268271	0.218471	0.025168	0.015399	-0.475530	0.879205	
 1687525939.352095	1687525939.324158	17.687094	-40.078816	-1.588288	0.238219	0.238263	0.213474	-0.050131	-0.028824	0.988784	0.346449	0.261081	0.220010	0.024573	0.015223	-0.474616	0.879718	
 1687525939.757112	1687525939.728300	17.743690	-40.159920	-1.598177	0.293195	0.293292	0.242855	-0.049886	-0.029534	0.981655	0.396714	0.297144	0.250629	0.024774	0.015036	-0.471483	0.881399	
 1687525940.062972	1687525940.033875	17.809630	-40.243496	-1.611851	0.238575	0.238644	0.213926	-0.041351	-0.027475	0.978049	0.343433	0.261983	0.220468	0.021835	0.011797	-0.469871	0.882386	
 1687525940.373933	1687525940.335762	17.854437	-40.319567	-1.620963	0.238501	0.238618	0.213651	-0.039267	-0.026339	0.973368	0.311341	0.257284	0.220096	0.020819	0.011193	-0.467796	0.883521	
 1687525940.780275	1687525940.741758	17.894906	-40.391473	-1.624216	0.295325	0.295613	0.243754	-0.043701	-0.024013	0.978731	0.344354	0.289532	0.251487	0.020864	0.013641	-0.470152	0.882234	
 1687525941.087258	1687525941.048299	17.955610	-40.476109	-1.622783	0.240289	0.240401	0.215066	-0.042367	-0.023663	0.984809	0.316747	0.248890	0.221678	0.020436	0.013072	-0.472828	0.880821	
 1687525941.494829	1687525941.452340	18.008778	-40.555037	-1.627241	0.289947	0.290213	0.241807	-0.046012	-0.023055	0.975210	0.356070	0.280596	0.249512	0.020958	0.014922	-0.468591	0.883041	
 1687525941.799735	1687525941.754245	18.055459	-40.635155	-1.631047	0.239996	0.240101	0.214735	-0.042273	-0.020019	0.979203	0.331855	0.248632	0.221419	0.018770	0.013945	-0.470332	0.882180	
 1687525942.109038	1687525942.057798	18.103589	-40.729247	-1.633117	0.236833	0.236917	0.212437	-0.040221	-0.017181	0.982229	0.313820	0.239378	0.218953	0.017057	0.013681	-0.471649	0.881515	
 1687525942.513440	1687525942.463106	18.139660	-40.809590	-1.632645	0.293465	0.293586	0.242889	-0.044288	-0.021628	0.980017	0.349178	0.267209	0.250688	0.019959	0.014448	-0.470702	0.881948	
 1687525942.818585	1687525942.783335	18.187104	-40.899428	-1.631142	0.241008	0.241089	0.215492	-0.040700	-0.015007	0.995251	0.324892	0.245896	0.222278	0.016305	0.014299	-0.477362	0.878439	
 1687525943.122985	1687525943.086520	18.233900	-40.971466	-1.626724	0.237365	0.237447	0.212954	-0.057075	-0.018998	0.997878	0.307643	0.230303	0.219443	0.021990	0.020511	-0.478516	0.877564	
 1687525943.426240	1687525943.389733	18.277468	-41.050907	-1.633206	0.236865	0.236900	0.212371	-0.047069	-0.021145	0.997865	0.381114	0.238492	0.218861	0.020540	0.015605	-0.478548	0.877682	
 1687525943.829716	1687525943.792356	18.328456	-41.147184	-1.634504	0.290604	0.290751	0.241520	-0.052811	-0.021277	1.004251	0.379681	0.274782	0.249209	0.022028	0.018024	-0.481341	0.876071	
 1687525944.139273	1687525944.095213	18.383663	-41.227959	-1.629921	0.236944	0.236982	0.213159	-0.061524	-0.018795	1.002334	0.365864	0.244053	0.219715	0.023014	0.022461	-0.480454	0.876430	
 1687525944.444874	1687525944.399868	18.431592	-41.318428	-1.646353	0.239657	0.239689	0.214484	-0.049716	-0.019367	0.995619	0.412609	0.241492	0.221089	0.020374	0.017215	-0.477543	0.878203	
 1687525944.749497	1687525944.703815	18.481820	-41.404464	-1.657757	0.236007	0.236053	0.211937	-0.048848	-0.023526	1.007878	0.346089	0.238224	0.218447	0.022089	0.015706	-0.482953	0.875227	
 1687525945.053539	1687525945.006385	18.524851	-41.486173	-1.664682	0.238256	0.238319	0.213254	-0.043414	-0.026511	0.996632	0.345002	0.248196	0.219802	0.022013	0.012730	-0.478045	0.877967	
 1687525945.458379	1687525945.410017	18.569048	-41.587850	-1.664856	0.288215	0.288382	0.240529	-0.048023	-0.030637	1.002977	0.365771	0.288835	0.248208	0.024968	0.013689	-0.480859	0.876335	
 1687525945.765395	1687525945.712035	18.608743	-41.672709	-1.665295	0.235353	0.235428	0.211849	-0.032396	-0.033968	1.015795	0.342036	0.265252	0.218361	0.022714	0.005892	-0.486447	0.873395	
 1687525946.071206	1687525946.013918	18.662177	-41.776960	-1.659533	0.243409	0.243598	0.216906	-0.045030	-0.030753	1.007891	0.285014	0.277937	0.223459	0.024331	0.012289	-0.483008	0.875191	
 1687525946.474598	1687525946.415609	18.721488	-41.860795	-1.662007	0.291384	0.291595	0.242225	-0.044450	-0.035223	1.010601	0.378525	0.304324	0.250078	0.026162	0.010920	-0.484218	0.874488	
 1687525946.783318	1687525946.718167	18.780499	-41.941702	-1.667399	0.236250	0.236335	0.212311	-0.036989	-0.035480	1.004132	0.327413	0.278552	0.218909	0.024446	0.007673	-0.481367	0.876145	
 1687525947.087874	1687525947.019621	18.843897	-42.030222	-1.672060	0.240651	0.240757	0.214983	-0.040703	-0.041989	0.995301	0.297633	0.279744	0.221683	0.028155	0.007859	-0.477534	0.878127	
 1687525947.393971	1687525947.321653	18.874759	-42.110392	-1.678852	0.235966	0.236007	0.211812	-0.028646	-0.052437	0.956643	0.310396	0.299439	0.218374	0.029861	0.000645	-0.460418	0.887200	
 1687525947.698863	1687525947.623534	18.915461	-42.189294	-1.680205	0.238508	0.238581	0.213527	-0.026168	-0.046001	0.918447	0.270400	0.340934	0.220072	0.026412	0.001532	-0.443367	0.895950	
 1687525948.004095	1687525947.940193	18.957858	-42.261009	-1.681346	0.234411	0.234460	0.210970	-0.026306	-0.049278	0.890932	0.257944	0.310883	0.217314	0.027896	0.001251	-0.431003	0.901918	
 1687525948.407980	1687525948.342302	19.023798	-42.330895	-1.679333	0.292496	0.292713	0.242376	-0.035700	-0.054776	0.848907	0.295181	0.368664	0.250030	0.032299	0.004983	-0.412048	0.910576	
 1687525948.712847	1687525948.644409	19.061197	-42.405282	-1.663315	0.238258	0.238255	0.213893	-0.044547	-0.057444	0.791121	0.290564	0.355645	0.220406	0.035072	0.009480	-0.385661	0.921925	
 1687525949.019326	1687525948.945574	19.101828	-42.467959	-1.655712	0.235219	0.235207	0.211656	-0.044865	-0.057001	0.782038	0.315584	0.365185	0.218170	0.034885	0.009871	-0.381471	0.923670	
 1687525949.425068	1687525949.347702	19.169073	-42.523526	-1.659625	0.293319	0.293258	0.242845	-0.039840	-0.059557	0.765132	0.352436	0.402292	0.250684	0.035049	0.007358	-0.373613	0.926893	
 1687525949.728931	1687525949.649737	19.209295	-42.580573	-1.656404	0.240428	0.240366	0.215181	-0.042601	-0.054954	0.723681	0.297791	0.372922	0.221673	0.033225	0.010189	-0.354329	0.934475	
 1687525950.034838	1687525949.950365	19.249599	-42.630775	-1.650939	0.235223	0.235177	0.211506	-0.049351	-0.052589	0.711028	0.300176	0.349731	0.217940	0.033225	0.013974	-0.348454	0.936632	
 1687525950.341806	1687525950.253052	19.305404	-42.676998	-1.646531	0.237698	0.237581	0.213089	-0.042601	-0.053649	0.694411	0.322585	0.339950	0.219579	0.032460	0.010896	-0.340609	0.939581	
 1687525950.648073	1687525950.555348	19.336502	-42.718293	-1.639308	0.238862	0.238765	0.213794	-0.054957	-0.050171	0.645042	0.302091	0.349419	0.220195	0.032486	0.018103	-0.317393	0.947565	
 1687525950.953995	1687525950.957443	19.365224	-42.756264	-1.631898	0.235657	0.235523	0.211596	-0.062970	-0.052130	0.609649	0.340076	0.332121	0.217796	0.034293	0.022200	-0.300658	0.952857	
 1687525951.359238	1687525951.359538	19.405676	-42.801924	-1.636464	0.293241	0.293032	0.242596	-0.047183	-0.049000	0.598028	0.422894	0.388756	0.250322	0.030351	0.015321	-0.294960	0.954905	
 1687525951.667051	1687525951.661338	19.427526	-42.848805	-1.627981	0.232363	0.232322	0.210081	-0.062395	-0.045960	0.554966	0.310217	0.329106	0.216382	0.030631	0.023700	-0.274419	0.960830	
 1687525951.973505	1687525951.963962	19.455612	-42.887724	-1.635991	0.237451	0.237367	0.213158	-0.047901	-0.050204	0.523421	0.365502	0.316026	0.219472	0.030432	0.016633	-0.259158	0.965212	
 1687525952.380337	1687525952.366652	19.496134	-42.927577	-1.637139	0.294212	0.294343	0.243207	-0.054836	-0.044944	0.486109	0.352555	0.379224	0.250800	0.028398	0.021196	-0.241115	0.969849	
 1687525952.683809	1687525952.669126	19.520782	-42.938700	-1.629648	0.239892	0.239914	0.214852	-0.035145	-0.042712	0.485004	0.339692	0.317469	0.221412	0.024945	0.011927	-0.240404	0.970279	
 1687525952.990111	1687525952.971446	19.545844	-42.955795	-1.623896	0.235891	0.236094	0.212245	-0.042587	-0.039173	0.445973	0.265815	0.298439	0.218467	0.023804	0.016430	-0.221457	0.974741	
 1687525953.298784	1687525953.273441	19.565761	-42.994386	-1.603990	0.235300	0.235340	0.212042	-0.077540	-0.039869	0.345627	0.280891	0.279974	0.218250	0.026285	0.034750	-0.172552	0.984036	
 1687525953.701942	1687525953.676845	19.604059	-43.016004	-1.616889	0.293466	0.293310	0.242957	-0.027039	-0.041289	0.365647	0.408880	0.296461	0.250406	0.022754	0.009538	-0.182026	0.982984	
 1687525954.005809	1687525953.979153	19.623967	-43.009251	-1.621407	0.237956	0.238150	0.213767	-0.058822	-0.035903	0.340287	0.237462	0.270557	0.219869	0.022662	0.025939	-0.169743	0.984886	
 1687525954.310570	1687525954.280897	19.648670	-43.013873	-1.623351	0.237161	0.237214	0.212998	-0.040368	-0.036451	0.350907	0.313313	0.256095	0.219229	0.021464	0.016689	-0.174852	0.984219	
 1687525954.616848	1687525954.582065	19.662581	-42.986106	-1.636150	0.236968	0.237148	0.212969	-0.015561	-0.038855	0.391073	0.267168	0.261111	0.218869	0.020567	0.003856	-0.194399	0.980699	
 1687525954.924313	1687525954.884144	19.664326	-42.992205	-1.612577	0.236675	0.237040	0.212693	-0.082045	-0.033172	0.315293	0.222549	0.267840	0.218429	0.022804	0.037895	-0.157512	0.986526	
 1687525955.228452	1687525955.186675	19.668648	-43.009491	-1.604037	0.238707	0.238751	0.214528	-0.067814	-0.039589	0.248684	0.415529	0.250754	0.220291	0.023833	0.031179	-0.124592	0.991432	
 1687525955.637023	1687525955.589687	19.692762	-43.002686	-1.616970	0.289696	0.289752	0.241212	-0.042753	-0.040086	0.265997	0.402047	0.298126	0.248425	0.022694	0.018525	-0.132975	0.990686	
 1687525955.941502	1687525955.891044	19.695330	-43.007304	-1.599086	0.240181	0.240211	0.215147	-0.108805	-0.029289	0.191617	0.281892	0.274325	0.221520	0.019756	0.052722	-0.096303	0.993758	
 1687525956.244582	1687525956.193657	19.704521	-43.004381	-1.610432	0.230489	0.230510	0.209320	-0.057765	-0.034106	0.187438	0.543229	0.233764	0.215047	0.019672	0.027153	-0.094020	0.995006	
 1687525956.552099	1687525956.494238	19.712584	-42.972695	-1.637286	0.229700	0.229890	0.207967	-0.042373	-0.031685	0.198902	0.321276	0.244753	0.213733	0.017863	0.019505	-0.099586	0.994677	
 1687525956.855791	1687525956.796398	19.729988	-42.969976	-1.639998	0.238864	0.239170	0.213920	-0.064236	-0.039992	0.163483	0.283077	0.249526	0.219920	0.022539	0.030367	-0.082232	0.995895	
 1687525957.162709	1687525957.098149	19.740858	-42.947653	-1.655641	0.232389	0.232589	0.210347	-0.042307	-0.050085	0.141462	0.347046	0.255971	0.215788	0.026466	0.019323	-0.071162	0.996926	
 1687525957.472146	1687525957.401016	19.747224	-42.934402	-1.660642	0.238918	0.239297	0.214253	-0.040612	-0.048036	0.121101	0.280658	0.293607	0.220006	0.025195	0.018809	-0.060971	0.997644	
 1687525957.776478	1687525957.704288	19.754335	-42.914420	-1.665410	0.239199	0.239582	0.214555	-0.029503	-0.050280	0.110251	0.278287	0.288609	0.220538	0.025909	0.013339	-0.055444	0.998036	
 1687525958.080036	1687525958.006655	19.772468	-42.910668	-1.672960	0.231470	0.231906	0.209537	-0.043459	-0.050752	0.076324	0.243885	0.290703	0.215280	0.026177	0.020737	-0.038683	0.998693	
 1687525958.384419	1687525958.322536	19.790404	-42.903621	-1.688500	0.234853	0.235141	0.211729	-0.035714	-0.048040	0.041040	0.289304	0.296781	0.217471	0.024375	0.017354	-0.020938	0.999333	
 1687525958.792513	1687525958.724438	19.810837	-42.893068	-1.701229	0.288795	0.289348	0.241160	-0.019883	-0.042755	0.011827	0.305289	0.331890	0.248059	0.021433	0.009813	-0.006124	0.999703	
 1687525959.098450	1687525959.025872	19.842129	-42.893580	-1.702048	0.240613	0.240939	0.215656	-0.017037	-0.043729	-0.000711	0.234766	0.279904	0.221883	0.021859	0.008524	0.000169	0.999725	
 1687525959.503906	1687525959.427618	19.861966	-42.880376	-1.702894	0.251533	0.251844	0.222295	-0.016921	-0.043476	-0.000658	0.238005	0.294781	0.228698	0.021733	0.008466	0.000145	0.999728	
 1687525961.918589	1687525961.867825	19.976355	-42.951824	-1.700415	0.253200	0.253372	0.223335	-0.151657	-0.099459	-0.511519	0.237057	0.285061	0.229885	0.028813	0.085740	0.248298	0.964451	
 1687525962.223749	1687525962.173347	19.970598	-42.945055	-1.685468	0.239318	0.240555	0.216645	-0.092405	-0.074351	-0.443526	0.696225	0.406384	0.220126	0.026066	0.053190	0.217889	0.974174	
 1687525962.527127	1687525962.475948	19.969446	-42.857061	-1.714156	0.236920	0.237347	0.213883	-0.054728	-0.066682	-0.225264	0.491958	0.367996	0.217490	0.030038	0.030917	0.111383	0.992842	
 1687525962.932582	1687525962.878614	19.974166	-42.822444	-1.714767	0.290884	0.291890	0.242950	-0.039912	-0.049280	-0.100424	0.380250	0.389553	0.248697	0.023600	0.021160	0.049675	0.998262	
 1687525963.238796	1687525963.180086	19.984787	-42.793862	-1.710672	0.238921	0.239344	0.215952	-0.022010	-0.053679	-0.050705	0.287981	0.293035	0.220613	0.026547	0.011677	0.025044	0.999266	
 1687525963.543027	1687525963.481799	20.004769	-42.779625	-1.702412	0.236867	0.237542	0.214143	-0.019010	-0.050213	-0.038613	0.236675	0.302532	0.218734	0.024915	0.009985	0.019060	0.999458	
 1687525963.852314	1687525963.783951	20.035741	-42.783584	-1.696205	0.236160	0.236659	0.213063	-0.016553	-0.053626	-0.039923	0.230074	0.287936	0.218221	0.026639	0.008807	0.019730	0.999412	
 1687525964.256419	1687525964.186415	20.057583	-42.781021	-1.687836	0.292727	0.293413	0.243357	-0.022713	-0.055897	-0.057996	0.259461	0.344915	0.249983	0.027602	0.012157	0.028663	0.999134	
 1687525964.660927	1687525964.590395	20.077658	-42.795238	-1.675780	0.291133	0.291445	0.242988	-0.025770	-0.054785	-0.077227	0.272397	0.348704	0.250270	0.026869	0.013927	0.038234	0.998810	
 1687525965.065050	1687525964.993329	20.098004	-42.807959	-1.665979	0.284853	0.285047	0.240248	-0.028259	-0.053229	-0.091664	0.278950	0.344271	0.247705	0.025933	0.015328	0.045420	0.998514	
 1687525965.469801	1687525965.396504	20.121568	-42.820965	-1.658937	0.295513	0.295680	0.244739	-0.021157	-0.056082	-0.142052	0.293983	0.348571	0.252520	0.027215	0.012537	0.070639	0.997052	
 1687525965.875432	1687525965.799960	20.155319	-42.833318	-1.644714	0.284873	0.285065	0.239994	-0.017580	-0.056867	-0.198953	0.269730	0.350789	0.247615	0.027415	0.011566	0.099020	0.994640	
 1687525966.280535	1687525966.202609	20.176922	-42.827727	-1.632977	0.297385	0.297580	0.245586	-0.014071	-0.048034	-0.218180	0.268818	0.356258	0.253524	0.023105	0.009606	0.108672	0.993763	
 1687525966.687899	1687525966.719000	20.208625	-42.833706	-1.620226	0.297046	0.297012	0.245605	-0.033531	-0.046722	-0.266234	0.261842	0.322468	0.253507	0.020924	0.019712	0.132281	0.990795	
 1687525967.094618	1687525967.020661	20.236700	-42.825614	-1.621748	0.298015	0.297830	0.245691	-0.010177	-0.052607	-0.281440	0.306286	0.311508	0.253740	0.025327	0.008725	0.140073	0.989779	
 1687525967.499069	1687525967.423834	20.255654	-42.808670	-1.611132	0.299919	0.299946	0.246426	-0.016028	-0.046005	-0.290361	0.258184	0.324811	0.254211	0.021599	0.011255	0.144446	0.989213	
 1687525967.807832	1687525967.725134	20.281369	-42.798060	-1.592800	0.241601	0.241498	0.215636	-0.013577	-0.043107	-0.298457	0.232243	0.263019	0.222262	0.020303	0.009915	0.148493	0.988655	
 1687525968.214582	1687525968.127677	20.316273	-42.793171	-1.579989	0.297196	0.296927	0.245045	-0.013307	-0.040271	-0.298646	0.260239	0.290414	0.252670	0.018920	0.009573	0.148603	0.988670	
 1687525968.522912	1687525968.430854	20.342179	-42.782917	-1.573368	0.241061	0.240902	0.215421	-0.011082	-0.048051	-0.313827	0.228019	0.247166	0.221838	0.022862	0.009225	0.156091	0.987435	
 1687525968.928529	1687525968.833472	20.384304	-42.794285	-1.566942	0.295355	0.295258	0.243784	-0.034123	-0.041301	-0.422823	0.256932	0.289785	0.251487	0.016607	0.021010	0.209421	0.977459	
 1687525969.332497	1687525969.237497	20.410709	-42.780375	-1.562714	0.292567	0.292422	0.242939	-0.012906	-0.039778	-0.417899	0.297570	0.286035	0.250721	0.018116	0.010437	0.207261	0.978062	
 1687525969.642988	1687525969.640649	20.429111	-42.776338	-1.544437	0.239483	0.239395	0.214360	-0.035777	-0.037825	-0.470819	0.230019	0.247297	0.220909	0.014216	0.021801	0.232833	0.972168	
 1687525970.050068	1687525970.042359	20.449587	-42.772349	-1.545326	0.295019	0.294851	0.244105	-0.024213	-0.031908	-0.508865	0.300622	0.281080	0.251632	0.012392	0.015730	0.251459	0.967661	
 1687525970.355848	1687525970.344175	20.457849	-42.763890	-1.558032	0.240135	0.240000	0.214672	-0.011866	-0.039378	-0.500624	0.244110	0.238835	0.221086	0.017604	0.010624	0.247541	0.968659	
 1687525970.660645	1687525970.645310	20.463516	-42.749115	-1.567448	0.239526	0.239480	0.214094	-0.014184	-0.032920	-0.506606	0.230686	0.247448	0.220438	0.014157	0.010990	0.250450	0.967964	
 1687525970.965180	1687525970.947499	20.469058	-42.734941	-1.578779	0.238742	0.238623	0.213468	-0.002519	-0.035360	-0.500700	0.231888	0.239337	0.219625	0.016816	0.005600	0.247682	0.968679	
 1687525971.269155	1687525971.249148	20.476072	-42.729093	-1.574386	0.235759	0.235691	0.211654	-0.013700	-0.031078	-0.508592	0.221291	0.237488	0.217734	0.013315	0.010537	0.251425	0.967728	
 1687525971.674883	1687525971.653310	20.490723	-42.737893	-1.571824	0.291705	0.291482	0.242240	-0.006977	-0.037657	-0.540588	0.262914	0.270382	0.249561	0.017212	0.008388	0.266902	0.963533	
 1687525972.080910	1687525972.056237	20.515392	-42.748622	-1.574408	0.290395	0.290481	0.242357	0.001048	-0.037343	-0.606084	0.257527	0.283153	0.249915	0.017976	0.005072	0.298382	0.954264	
 1687525972.486744	1687525972.460652	20.527784	-42.725883	-1.579735	0.294807	0.294952	0.244355	0.007116	-0.040350	-0.603798	0.255121	0.286603	0.251977	0.020319	0.002602	0.297340	0.954552	
 1687525972.792540	1687525972.762215	20.539589	-42.702244	-1.579574	0.240208	0.240246	0.214946	-0.017326	-0.042291	-0.651000	0.223754	0.256730	0.221541	0.017263	0.014968	0.319526	0.947302	
 1687525973.197122	1687525973.164901	20.564194	-42.699274	-1.583699	0.295387	0.295406	0.244213	-0.009437	-0.037933	-0.693469	0.276441	0.310619	0.252170	0.016233	0.010882	0.339679	0.940338	
 1687525973.603182	1687525973.571872	20.580449	-42.685840	-1.602064	0.296494	0.296408	0.244777	-0.004156	-0.042720	-0.696563	0.264246	0.300887	0.252725	0.019367	0.009242	0.341163	0.939759	
 1687525974.008672	1687525973.975605	20.604897	-42.675342	-1.611221	0.296690	0.296682	0.244796	-0.008179	-0.044877	-0.754461	0.259801	0.316175	0.252743	0.019353	0.012065	0.368166	0.929480	
 1687525974.315499	1687525974.280770	20.634269	-42.662168	-1.616901	0.240918	0.240895	0.215118	0.006970	-0.052972	-0.775962	0.231507	0.286196	0.221719	0.025832	0.006794	0.378271	0.925309	
 1687525974.619636	1687525974.584997	20.653177	-42.636553	-1.615826	0.239498	0.239574	0.214073	0.006522	-0.050682	-0.782860	0.222271	0.307974	0.220581	0.024666	0.006654	0.381462	0.924031	
 1687525974.923711	1687525974.887494	20.676881	-42.610693	-1.615082	0.237385	0.237396	0.212732	-0.000803	-0.055473	-0.817535	0.220634	0.300561	0.219209	0.025288	0.011391	0.397316	0.917263	
 1687525975.328211	1687525975.292546	20.713421	-42.588399	-1.627888	0.286795	0.286791	0.239894	0.008973	-0.048697	-0.871200	0.251330	0.351573	0.247538	0.023965	0.006206	0.421924	0.906293	
 1687525975.632885	1687525975.594807	20.729690	-42.550778	-1.646449	0.240496	0.240460	0.214890	0.015257	-0.055558	-0.873889	0.221630	0.295777	0.221423	0.028392	0.004844	0.423189	0.905583	
 1687525976.037446	1687525975.997836	20.741384	-42.515570	-1.657813	0.292367	0.292285	0.242422	0.010893	-0.052580	-0.892156	0.251523	0.357672	0.250127	0.026064	0.006429	0.431404	0.901759	
 1687525976.344514	1687525976.300184	20.768681	-42.496640	-1.664695	0.238793	0.238712	0.213935	0.005653	-0.055940	-0.961054	0.220345	0.307864	0.220497	0.026105	0.010422	0.462134	0.886364	
 1687525976.649557	1687525976.602771	20.789586	-42.471457	-1.671049	0.239570	0.239459	0.214306	0.008240	-0.051251	-0.981859	0.219939	0.332711	0.220694	0.024538	0.008448	0.471380	0.881548	
 1687525977.058321	1687525977.005483	20.805663	-42.442156	-1.675660	0.285700	0.285472	0.239309	0.008094	-0.054114	-1.003220	0.245120	0.352677	0.246769	0.025666	0.009461	0.480754	0.876429	
 1687525977.462439	1687525977.410665	20.827380	-42.416455	-1.664670	0.289956	0.289786	0.241657	-0.003080	-0.057535	-1.054212	0.247224	0.372177	0.249474	0.024085	0.015799	0.502787	0.863930	
 1687525977.766156	1687525977.715622	20.848236	-42.389923	-1.660541	0.239034	0.238957	0.214035	0.010439	-0.057730	-1.070641	0.221453	0.350422	0.220669	0.027485	0.010235	0.510027	0.859658	
 1687525978.170962	1687525978.119673	20.861885	-42.369257	-1.657692	0.293436	0.293179	0.243045	0.004767	-0.061253	-1.095606	0.248043	0.390685	0.250804	0.027382	0.013914	0.520630	0.853230	
 1687525978.575100	1687525978.522833	20.888727	-42.346058	-1.658019	0.295351	0.295120	0.244287	0.011517	-0.060144	-1.139466	0.248659	0.420030	0.252233	0.028423	0.011371	0.539300	0.841557	
 1687525978.978371	1687525978.925792	20.909871	-42.313758	-1.659976	0.297355	0.297085	0.245359	0.010839	-0.057143	-1.162295	0.250271	0.423129	0.253293	0.026851	0.011155	0.548881	0.835395	
 1687525979.382028	1687525979.334278	20.924013	-42.287597	-1.660733	0.296236	0.295998	0.244883	0.011076	-0.056548	-1.176453	0.249044	0.362431	0.252744	0.026590	0.011081	0.554786	0.831494	
 1687525979.687898	1687525979.636140	20.929794	-42.252792	-1.657091	0.239662	0.239567	0.214443	0.009513	-0.053785	-1.177695	0.218006	0.308539	0.220941	0.025001	0.010980	0.555302	0.831200	
 1687525979.995013	1687525979.939128	20.932637	-42.222997	-1.651519	0.238635	0.238543	0.213524	0.006200	-0.051333	-1.181824	0.216539	0.284111	0.219897	0.023038	0.011724	0.556998	0.830111	
 1687525980.302206	1687525980.241974	20.940654	-42.197317	-1.647084	0.235222	0.235098	0.211299	0.007553	-0.051861	-1.189238	0.213427	0.267816	0.217435	0.023592	0.011397	0.560082	0.828023	
 1687525980.705499	1687525980.646340	20.961807	-42.181899	-1.643422	0.296009	0.295614	0.243703	0.015176	-0.054233	-1.220765	0.246413	0.311258	0.251046	0.026564	0.009325	0.573122	0.818986	
 1687525981.009943	1687525980.949520	20.974406	-42.159954	-1.637209	0.239389	0.239182	0.214391	0.012956	-0.052419	-1.230967	0.219449	0.274121	0.220556	0.025136	0.009843	0.577282	0.816099	
 1687525981.413932	1687525981.353092	20.986299	-42.133954	-1.630559	0.294052	0.293670	0.243387	0.028972	-0.042491	-1.217422	0.248274	0.304328	0.250707	0.025707	0.000265	0.571874	0.819939	
 1687525981.718995	1687525981.656533	20.988761	-42.092575	-1.631794	0.237401	0.237009	0.213023	0.036489	-0.048364	-1.217218	0.229959	0.249526	0.219033	0.030262	-0.001141	0.571827	0.819815	
 1687525982.124186	1687525982.059647	21.014084	-42.049682	-1.615147	0.295021	0.294545	0.244035	0.003308	-0.044909	-1.249264	0.271788	0.290248	0.251364	0.019180	0.011789	0.584681	0.810951	
 1687525982.530250	1687525982.462094	21.020555	-41.992199	-1.623606	0.293620	0.293413	0.243981	0.019974	-0.044938	-1.223780	0.245966	0.289171	0.251328	0.024125	0.004732	0.574426	0.818187	
 1687525982.833987	1687525982.783596	21.026272	-41.946865	-1.625807	0.235752	0.235682	0.212021	0.014142	-0.045076	-1.232086	0.222383	0.254641	0.218185	0.022477	0.007252	0.577779	0.815852	
 1687525983.241935	1687525983.186279	21.030330	-41.902244	-1.626927	0.295191	0.295012	0.243923	0.017845	-0.043074	-1.227027	0.251702	0.299683	0.251436	0.022743	0.005105	0.575744	0.817297	
 1687525983.550697	1687525983.489481	21.040738	-41.859026	-1.623066	0.240078	0.239877	0.214864	0.025435	-0.040832	-1.237635	0.225303	0.262838	0.221015	0.024003	0.001484	0.580116	0.814179	
 1687525983.853715	1687525983.797179	21.066708	-41.803883	-1.622060	0.239953	0.239727	0.214480	0.025952	-0.044886	-1.240661	0.234232	0.257818	0.220673	0.025799	0.002489	0.581346	0.813244	
 1687525984.164227	1687525984.101759	21.082507	-41.731940	-1.620314	0.230815	0.230689	0.208433	0.027353	-0.045066	-1.230542	0.230431	0.263811	0.214477	0.026289	0.001838	0.577231	0.816156	
 1687525984.467032	1687525984.405338	21.095387	-41.659113	-1.622397	0.241186	0.241089	0.215140	0.026387	-0.047397	-1.230942	0.241360	0.274591	0.221483	0.026961	0.002911	0.577386	0.816021	
 1687525984.773016	1687525984.713408	21.103454	-41.586563	-1.626241	0.236685	0.236623	0.212418	0.032357	-0.048562	-1.221754	0.237577	0.278212	0.218626	0.029162	0.000676	0.573664	0.818571	
 1687525985.180411	1687525985.115927	21.118670	-41.524701	-1.633464	0.290521	0.290334	0.241548	0.026233	-0.046353	-1.226173	0.283149	0.319016	0.248960	0.026497	0.002609	0.575439	0.817411	
 1687525985.486203	1687525985.418218	21.136010	-41.455797	-1.642945	0.241861	0.241762	0.216140	0.030710	-0.049397	-1.224001	0.243332	0.283572	0.222326	0.029030	0.001623	0.574573	0.817936	
 1687525985.891637	1687525985.822540	21.173705	-41.366215	-1.649429	0.288390	0.288217	0.240803	0.020852	-0.046232	-1.231363	0.283004	0.328701	0.248214	0.024888	0.004839	0.577526	0.815978	
 1687525986.298931	1687525986.224954	21.197616	-41.274524	-1.650635	0.292907	0.292820	0.243225	0.032676	-0.051002	-1.238173	0.266528	0.327699	0.250859	0.030241	0.001493	0.580365	0.813794	
 1687525986.703616	1687525986.628595	21.233441	-41.181507	-1.650059	0.296624	0.296504	0.245030	0.021780	-0.048029	-1.242402	0.295320	0.342077	0.252937	0.025861	0.005122	0.582023	0.812745	
 1687525987.107687	1687525987.036602	21.265070	-41.083942	-1.645860	0.297331	0.297229	0.245452	0.024661	-0.049040	-1.230502	0.271191	0.335745	0.253314	0.027135	0.004083	0.577193	0.816147	
 1687525987.411490	1687525987.340174	21.288078	-40.993485	-1.644529	0.239314	0.239273	0.214130	0.032487	-0.051180	-1.230969	0.243575	0.300343	0.220739	0.030264	0.001513	0.577428	0.815879	
 1687525987.719777	1687525987.642760	21.308262	-40.904203	-1.639700	0.237033	0.236955	0.212447	0.032986	-0.052015	-1.243751	0.259447	0.302327	0.218995	0.030738	0.001747	0.582633	0.812152	
 1687525988.125174	1687525988.180282	21.343316	-40.803806	-1.639880	0.286070	0.285871	0.239498	0.016870	-0.046445	-1.233618	0.292388	0.339141	0.247069	0.023819	0.006552	0.578418	0.815366	
 1687525988.428741	1687525988.382284	21.363138	-40.706218	-1.631659	0.240228	0.240238	0.214798	0.010221	-0.041068	-1.213715	0.230887	0.291747	0.221264	0.019780	0.007512	0.570247	0.821200	
 1687525988.735485	1687525988.685825	21.397735	-40.615808	-1.636203	0.236699	0.236763	0.212431	0.024410	-0.041049	-1.248122	0.220178	0.272378	0.218793	0.023784	0.002089	0.584372	0.811135	
 1687525989.143401	1687525989.090698	21.431601	-40.529808	-1.640885	0.293804	0.293712	0.242771	0.015199	-0.045132	-1.219849	0.275769	0.309292	0.250429	0.022847	0.006697	0.572784	0.819361	
 1687525989.450196	1687525989.394440	21.453570	-40.456361	-1.636665	0.240757	0.240747	0.215107	0.023338	-0.045632	-1.228165	0.229428	0.287911	0.221539	0.025367	0.003610	0.576237	0.816881	
 1687525989.755328	1687525989.698115	21.474383	-40.388152	-1.631233	0.238681	0.238649	0.213722	0.022771	-0.049064	-1.233112	0.242516	0.288013	0.220160	0.026593	0.004897	0.578245	0.815415	
 1687525990.164540	1687525990.103847	21.500905	-40.306614	-1.626870	0.293554	0.293395	0.242872	0.019052	-0.048496	-1.236169	0.275047	0.340417	0.250627	0.025277	0.006288	0.579467	0.814580	
 1687525990.469957	1687525990.405066	21.521939	-40.220703	-1.625339	0.238843	0.238777	0.213932	0.024555	-0.049651	-1.235273	0.235749	0.299961	0.220523	0.027343	0.004368	0.579136	0.814760	
 1687525990.874807	1687525990.810983	21.544025	-40.135718	-1.622800	0.294500	0.294358	0.243351	0.015729	-0.048093	-1.239655	0.280378	0.342241	0.251269	0.024138	0.007567	0.580863	0.813608	
 1687525991.180486	1687525991.113986	21.562850	-40.055755	-1.612464	0.238409	0.238369	0.213662	0.023584	-0.049794	-1.235666	0.230034	0.297637	0.220152	0.027119	0.004811	0.579289	0.814656	
 1687525991.590996	1687525991.515897	21.588559	-39.981557	-1.602500	0.291881	0.291753	0.242378	0.019338	-0.048938	-1.233780	0.276959	0.339431	0.250150	0.025548	0.006269	0.578494	0.815262	
 1687525991.996845	1687525991.918443	21.613974	-39.908295	-1.596976	0.296391	0.296126	0.244890	0.016139	-0.047653	-1.228669	0.271083	0.342623	0.252663	0.024117	0.007140	0.576390	0.816788	
 1687525992.301156	1687525992.222778	21.641110	-39.831142	-1.597416	0.239800	0.239731	0.214808	0.021197	-0.044875	-1.237061	0.232036	0.293961	0.221324	0.024422	0.004376	0.579854	0.814343	
 1687525992.605026	1687525992.525061	21.665735	-39.757307	-1.607436	0.239223	0.239144	0.214019	0.022547	-0.044696	-1.237420	0.240801	0.287177	0.220516	0.024739	0.003778	0.580008	0.814226	
 1687525993.012226	1687525992.929626	21.688960	-39.683929	-1.615257	0.291787	0.291621	0.241995	0.016656	-0.044542	-1.239730	0.274822	0.320944	0.249716	0.022962	0.006159	0.580912	0.813619	
 1687525993.416193	1687525993.332210	21.708259	-39.617988	-1.614475	0.293216	0.293075	0.243155	0.015252	-0.050035	-1.237103	0.263157	0.318369	0.250852	0.024800	0.008294	0.579813	0.814330	
 1687525993.820950	1687525993.818640	21.723806	-39.558531	-1.602013	0.296395	0.296260	0.244724	0.016633	-0.051906	-1.235514	0.263320	0.341099	0.252567	0.025969	0.008253	0.579169	0.814752	
 1687525994.127500	1687525994.121315	21.750358	-39.482926	-1.588369	0.238811	0.238739	0.214063	0.024564	-0.044570	-1.246034	0.232989	0.306365	0.220381	0.025260	0.003029	0.583521	0.811699	
 1687525994.532091	1687525994.526123	21.778484	-39.401653	-1.580594	0.297873	0.297580	0.245064	0.015577	-0.044848	-1.236034	0.284102	0.323578	0.252881	0.022786	0.006645	0.579399	0.814698	
 1687525994.935940	1687525994.929640	21.802052	-39.319303	-1.577147	0.290611	0.290471	0.242280	0.013677	-0.046077	-1.240110	0.260456	0.314227	0.250023	0.022720	0.007822	0.581040	0.813520	
 1687525995.245183	1687525995.233137	21.823319	-39.229860	-1.579514	0.236273	0.236243	0.212267	0.023988	-0.048407	-1.241299	0.225946	0.280361	0.218559	0.026659	0.004320	0.581587	0.813035	
 1687525995.556945	1687525995.537574	21.842620	-39.145587	-1.580695	0.241596	0.241546	0.215403	0.023425	-0.047678	-1.238750	0.248411	0.292050	0.221884	0.026205	0.004303	0.580549	0.813792	
 1687525995.960497	1687525995.941317	21.872265	-39.056739	-1.577103	0.298759	0.298515	0.245006	0.019407	-0.047298	-1.231685	0.281885	0.331624	0.252810	0.024905	0.005740	0.577645	0.815888	
 1687525996.363913	1687525996.346942	21.909600	-38.959518	-1.574799	0.292536	0.292286	0.243120	0.019922	-0.044108	-1.235769	0.269648	0.323892	0.250771	0.023743	0.004657	0.579321	0.814740	
 1687525996.768063	1687525996.751005	21.933169	-38.863223	-1.570688	0.292636	0.292440	0.243241	0.015354	-0.046091	-1.229460	0.271486	0.316393	0.251104	0.023251	0.007020	0.576712	0.816586	
 1687525997.173716	1687525997.155327	21.961284	-38.764493	-1.566476	0.297281	0.297152	0.245176	0.015317	-0.044370	-1.246389	0.264698	0.323090	0.253235	0.022481	0.006729	0.583610	0.811695	
 1687525997.478771	1687525997.459892	21.985507	-38.678689	-1.561891	0.240130	0.240079	0.214652	0.023777	-0.043985	-1.239154	0.231848	0.279768	0.221293	0.024803	0.003093	0.580722	0.813718	
 1687525997.883292	1687525997.864642	22.011673	-38.592344	-1.558307	0.295250	0.295074	0.243756	0.019372	-0.044136	-1.235749	0.280450	0.313969	0.251693	0.023595	0.004889	0.579310	0.814751	
 1687525998.290578	1687525998.270046	22.039884	-38.513129	-1.555586	0.296420	0.296160	0.244762	0.008411	-0.048475	-1.240846	0.272614	0.317801	0.252636	0.022163	0.010669	0.581286	0.813327	
 1687525998.697230	1687525998.673686	22.069072	-38.421305	-1.552694	0.298712	0.298572	0.245714	0.017568	-0.043848	-1.237992	0.255322	0.322326	0.253726	0.022950	0.005567	0.580213	0.814123	
 1687525999.000623	1687525998.976016	22.093230	-38.327067	-1.547013	0.240212	0.240145	0.214509	0.019686	-0.039202	-1.243623	0.234949	0.273699	0.221061	0.021663	0.003418	0.582525	0.812517	
 1687525999.408669	1687525999.382897	22.120477	-38.237196	-1.544703	0.295713	0.295539	0.243892	0.014977	-0.041303	-1.246406	0.270212	0.296756	0.251877	0.021137	0.005972	0.583624	0.811727	
 1687525999.711832	1687525999.704757	22.147081	-38.155659	-1.542373	0.240187	0.240130	0.214626	0.025267	-0.042115	-1.239555	0.230873	0.266783	0.221152	0.024475	0.001949	0.580895	0.813608	
 1687526000.120069	1687526000.109805	22.171808	-38.083411	-1.539409	0.293280	0.293093	0.242830	0.016411	-0.044599	-1.228457	0.283467	0.305619	0.250658	0.022949	0.006146	0.576315	0.816882	
 1687526000.423254	1687526000.412667	22.211363	-38.001986	-1.547202	0.241980	0.241890	0.215808	0.045779	-0.049435	-1.266052	0.235628	0.278881	0.222311	0.033457	-0.003830	0.591708	0.805449	
 1687526000.725995	1687526000.718394	22.228749	-37.906396	-1.536822	0.236864	0.236822	0.212410	0.007430	-0.040708	-1.225514	0.311168	0.286996	0.218876	0.018786	0.008667	0.575064	0.817847	
 1687526001.029744	1687526001.020580	22.238159	-37.810484	-1.517177	0.235617	0.235619	0.211691	0.012472	-0.039793	-1.245751	0.219452	0.259858	0.217999	0.019796	0.006542	0.583347	0.811955	
 1687526001.436909	1687526001.423996	22.273359	-37.702898	-1.509361	0.292246	0.292206	0.242068	0.015649	-0.038543	-1.244584	0.256574	0.293884	0.249677	0.020218	0.004876	0.582896	0.812281	
 1687526001.740425	1687526001.727576	22.302749	-37.604720	-1.500236	0.238756	0.238686	0.213985	0.021213	-0.040963	-1.224531	0.231707	0.259430	0.220447	0.022853	0.003092	0.574748	0.818006	
 1687526002.044391	1687526002.029738	22.333852	-37.514175	-1.497618	0.236966	0.236916	0.212684	0.022438	-0.040833	-1.231974	0.240994	0.264374	0.219212	0.023142	0.002639	0.577795	0.815850	
 1687526002.357566	1687526002.332823	22.364886	-37.423204	-1.501501	0.235959	0.235909	0.211918	0.018796	-0.046020	-1.231660	0.241990	0.262009	0.218387	0.024208	0.005620	0.577634	0.815917	
 1687526002.661034	1687526002.635119	22.394857	-37.341999	-1.505160	0.241079	0.241039	0.214974	0.020642	-0.044292	-1.240895	0.239890	0.279573	0.221551	0.024015	0.004479	0.581412	0.813243	
 1687526003.065691	1687526003.036868	22.423915	-37.258395	-1.501868	0.289746	0.289631	0.241035	0.016670	-0.042247	-1.236279	0.272626	0.308559	0.248769	0.022042	0.005449	0.579514	0.814646	
 1687526003.477471	1687526003.441523	22.450853	-37.188022	-1.498102	0.295381	0.295236	0.244400	0.019036	-0.040235	-1.243178	0.268775	0.309336	0.252332	0.021894	0.003977	0.582339	0.812641	
 1687526003.783303	1687526003.743362	22.471795	-37.117391	-1.497518	0.243496	0.243417	0.217146	0.023841	-0.044223	-1.236651	0.242282	0.267911	0.223929	0.024923	0.003105	0.579704	0.814440	
 1687526004.191033	1687526004.145911	22.490858	-37.042958	-1.496359	0.294366	0.294219	0.243431	0.012141	-0.047947	-1.234714	0.282999	0.310180	0.251417	0.023059	0.008928	0.578824	0.815078	
 1687526004.597829	1687526004.550890	22.517204	-36.966054	-1.489502	0.292450	0.292274	0.243060	0.020694	-0.043896	-1.245612	0.259566	0.319341	0.250978	0.023859	0.004399	0.583329	0.811873	
 1687526004.901551	1687526004.852408	22.540333	-36.881459	-1.481491	0.241264	0.241165	0.215565	0.024771	-0.041238	-1.239989	0.245190	0.276556	0.222328	0.023974	0.001901	0.581070	0.813498	
 1687526005.208061	1687526005.154481	22.566726	-36.799743	-1.478851	0.237103	0.237014	0.212635	0.026397	-0.037788	-1.249671	0.250000	0.265307	0.219281	0.023041	0.000348	0.585011	0.810698	
 1687526005.611756	1687526005.556982	22.592574	-36.725955	-1.480694	0.290470	0.290316	0.241457	0.014383	-0.037028	-1.240342	0.284681	0.288755	0.249214	0.019244	0.004908	0.581168	0.813541	
 1687526005.915596	1687526005.859570	22.618335	-36.648873	-1.480900	0.233492	0.233464	0.210338	0.020996	-0.038837	-1.238099	0.226492	0.249668	0.216670	0.021903	0.002718	0.580286	0.814114	
 1687526006.218934	1687526006.162450	22.643662	-36.573881	-1.481232	0.239597	0.239548	0.214104	0.020821	-0.041528	-1.238408	0.241273	0.256333	0.220693	0.022948	0.003574	0.580407	0.813996	
 1687526006.625521	1687526006.567396	22.678018	-36.484828	-1.473039	0.292549	0.292433	0.242394	0.004757	-0.054201	-1.262790	0.272561	0.294589	0.250206	0.023276	0.014075	0.590105	0.806868	
 1687526006.930459	1687526006.871706	22.688824	-36.396966	-1.460478	0.239348	0.239338	0.214385	0.016527	-0.046430	-1.255790	0.221333	0.286313	0.220956	0.023638	0.006950	0.587419	0.808908	
 1687526007.334854	1687526007.278112	22.717715	-36.287032	-1.456008	0.288168	0.288053	0.240715	0.019354	-0.044970	-1.266480	0.263301	0.303385	0.248422	0.023848	0.005505	0.591758	0.805744	
 1687526007.641175	1687526007.581322	22.742496	-36.195476	-1.451677	0.237679	0.237636	0.213297	0.023378	-0.044968	-1.249291	0.238204	0.267296	0.219790	0.025070	0.003668	0.584835	0.810756	
 1687526007.944380	1687526007.885879	22.763105	-36.109540	-1.449892	0.236445	0.236363	0.212209	0.022766	-0.041418	-1.245065	0.245694	0.267121	0.218719	0.023457	0.002828	0.583123	0.812040	
 1687526008.253571	1687526008.187883	22.785034	-36.028765	-1.449338	0.237271	0.237206	0.212665	0.021368	-0.044763	-1.244814	0.244097	0.258940	0.219210	0.024409	0.004368	0.583008	0.812088	
 1687526008.660126	1687526008.590978	22.806711	-35.941302	-1.449902	0.292703	0.292519	0.242132	0.016827	-0.047329	-1.239756	0.274257	0.299803	0.249657	0.024146	0.006899	0.580915	0.813577	
 1687526008.965028	1687526008.894417	22.841215	-35.869903	-1.451733	0.240697	0.240638	0.215101	0.022410	-0.035036	-1.259664	0.237151	0.273714	0.221797	0.020754	0.001264	0.589040	0.807836	
 1687526009.368613	1687526009.297490	22.869505	-35.777529	-1.453233	0.294530	0.294329	0.243412	0.014970	-0.041417	-1.235147	0.276539	0.280920	0.251305	0.021215	0.005889	0.579045	0.814998	
 1687526009.778646	1687526009.722021	22.888462	-35.708020	-1.448014	0.294173	0.293995	0.243722	0.020921	-0.037760	-1.253184	0.264927	0.295564	0.251697	0.021424	0.002598	0.586411	0.809726	
 1687526010.184006	1687526010.124577	22.921865	-35.606517	-1.442649	0.292875	0.292595	0.243492	0.020407	-0.036468	-1.247579	0.274045	0.285789	0.251411	0.020758	0.002369	0.584139	0.811385	
 1687526010.489326	1687526010.428262	22.959673	-35.507421	-1.441185	0.238053	0.237965	0.213594	0.026321	-0.034091	-1.248968	0.240358	0.250050	0.220086	0.021520	-0.000710	0.584725	0.810946	
 1687526010.794978	1687526010.730517	22.994703	-35.408930	-1.439681	0.240670	0.240572	0.214900	0.022432	-0.031906	-1.249522	0.254041	0.248284	0.221543	0.019498	0.000234	0.584937	0.810844	
 1687526011.198554	1687526011.133393	23.024724	-35.310327	-1.440537	0.293463	0.293395	0.242908	0.013544	-0.034285	-1.253669	0.276033	0.274420	0.250737	0.017854	0.004571	0.586579	0.809683	
 1687526011.502824	1687526011.435850	23.049306	-35.229640	-1.443594	0.237208	0.237213	0.212648	0.024564	-0.036512	-1.254933	0.228168	0.243610	0.219030	0.021986	0.000776	0.587135	0.809190	
 1687526011.910146	1687526011.837894	23.076217	-35.145239	-1.446200	0.289917	0.289784	0.241279	0.017466	-0.038378	-1.245770	0.280939	0.282206	0.249059	0.020677	0.004102	0.583387	0.811921	
 1687526012.314172	1687526012.241951	23.112337	-35.055552	-1.442886	0.294949	0.294866	0.244018	0.015715	-0.031119	-1.246093	0.269702	0.289191	0.251928	0.017219	0.002698	0.583522	0.811910	
 1687526012.624475	1687526012.547322	23.149282	-34.959292	-1.442119	0.241386	0.241335	0.215584	0.020851	-0.029649	-1.249392	0.234920	0.243541	0.222347	0.018120	0.000214	0.584880	0.810917	
 1687526013.031745	1687526012.951469	23.180392	-34.860841	-1.443040	0.294410	0.294268	0.243459	0.022207	-0.034558	-1.252764	0.274882	0.272636	0.251465	0.020505	0.001134	0.586249	0.809870	
 1687526013.442158	1687526013.354517	23.210328	-34.726321	-1.440931	0.294975	0.294874	0.244052	0.021494	-0.036510	-1.256183	0.278023	0.280234	0.252143	0.021083	0.002031	0.587628	0.808854	
 1687526013.847391	1687526013.758479	23.234240	-34.598827	-1.436011	0.299678	0.299589	0.246227	0.015913	-0.040547	-1.254941	0.279840	0.287180	0.254444	0.021080	0.005462	0.587090	0.809229	
 1687526014.153186	1687526014.062410	23.267511	-34.501478	-1.432407	0.241340	0.241311	0.215644	0.021605	-0.034833	-1.251459	0.236149	0.258775	0.222280	0.020441	0.001445	0.585718	0.810256	
 1687526014.556284	1687526014.492416	23.301807	-34.377246	-1.431629	0.291348	0.291257	0.242019	0.015119	-0.035076	-1.241438	0.275468	0.279431	0.249829	0.018661	0.004051	0.581622	0.813235	
 1687526014.967419	1687526014.899077	23.330022	-34.282631	-1.428093	0.294943	0.294879	0.243839	0.016583	-0.038614	-1.258849	0.265923	0.282698	0.251967	0.020486	0.004663	0.588679	0.808094	
 1687526015.273491	1687526015.230655	23.349083	-34.189729	-1.424194	0.243843	0.243802	0.216877	0.021509	-0.048980	-1.226705	0.238406	0.255754	0.223777	0.026212	0.005303	0.575622	0.817279	
 1687526015.679517	1687526015.637550	23.387364	-34.086165	-1.418511	0.295916	0.295874	0.244005	0.011570	-0.039819	-1.252631	0.276616	0.301049	0.252060	0.019519	0.006983	0.586131	0.809951	
 1687526016.086801	1687526016.052853	23.431046	-33.990361	-1.413174	0.296528	0.296465	0.244660	0.010077	-0.036772	-1.245108	0.260010	0.283591	0.252707	0.017873	0.006628	0.583081	0.812190	
 1687526016.392604	1687526016.357129	23.462931	-33.904651	-1.406144	0.241212	0.241173	0.215286	0.019499	-0.037138	-1.251724	0.227581	0.246578	0.222076	0.020758	0.002976	0.585814	0.810174	
 1687526016.803569	1687526016.759584	23.491893	-33.818686	-1.400378	0.295597	0.295472	0.243911	0.017608	-0.037910	-1.250882	0.272895	0.282395	0.251948	0.020519	0.003960	0.585462	0.810430	
 1687526017.112794	1687526017.063720	23.523775	-33.726049	-1.397186	0.242672	0.242592	0.216381	0.025475	-0.041804	-1.263416	0.238298	0.249799	0.223099	0.024386	0.002064	0.590562	0.806621	
 1687526017.417072	1687526017.369648	23.552373	-33.637511	-1.402536	0.240647	0.240578	0.214815	0.023266	-0.038359	-1.258718	0.251555	0.255505	0.221475	0.022349	0.001886	0.588659	0.808070	
 1687526017.727694	1687526017.671065	23.572072	-33.548112	-1.405437	0.234652	0.234589	0.210753	0.019289	-0.037525	-1.244219	0.242227	0.244932	0.217240	0.020865	0.003097	0.582768	0.812365	
 1687526018.030698	1687526017.976388	23.609494	-33.469667	-1.405692	0.241686	0.241649	0.215308	0.019326	-0.034184	-1.257465	0.240235	0.247649	0.221859	0.019504	0.002237	0.588140	0.808521	
 1687526018.438039	1687526018.382757	23.649007	-33.380510	-1.404916	0.289987	0.289904	0.240928	0.014996	-0.036703	-1.239101	0.266507	0.269048	0.248332	0.019292	0.004552	0.580667	0.813900	
 1687526018.846789	1687526018.785252	23.683414	-33.295918	-1.401540	0.290208	0.290133	0.241786	0.014888	-0.036316	-1.253990	0.262453	0.275323	0.249501	0.019070	0.004626	0.586711	0.809559	
 1687526019.252137	1687526019.191637	23.707820	-33.227139	-1.391921	0.297166	0.297057	0.245011	0.020183	-0.033033	-1.252575	0.266268	0.280172	0.253064	0.019295	0.001505	0.586166	0.809960	
 1687526019.558501	1687526019.494769	23.734631	-33.128774	-1.379088	0.231640	0.231556	0.209098	0.028692	-0.034225	-1.245391	0.234923	0.235492	0.215613	0.022264	-0.001673	0.583281	0.811964	
 1687526019.863824	1687526019.799114	23.764808	-33.035800	-1.374128	0.240363	0.240290	0.214870	0.025038	-0.031960	-1.243553	0.261306	0.246793	0.221457	0.020278	-0.000867	0.582523	0.812561	
 1687526020.171223	1687526020.102797	23.792737	-32.941378	-1.372090	0.236684	0.236608	0.212250	0.018875	-0.036652	-1.245376	0.249139	0.239527	0.218784	0.020388	0.003022	0.583237	0.812040	
 1687526020.579699	1687526020.530521	23.820952	-32.838888	-1.369474	0.293422	0.293403	0.242620	0.011152	-0.036886	-1.249743	0.271449	0.279482	0.250421	0.018218	0.006267	0.584968	0.810828	
 1687526020.883080	1687526020.833762	23.849199	-32.756776	-1.365712	0.242011	0.242023	0.215896	0.025159	-0.035509	-1.247874	0.230663	0.248628	0.222543	0.021756	0.000164	0.584278	0.811262	
 1687526021.288788	1687526021.238408	23.877309	-32.681253	-1.365071	0.290612	0.290545	0.241886	0.014845	-0.037622	-1.240562	0.286080	0.279582	0.249756	0.019619	0.004895	0.581258	0.813468	
 1687526021.695742	1687526021.642546	23.901453	-32.592994	-1.362156	0.290779	0.290751	0.242277	0.009698	-0.030245	-1.180458	0.264873	0.280869	0.250222	0.015262	0.004388	0.556542	0.830668	
 1687526022.001979	1687526021.946468	23.905360	-32.525208	-1.357642	0.240512	0.240496	0.214868	0.008151	-0.035514	-1.159013	0.229246	0.239253	0.221574	0.017088	0.006314	0.547581	0.836554	
 1687526022.408528	1687526022.349367	23.916922	-32.446978	-1.344071	0.297618	0.297614	0.244707	0.009117	-0.037446	-1.135507	0.260385	0.280073	0.252760	0.018235	0.006225	0.537711	0.842909	
 1687526022.811918	1687526022.753352	23.931703	-32.358322	-1.328294	0.295195	0.295128	0.244265	0.014072	-0.037053	-1.086440	0.261820	0.284497	0.252382	0.019494	0.003554	0.516905	0.855813	
 1687526023.217053	1687526023.158174	23.943945	-32.287135	-1.315685	0.296902	0.296830	0.245147	0.010080	-0.039336	-1.051314	0.271243	0.289426	0.253399	0.019540	0.005510	0.501764	0.864766	
 1687526023.623712	1687526023.559986	23.960749	-32.212963	-1.308951	0.297419	0.297370	0.245289	0.003268	-0.042558	-1.021089	0.266379	0.294245	0.253584	0.019362	0.008972	0.488572	0.872263	
 1687526024.028388	1687526023.961966	23.964934	-32.157263	-1.303654	0.298856	0.298866	0.245895	-0.002647	-0.044844	-0.966441	0.260868	0.302258	0.254194	0.019238	0.011589	0.464490	0.885294	
 1687526024.431318	1687526024.365303	23.979814	-32.114579	-1.301851	0.298764	0.298779	0.245642	0.006392	-0.049024	-0.960486	0.257600	0.305716	0.253963	0.023213	0.008490	0.461923	0.886576	
 1687526024.840464	1687526024.769514	23.996477	-32.073489	-1.280839	0.297341	0.297341	0.245018	-0.025763	-0.044671	-0.892053	0.264086	0.323272	0.253298	0.014592	0.021252	0.430981	0.901993	
 1687526025.243413	1687526025.172769	24.010806	-32.020829	-1.267797	0.299165	0.299377	0.246326	-0.008991	-0.043947	-0.858453	0.269827	0.299450	0.254489	0.018108	0.013230	0.415973	0.909100	
 1687526025.646997	1687526025.578056	24.036909	-31.952892	-1.267195	0.296180	0.296211	0.244669	-0.017836	-0.053830	-0.820272	0.255134	0.303959	0.252895	0.021124	0.018906	0.398354	0.916794	
 1687526026.051167	1687526025.994251	24.046485	-31.897902	-1.259796	0.297221	0.297305	0.245465	-0.017930	-0.051847	-0.771809	0.258308	0.333504	0.253661	0.020640	0.018059	0.376040	0.926197	
 1687526026.357538	1687526026.297410	24.071488	-31.839584	-1.264539	0.239094	0.239062	0.213973	0.009598	-0.050006	-0.771194	0.224651	0.288780	0.220658	0.024969	0.004958	0.376102	0.926229	
 1687526026.761121	1687526026.703955	24.086392	-31.805175	-1.256639	0.296101	0.296044	0.244347	0.017261	-0.054581	-0.761527	0.264732	0.340742	0.252245	0.028538	0.002131	0.371696	0.927913	
 1687526027.168387	1687526027.107833	24.113089	-31.760456	-1.265338	0.291556	0.291785	0.242845	-0.019375	-0.059794	-0.664495	0.270706	0.344494	0.250441	0.025098	0.018903	0.325734	0.944939	
 1687526027.474645	1687526027.409724	24.110523	-31.705807	-1.225751	0.241374	0.241441	0.216031	-0.058515	-0.074891	-0.590426	0.224709	0.311455	0.222318	0.027297	0.038856	0.289567	0.955979	
 1687526027.878815	1687526027.814506	24.157591	-31.680182	-1.244179	0.294043	0.294425	0.244032	0.006624	-0.056638	-0.661937	0.302959	0.377406	0.251082	0.027854	0.006070	0.324916	0.945313	
 1687526028.289058	1687526028.219329	24.176324	-31.648740	-1.230466	0.297545	0.297712	0.245136	-0.077691	-0.054110	-0.509890	0.257818	0.356747	0.252902	0.016367	0.044384	0.250893	0.966858	
 1687526028.593903	1687526028.523073	24.197608	-31.611047	-1.228474	0.233957	0.234312	0.212128	-0.059558	-0.057604	-0.519224	0.316222	0.267583	0.217411	0.020181	0.036154	0.255657	0.965881	
 1687526028.897670	1687526028.825054	24.234097	-31.607815	-1.239124	0.236002	0.236129	0.212099	-0.042539	-0.062579	-0.518586	0.277277	0.289370	0.218020	0.024781	0.028566	0.255571	0.966050	
 1687526029.303214	1687526029.227471	24.270422	-31.603125	-1.257435	0.289610	0.289537	0.241267	-0.009115	-0.063514	-0.532404	0.277615	0.353428	0.248634	0.029434	0.012748	0.262794	0.964319	
 1687526029.607678	1687526029.531953	24.309446	-31.593943	-1.259563	0.230229	0.230264	0.208414	-0.019319	-0.053092	-0.528363	0.211778	0.324635	0.214436	0.023099	0.016251	0.260768	0.964988	
 1687526030.013440	1687526029.936551	24.347526	-31.615346	-1.267546	0.294389	0.294326	0.243524	-0.020294	-0.051301	-0.540626	0.252604	0.336365	0.250895	0.022006	0.016624	0.266681	0.963390	
 1687526030.419926	1687526030.341448	24.372075	-31.598980	-1.273960	0.295949	0.295782	0.245085	-0.000743	-0.045684	-0.472064	0.255490	0.331880	0.252750	0.022120	0.005702	0.233777	0.972022	
 1687526030.824118	1687526030.745292	24.390673	-31.596096	-1.298010	0.297237	0.297112	0.245609	0.005211	-0.046671	-0.465769	0.248374	0.323332	0.252948	0.023304	0.002850	0.230781	0.972723	
 1687526031.229335	1687526031.154448	24.397678	-31.607183	-1.301431	0.299230	0.299073	0.246404	-0.000975	-0.040158	-0.415547	0.251296	0.332011	0.253754	0.019545	0.004618	0.206230	0.978297	
 1687526031.533808	1687526031.494426	24.399247	-31.597649	-1.308303	0.240783	0.240536	0.215657	0.006879	-0.039926	-0.363092	0.217565	0.267416	0.221806	0.020254	0.000222	0.180581	0.983352	
 1687526031.940547	1687526031.898522	24.414019	-31.576914	-1.318529	0.295164	0.294679	0.244254	0.004406	-0.037259	-0.338055	0.248314	0.302093	0.251516	0.018733	0.000963	0.168235	0.985568	
 1687526032.343475	1687526032.305737	24.427473	-31.558529	-1.317613	0.297122	0.296751	0.244821	-0.020633	-0.045078	-0.323229	0.247870	0.297418	0.252464	0.020583	0.013806	0.160633	0.986703	
 1687526032.649555	1687526032.609103	24.441019	-31.558275	-1.325226	0.239986	0.239787	0.214974	-0.013013	-0.040427	-0.297074	0.225564	0.279035	0.220897	0.019027	0.009425	0.147828	0.988785	
 1687526032.953807	1687526032.912660	24.465438	-31.564556	-1.336909	0.232943	0.232782	0.209947	0.011786	-0.037820	-0.270586	0.214866	0.260215	0.215603	0.019531	-0.003287	0.134965	0.990652	
 1687526033.357344	1687526033.319737	24.499106	-31.542690	-1.335322	0.288656	0.288551	0.241058	-0.000135	-0.044617	-0.253861	0.247523	0.293048	0.248209	0.022119	0.002891	0.126557	0.991709	
 1687526033.660414	1687526033.622513	24.527011	-31.527773	-1.338838	0.238226	0.238065	0.214144	-0.015390	-0.042509	-0.191067	0.215133	0.278082	0.219942	0.020421	0.009685	0.095201	0.995201	
 1687526033.964853	1687526033.925644	24.559396	-31.520739	-1.344947	0.235361	0.235174	0.211884	-0.014740	-0.046962	-0.162439	0.218537	0.261595	0.217370	0.022803	0.009248	0.080933	0.996416	
 1687526034.374020	1687526034.327976	24.597260	-31.499161	-1.352547	0.292413	0.292300	0.242210	-0.014713	-0.043935	-0.131091	0.249315	0.297696	0.249543	0.021436	0.008777	0.065320	0.997595	
 1687526034.677469	1687526034.630340	24.625480	-31.480564	-1.348555	0.242955	0.242792	0.216861	-0.024421	-0.051387	-0.081724	0.223130	0.261052	0.222934	0.025169	0.013246	0.040521	0.998774	
 1687526034.980363	1687526034.936323	24.661877	-31.485050	-1.341819	0.233724	0.233559	0.210990	-0.025360	-0.048002	-0.069865	0.225966	0.267527	0.216467	0.023539	0.013506	0.034609	0.999032	
 1687526035.383772	1687526035.345863	24.709820	-31.481567	-1.343616	0.288608	0.288445	0.240690	-0.012862	-0.044775	-0.057083	0.260518	0.297873	0.247991	0.022192	0.007066	0.028386	0.999326	
 1687526035.688882	1687526035.653003	24.758215	-31.478347	-1.332413	0.237899	0.237742	0.213676	-0.025598	-0.052345	-0.022347	0.219501	0.261120	0.219775	0.026023	0.013086	0.010833	0.999517	
 1687526035.995587	1687526035.956257	24.808891	-31.482632	-1.334917	0.236330	0.236154	0.212473	-0.018277	-0.043332	-0.005582	0.231643	0.275093	0.218135	0.021638	0.009197	0.002592	0.999720	
 1687526036.399190	1687526036.360307	24.862086	-31.474271	-1.340347	0.288462	0.288220	0.240566	-0.037756	-0.059071	0.013909	0.253213	0.290322	0.247923	0.029656	0.018663	-0.007508	0.999358	
 1687526036.803671	1687526036.787765	24.902327	-31.475555	-1.353486	0.294692	0.294667	0.244243	-0.052023	-0.050060	0.048270	0.293590	0.336419	0.251945	0.025639	0.025389	-0.024768	0.999042	
 1687526037.207423	1687526037.192607	24.953376	-31.457966	-1.376076	0.294289	0.294121	0.243877	-0.000193	-0.052860	0.139414	0.338282	0.310526	0.251528	0.026370	-0.001744	-0.069629	0.997223	
 1687526037.518770	1687526037.495878	24.995266	-31.470481	-1.372333	0.239574	0.239554	0.214774	-0.016815	-0.050348	0.146250	0.215968	0.284695	0.220757	0.025717	0.006543	-0.073245	0.996961	
 1687526037.824091	1687526037.799155	25.040982	-31.490247	-1.358672	0.236825	0.236765	0.212685	-0.014579	-0.051783	0.128070	0.222592	0.274330	0.218891	0.026301	0.005616	-0.064157	0.997577	
 1687526038.231252	1687526038.201007	25.077108	-31.511527	-1.358087	0.288447	0.288307	0.240779	-0.018419	-0.051779	0.144051	0.249995	0.317494	0.248279	0.026481	0.007319	-0.072174	0.997014	
 1687526038.534159	1687526038.502751	25.109483	-31.543297	-1.352663	0.239980	0.239857	0.214682	-0.023245	-0.050211	0.135854	0.226389	0.277382	0.221095	0.025832	0.009888	-0.068140	0.997292	
 1687526038.838786	1687526038.805285	25.144800	-31.558895	-1.351525	0.236525	0.236418	0.212107	-0.022793	-0.036818	0.186202	0.229927	0.267325	0.218491	0.019387	0.009634	-0.093153	0.995416	
 1687526039.144208	1687526039.108742	25.180450	-31.564405	-1.342372	0.237121	0.236901	0.212706	-0.036268	-0.044410	0.232520	0.230809	0.244087	0.218870	0.024152	0.015431	-0.116350	0.992795	
 1687526039.447912	1687526039.410895	25.215915	-31.588343	-1.345477	0.236398	0.236223	0.212232	-0.025314	-0.045561	0.233101	0.255119	0.254692	0.218378	0.024093	0.009919	-0.116533	0.992845	
 1687526039.858057	1687526039.813642	25.255145	-31.601046	-1.342644	0.291507	0.291139	0.241802	-0.048423	-0.041929	0.297520	0.266057	0.294176	0.249283	0.024313	0.020830	-0.148638	0.988373	
 1687526040.164614	1687526040.117564	25.289081	-31.618617	-1.338473	0.243640	0.243490	0.217406	-0.042904	-0.049466	0.322386	0.296414	0.254016	0.223812	0.027846	0.017197	-0.160934	0.986422	
 1687526040.468467	1687526040.419874	25.309485	-31.644666	-1.343731	0.237451	0.237358	0.213127	-0.019269	-0.045893	0.318722	0.272324	0.264538	0.219421	0.024181	0.005869	-0.158856	0.986988	
 1687526040.773355	1687526040.723226	25.328234	-31.669960	-1.339823	0.236503	0.236452	0.212383	-0.032010	-0.053378	0.338107	0.225251	0.261730	0.218702	0.028994	0.011281	-0.168589	0.985195	
 1687526041.078950	1687526041.026698	25.352935	-31.685034	-1.336334	0.234961	0.234917	0.211441	-0.028315	-0.063233	0.353143	0.242262	0.270307	0.217710	0.033602	0.008378	-0.175991	0.983782	
 1687526041.482419	1687526041.430537	25.378802	-31.693846	-1.333725	0.292879	0.292905	0.242530	-0.039312	-0.046695	0.447365	0.269646	0.343354	0.250179	0.027118	0.013982	-0.222166	0.974531	
 1687526041.885281	1687526041.833705	25.409194	-31.715436	-1.331190	0.291889	0.291621	0.242976	-0.030245	-0.050898	0.460914	0.296685	0.294673	0.250583	0.028224	0.008906	-0.228697	0.973048	
 1687526042.192035	1687526042.159735	25.438657	-31.733908	-1.328999	0.236697	0.236587	0.212745	-0.039367	-0.050437	0.506682	0.241119	0.273528	0.219311	0.029338	0.012729	-0.250992	0.967461	
 1687526042.495510	1687526042.463013	25.470245	-31.741238	-1.322493	0.240327	0.240115	0.214927	-0.054245	-0.053137	0.547898	0.261460	0.271170	0.221433	0.032899	0.018915	-0.271034	0.961821	
 1687526042.902520	1687526042.867418	25.495100	-31.762104	-1.321766	0.286008	0.285755	0.239743	-0.038990	-0.054462	0.532928	0.328758	0.299086	0.247190	0.031393	0.011630	-0.263686	0.964027	
 1687526043.308672	1687526043.270032	25.530234	-31.772978	-1.314841	0.295752	0.295481	0.244487	-0.055762	-0.054292	0.622593	0.292561	0.317634	0.252289	0.034364	0.018218	-0.306782	0.950985	
 1687526043.612737	1687526043.571209	25.546158	-31.795917	-1.319410	0.234302	0.234096	0.211472	-0.054189	-0.058827	0.624687	0.288018	0.265730	0.217678	0.036297	0.016735	-0.307802	0.950610	
 1687526044.018179	1687526043.974295	25.549994	-31.827903	-1.324596	0.292887	0.292700	0.242872	-0.044942	-0.048880	0.625769	0.319699	0.314311	0.250467	0.030159	0.013852	-0.308157	0.950756	
 1687526044.424379	1687526044.379438	25.574499	-31.849566	-1.320424	0.293257	0.293105	0.243545	-0.057022	-0.052280	0.681989	0.293917	0.289653	0.251218	0.034152	0.018119	-0.334876	0.941469	
 1687526044.828926	1687526044.783556	25.610216	-31.862670	-1.321955	0.296017	0.295659	0.245296	-0.066131	-0.061821	0.734531	0.321282	0.295109	0.252919	0.040694	0.019749	-0.359651	0.931990	
 1687526045.135987	1687526045.085429	25.626544	-31.889991	-1.332936	0.239706	0.239569	0.214764	-0.052462	-0.055374	0.726298	0.297043	0.275575	0.221045	0.035182	0.014678	-0.355640	0.933845	
 1687526045.440312	1687526045.387555	25.642858	-31.917182	-1.336734	0.238873	0.238789	0.213798	-0.047267	-0.055769	0.738536	0.266548	0.265540	0.220071	0.034520	0.011970	-0.361306	0.931731	
 1687526045.848825	1687526045.696862	25.663248	-31.934156	-1.337997	0.292214	0.292160	0.242121	-0.046467	-0.055244	0.737095	0.286940	0.300007	0.249109	0.034123	0.011716	-0.360625	0.932013	
 1687526046.154918	1687526045.696862	25.671883	-31.960476	-1.333220	0.240485	0.240475	0.214965	-0.035242	-0.055138	0.723535	0.255884	0.269037	0.221132	0.032011	0.006718	-0.354193	0.934600	
 1687526046.561681	1687526046.538226	25.698924	-31.961025	-1.323422	0.287949	0.288165	0.240884	-0.038131	-0.050327	0.774936	0.267091	0.303602	0.247981	0.030492	0.008141	-0.378101	0.925226	
 1687526046.864304	1687526046.841713	25.726421	-31.961155	-1.313556	0.240430	0.240383	0.215495	-0.062138	-0.050956	0.833616	0.244113	0.265062	0.221368	0.035855	0.018087	-0.405240	0.913328	
 1687526047.271262	1687526047.246392	25.739708	-31.972008	-1.323877	0.292935	0.292708	0.242909	-0.052899	-0.046664	0.847349	0.326667	0.294718	0.250062	0.032129	0.014514	-0.411420	0.910764	
 1687526047.676349	1687526047.649354	25.774123	-31.975685	-1.324702	0.296016	0.295587	0.244843	-0.055925	-0.048960	0.928547	0.307480	0.291525	0.252108	0.034393	0.014036	-0.448076	0.893223	
 1687526047.983161	1687526047.951740	25.792178	-31.998942	-1.331761	0.239695	0.239500	0.214760	-0.050557	-0.047926	0.928361	0.278271	0.264751	0.220846	0.032731	0.011872	-0.447960	0.893375	
 1687526048.386956	1687526048.354201	25.805697	-32.029602	-1.331827	0.297184	0.296964	0.245068	-0.052435	-0.046077	0.931956	0.304503	0.300867	0.252253	0.032348	0.013067	-0.449563	0.892567	
 1687526048.792068	1687526048.755919	25.822826	-32.060462	-1.328565	0.295359	0.295286	0.244430	-0.044219	-0.051135	0.972145	0.313523	0.299362	0.252053	0.032923	0.007601	-0.467390	0.883405	
 1687526049.196254	1687526049.160229	25.850151	-32.085760	-1.316868	0.291671	0.291620	0.243313	-0.058499	-0.056652	0.989751	0.292993	0.316778	0.250765	0.038798	0.012281	-0.475258	0.878905	
 1687526049.503475	1687526049.463230	25.853522	-32.117948	-1.320481	0.239574	0.239514	0.214566	-0.076089	-0.038096	0.983480	0.292831	0.293654	0.220894	0.034734	0.024536	-0.472372	0.880373	
 1687526049.808153	1687526049.765144	25.866934	-32.156675	-1.318363	0.239387	0.239112	0.214417	-0.074037	-0.041792	0.985738	0.358034	0.248457	0.220495	0.035902	0.022718	-0.473409	0.879817	
 1687526050.113570	1687526050.067139	25.870436	-32.203566	-1.342258	0.237501	0.237363	0.212763	-0.028802	-0.046688	0.967970	0.359907	0.258345	0.218946	0.027358	0.001883	-0.465433	0.884658	
 1687526050.519228	1687526050.470086	25.882724	-32.252473	-1.333647	0.293043	0.293453	0.243004	-0.077132	-0.044527	0.994202	0.271977	0.327743	0.250053	0.037935	0.023273	-0.477161	0.877688	
 1687526050.926433	1687526050.872353	25.903138	-32.304826	-1.332652	0.294930	0.295015	0.244319	-0.057906	-0.050772	0.957427	0.441980	0.308746	0.251944	0.035851	0.013999	-0.460949	0.886592	
 1687526051.333156	1687526051.276318	25.947805	-32.368662	-1.337043	0.297247	0.297550	0.245724	-0.061145	-0.041104	0.996702	0.369259	0.343221	0.253323	0.032650	0.017026	-0.478205	0.877476	
 1687526051.739555	1687526051.679037	25.985307	-32.445911	-1.348797	0.292298	0.292410	0.243539	-0.049150	-0.034442	0.962699	0.393259	0.311788	0.251060	0.026634	0.013807	-0.463142	0.885776	
 1687526052.144582	1687526052.082072	26.024138	-32.518145	-1.360874	0.297976	0.298198	0.246125	-0.050209	-0.029287	0.978383	0.352533	0.298622	0.253534	0.024716	0.015277	-0.470039	0.882167	
 1687526052.550341	1687526052.485732	26.048910	-32.588713	-1.374884	0.297762	0.297889	0.246028	-0.042502	-0.023510	0.959982	0.364924	0.286280	0.253488	0.020236	0.013420	-0.461857	0.886622	
 1687526052.859568	1687526052.788047	26.083596	-32.647622	-1.386009	0.239150	0.239328	0.214270	-0.031094	-0.018830	0.966738	0.293926	0.238587	0.220439	0.015560	0.009389	-0.464818	0.885220	
 1687526053.165930	1687526053.089468	26.116425	-32.709128	-1.392059	0.238310	0.238525	0.213635	-0.032564	-0.019511	0.958196	0.257595	0.230169	0.219688	0.016161	0.009951	-0.461037	0.887178	
 1687526053.469024	1687526053.391205	26.151561	-32.765960	-1.397504	0.242125	0.242358	0.215915	-0.036583	-0.019305	0.963613	0.264018	0.233684	0.222104	0.017027	0.011736	-0.463438	0.885888	
 1687526053.874947	1687526053.794409	26.193122	-32.819754	-1.410407	0.292840	0.293281	0.242765	-0.036097	-0.015112	0.963630	0.310943	0.262234	0.250035	0.015057	0.012492	-0.463420	0.885923	
 1687526054.278886	1687526054.196429	26.236707	-32.899449	-1.414734	0.291912	0.292151	0.242825	-0.047507	-0.013028	0.970532	0.312055	0.255636	0.250279	0.016839	0.017971	-0.466439	0.884211	
 1687526054.582542	1687526054.498665	26.287646	-32.971571	-1.413561	0.239028	0.239069	0.214021	-0.036746	-0.010086	0.972928	0.312101	0.222224	0.220474	0.013046	0.013883	-0.467500	0.883788	
 1687526054.888868	1687526054.801129	26.331833	-33.042521	-1.409281	0.236833	0.236890	0.212670	-0.038910	-0.012630	0.960737	0.275931	0.218366	0.218894	0.014589	0.014334	-0.462118	0.886582	
 1687526055.193082	1687526055.103107	26.376553	-33.105051	-1.409550	0.236363	0.236418	0.212336	-0.040296	-0.014680	0.971022	0.282451	0.220648	0.218490	0.015892	0.014393	-0.466684	0.884164	
 1687526055.596812	1687526055.504880	26.418992	-33.155764	-1.420570	0.292753	0.292847	0.242622	-0.045369	-0.016189	0.965939	0.324583	0.254729	0.250116	0.017700	0.016329	-0.464439	0.885278	
 1687526056.002557	1687526055.908858	26.457467	-33.221685	-1.436882	0.293762	0.293923	0.243551	-0.044192	-0.016106	0.976319	0.350150	0.258403	0.251217	0.017472	0.015737	-0.469029	0.882870	
 1687526056.409932	1687526056.412991	26.504361	-33.296519	-1.448426	0.295155	0.295367	0.244477	-0.035348	-0.013973	0.971391	0.341423	0.258847	0.252223	0.014427	0.012368	-0.466848	0.884133	
 1687526056.716281	1687526056.715107	26.549475	-33.377505	-1.448053	0.233103	0.233219	0.210347	-0.046849	-0.015854	0.974837	0.267021	0.220472	0.216693	0.017971	0.016982	-0.468367	0.883188	
 1687526057.019409	1687526057.016999	26.600778	-33.455532	-1.447737	0.241872	0.241980	0.215753	-0.042531	-0.017787	0.978084	0.310236	0.228110	0.222288	0.017838	0.014593	-0.469823	0.882460	
 1687526057.422917	1687526057.420180	26.650030	-33.525282	-1.447156	0.293091	0.293198	0.242567	-0.051881	-0.016485	0.968996	0.328845	0.259378	0.250238	0.019372	0.019114	-0.465781	0.884481	
 1687526057.727549	1687526057.722720	26.691684	-33.592698	-1.442605	0.237108	0.237185	0.212924	-0.042896	-0.014646	0.968674	0.326406	0.226042	0.219140	0.016465	0.015570	-0.465641	0.884683	
 1687526058.131081	1687526058.125259	26.744382	-33.659173	-1.443841	0.286611	0.286829	0.240351	-0.051660	-0.020451	0.976115	0.321808	0.251861	0.247756	0.021138	0.018018	-0.468963	0.882781	
 1687526060.939551	1687526060.858819	26.863773	-33.746671	-1.452049	0.297182	0.297318	0.244990	-0.059508	0.002091	1.045403	0.348899	0.263161	0.252447	0.013946	0.026299	-0.498974	0.866105	
 1687526061.243148	1687526061.161075	26.906401	-33.808957	-1.460788	0.235846	0.235806	0.212737	-0.055578	-0.008169	1.010383	0.340123	0.213603	0.218410	0.017020	0.022338	-0.483883	0.874682	
 1687526061.550593	1687526061.462718	26.929431	-33.895366	-1.479028	0.240234	0.240368	0.214912	-0.043789	-0.015738	0.988229	0.323010	0.219164	0.220752	0.017309	0.015543	-0.474276	0.880069	
 1687526061.857467	1687526061.765544	26.970568	-33.994972	-1.497611	0.237021	0.237131	0.212469	-0.038301	-0.015199	1.001687	0.283777	0.223612	0.218744	0.015859	0.013149	-0.480191	0.876922	
 1687526062.161749	1687526062.068178	27.024370	-34.074349	-1.496082	0.235183	0.235306	0.211068	-0.064708	-0.028252	1.017532	0.265314	0.221236	0.217165	0.028085	0.021371	-0.487195	0.872580	
 1687526062.466024	1687526062.370475	27.060881	-34.167963	-1.492259	0.238047	0.238119	0.213133	-0.053036	-0.026386	0.990791	0.354856	0.242528	0.219456	0.024206	0.017056	-0.475479	0.879229	
 1687526062.772362	1687526062.774681	27.096491	-34.260745	-1.495420	0.235397	0.235462	0.211335	-0.052911	-0.025722	1.002784	0.308797	0.237559	0.217643	0.023987	0.017015	-0.480737	0.876372	
 1687526063.080774	1687526063.077283	27.144465	-34.346971	-1.488984	0.237396	0.237446	0.212791	-0.048845	-0.029836	0.992385	0.307670	0.237350	0.219142	0.024739	0.014373	-0.476206	0.878868	
 1687526063.384347	1687526063.379886	27.185060	-34.418494	-1.485754	0.237854	0.237920	0.213285	-0.045772	-0.027520	0.981072	0.301020	0.247241	0.219560	0.022913	0.013703	-0.471209	0.881618	
 1687526063.688140	1687526063.682162	27.229201	-34.483839	-1.485230	0.234659	0.234765	0.211336	-0.047225	-0.030131	0.985371	0.287706	0.240351	0.217573	0.024436	0.013676	-0.473122	0.880552	
 1687526064.100296	1687526064.085934	27.289146	-34.553793	-1.494269	0.290459	0.290708	0.241767	-0.050670	-0.022064	1.011415	0.335150	0.280988	0.249275	0.021919	0.016818	-0.484486	0.874363	
 1687526064.410292	1687526064.388426	27.342181	-34.623067	-1.506116	0.241990	0.242215	0.216334	-0.046416	-0.019990	1.022276	0.315695	0.237690	0.222744	0.020066	0.015351	-0.489216	0.871796	
 1687526064.714905	1687526064.690872	27.367898	-34.714329	-1.512207	0.239427	0.239611	0.214343	-0.044895	-0.025627	0.977964	0.297888	0.232240	0.220789	0.021851	0.013796	-0.469824	0.882382	
 1687526065.124423	1687526065.093606	27.420228	-34.794251	-1.509108	0.292287	0.292526	0.242604	-0.046393	-0.025144	1.027855	0.329640	0.273028	0.250256	0.022346	0.014018	-0.491684	0.870374	
 1687526065.427880	1687526065.395972	27.454727	-34.878260	-1.506701	0.239807	0.239844	0.214862	-0.039326	-0.018700	0.973643	0.301612	0.241792	0.221174	0.017460	0.013004	-0.467871	0.883529	
 1687526065.735305	1687526065.698929	27.508205	-34.952829	-1.491534	0.237679	0.237794	0.213298	-0.045948	-0.024706	1.002940	0.277182	0.230125	0.219689	0.021871	0.014205	-0.480800	0.876442	
 1687526066.140016	1687526066.102503	27.572992	-35.033502	-1.486669	0.293073	0.293198	0.242875	-0.050602	-0.020444	0.983918	0.336276	0.272100	0.250567	0.020956	0.017470	-0.472406	0.880959	
 1687526066.445105	1687526066.404823	27.642585	-35.093820	-1.488505	0.238904	0.238933	0.214112	-0.038624	-0.020087	1.029065	0.316863	0.234416	0.220618	0.018244	0.011868	-0.492180	0.870221	
 1687526066.851796	1687526066.808813	27.693223	-35.177380	-1.491995	0.292548	0.292763	0.243012	-0.053722	-0.038052	0.966991	0.309689	0.262795	0.250622	0.029321	0.014934	-0.465077	0.884658	
 1687526067.158408	1687526067.117046	27.741960	-35.253825	-1.500907	0.239501	0.239547	0.214754	-0.052035	-0.036440	0.990412	0.324822	0.270162	0.221300	0.028385	0.014231	-0.475390	0.879202	
 1687526067.462650	1687526067.419001	27.800586	-35.329409	-1.540277	0.238893	0.238963	0.213836	-0.002902	-0.041977	1.001739	0.321032	0.266103	0.220258	0.019105	-0.008805	-0.480109	0.876957	
 1687526067.770639	1687526067.721681	27.863636	-35.408116	-1.535186	0.237232	0.237427	0.212878	-0.067889	-0.038560	1.004400	0.216256	0.273406	0.219102	0.033222	0.020467	-0.481562	0.875543	
 1687526068.076343	1687526068.024013	27.922587	-35.497823	-1.524326	0.236771	0.236812	0.212811	-0.059055	-0.035631	0.983372	0.368247	0.265135	0.219025	0.029633	0.017615	-0.472296	0.880766	
 1687526068.379170	1687526068.326350	27.971271	-35.572036	-1.527184	0.235762	0.235769	0.211736	-0.042943	-0.036346	0.991958	0.340717	0.260629	0.217940	0.026194	0.010234	-0.476048	0.878970	
 1687526068.784149	1687526068.728432	28.014173	-35.648953	-1.516665	0.291862	0.291964	0.242309	-0.063234	-0.030318	0.986323	0.326202	0.298191	0.249682	0.028309	0.020669	-0.473544	0.880072	
 1687526069.088382	1687526069.030617	28.064747	-35.732948	-1.517491	0.238028	0.238060	0.213735	-0.044797	-0.031788	0.989337	0.354866	0.250589	0.220085	0.024616	0.012166	-0.474874	0.879625	
 1687526069.396789	1687526069.332980	28.116546	-35.802635	-1.522218	0.236400	0.236523	0.212471	-0.057838	-0.028770	0.999106	0.295931	0.253980	0.218784	0.026471	0.018491	-0.479148	0.877140	
 1687526069.800546	1687526069.738749	28.168751	-35.884880	-1.533254	0.293922	0.294107	0.243153	-0.051450	-0.029173	0.994807	0.394416	0.284811	0.250741	0.025086	0.015646	-0.477266	0.878261	
 1687526070.104405	1687526070.041026	28.226863	-35.981086	-1.533231	0.237816	0.237935	0.213414	-0.048145	-0.028291	0.997822	0.324766	0.251530	0.219899	0.023933	0.014368	-0.478582	0.877599	
 1687526070.407840	1687526070.344082	28.274539	-36.062386	-1.536264	0.236977	0.237088	0.212748	-0.043863	-0.028280	0.997606	0.314427	0.249638	0.219151	0.022903	0.012494	-0.478484	0.877708	
 1687526070.811620	1687526070.747008	28.323586	-36.150385	-1.538091	0.292314	0.292559	0.242667	-0.049502	-0.028231	0.995460	0.340275	0.283873	0.250190	0.024213	0.015007	-0.477545	0.878145	
 1687526071.124376	1687526071.049536	28.360602	-36.219915	-1.540663	0.237087	0.237171	0.212915	-0.039263	-0.030408	0.992826	0.324456	0.251498	0.219410	0.022714	0.010019	-0.476390	0.878883	
 1687526071.428028	1687526071.351726	28.397220	-36.283598	-1.542892	0.241110	0.241320	0.215392	-0.044713	-0.026615	0.991186	0.289610	0.257789	0.221880	0.022333	0.013337	-0.475654	0.879248	
 1687526071.731971	1687526071.653821	28.433503	-36.357942	-1.541653	0.236778	0.236915	0.212480	-0.041171	-0.025281	0.986374	0.303444	0.246419	0.218901	0.020876	0.012147	-0.473526	0.880448	
 1687526072.135191	1687526072.057449	28.486526	-36.432942	-1.540943	0.286133	0.286381	0.239779	-0.047680	-0.028430	0.995000	0.329064	0.274936	0.247220	0.023863	0.014164	-0.477344	0.878278	
 1687526072.438883	1687526072.360838	28.534699	-36.494878	-1.543500	0.236530	0.236617	0.212645	-0.041556	-0.026727	0.992430	0.321402	0.253086	0.219126	0.021640	0.011908	-0.476199	0.878990	
 1687526072.746367	1687526072.664401	28.586437	-36.561455	-1.550493	0.236603	0.236736	0.212561	-0.045547	-0.026316	0.987998	0.298033	0.248641	0.218985	0.022378	0.013810	-0.474250	0.879997	
 1687526073.149592	1687526073.070065	28.652603	-36.651962	-1.563054	0.293495	0.293727	0.242941	-0.040108	-0.025766	1.000017	0.354664	0.282715	0.250589	0.020916	0.011421	-0.479524	0.877205	
 1687526073.453107	1687526073.372337	28.704514	-36.745879	-1.565721	0.232348	0.232446	0.209827	-0.035064	-0.025275	0.999554	0.290486	0.243578	0.216155	0.019490	0.009330	-0.479313	0.877378	
 1687526073.761973	1687526073.674886	28.753208	-36.843692	-1.565716	0.236464	0.236531	0.212363	-0.038452	-0.026916	1.000372	0.277441	0.245218	0.218787	0.021026	0.010415	-0.479684	0.877128	
 1687526074.167439	1687526074.077049	28.807597	-36.947167	-1.564420	0.294345	0.294407	0.243346	-0.045248	-0.033263	1.000495	0.328098	0.284102	0.251129	0.025438	0.011873	-0.479784	0.876938	
 1687526074.471549	1687526074.379348	28.856030	-37.023790	-1.567960	0.238494	0.238512	0.213787	-0.035589	-0.033405	1.002823	0.318248	0.268064	0.220385	0.023195	0.007574	-0.480781	0.876501	
 1687526074.775334	1687526074.682114	28.902966	-37.093089	-1.571332	0.234550	0.234641	0.211128	-0.042028	-0.029157	0.997302	0.279654	0.263935	0.217567	0.022848	0.011481	-0.478354	0.877795	
 1687526075.180750	1687526075.085168	28.967130	-37.178350	-1.578044	0.290781	0.290910	0.241819	-0.043286	-0.034927	1.000354	0.342926	0.289750	0.249538	0.025697	0.010615	-0.479727	0.876977	
 1687526075.487408	1687526075.489460	29.025709	-37.250902	-1.584498	0.240257	0.240326	0.214915	-0.038560	-0.036101	0.996875	0.313178	0.274200	0.221517	0.025065	0.008303	-0.478193	0.877858	
 1687526075.890701	1687526075.892143	29.090894	-37.344038	-1.589035	0.293149	0.293375	0.242978	-0.045628	-0.026309	1.019941	0.329176	0.309188	0.250699	0.022612	0.013488	-0.488244	0.872310	
 1687526076.195702	1687526076.193858	29.140755	-37.451232	-1.583977	0.240325	0.240354	0.215091	-0.026392	-0.031177	1.023060	0.319953	0.251476	0.221706	0.020050	0.003876	-0.489589	0.871714	
 1687526076.499611	1687526076.495238	29.206224	-37.543895	-1.601626	0.236087	0.236248	0.212017	-0.019122	-0.031896	1.059052	0.252147	0.255371	0.218356	0.018591	0.000196	-0.505168	0.862820	
 1687526076.902698	1687526076.898673	29.264523	-37.661583	-1.593632	0.285797	0.285981	0.239689	-0.041338	-0.036268	0.994578	0.266259	0.287035	0.247164	0.025791	0.009513	-0.477194	0.878368	
 1687526077.209556	1687526077.201532	29.319131	-37.752530	-1.603852	0.237695	0.237722	0.213304	-0.030686	-0.038618	1.011203	0.300715	0.273532	0.219775	0.024320	0.004070	-0.484446	0.874474	
 1687526077.517775	1687526077.505054	29.375528	-37.834826	-1.605406	0.238244	0.238290	0.213433	-0.033211	-0.040800	1.006338	0.266157	0.277119	0.219908	0.025873	0.004709	-0.482334	0.875592	
 1687526077.924714	1687526077.907653	29.434742	-37.924808	-1.613239	0.293186	0.293238	0.242902	-0.055160	-0.034220	1.011259	0.310312	0.321646	0.250666	0.028317	0.015839	-0.484516	0.874180	
 1687526078.229534	1687526078.210989	29.487337	-38.006016	-1.610044	0.238919	0.238856	0.214207	-0.047335	-0.036492	1.004549	0.357300	0.270015	0.220735	0.027378	0.011958	-0.481584	0.875891	
 1687526078.533839	1687526078.512965	29.547677	-38.075351	-1.625793	0.237866	0.237856	0.213128	-0.036381	-0.036919	1.014222	0.323361	0.274234	0.219609	0.024965	0.006935	-0.485784	0.873695	
 1687526078.937343	1687526078.916009	29.614026	-38.149975	-1.626830	0.292820	0.292909	0.242509	-0.049449	-0.035100	1.003161	0.322649	0.310853	0.250211	0.027268	0.013238	-0.480971	0.876212	
 1687526079.241485	1687526079.218421	29.689598	-38.215112	-1.616029	0.238173	0.238179	0.213560	-0.051649	-0.030812	1.053583	0.335716	0.272933	0.220064	0.026293	0.014576	-0.502879	0.863834	
 1687526079.549366	1687526079.520614	29.751654	-38.295857	-1.604417	0.233015	0.233003	0.210268	-0.045927	-0.043245	0.990059	0.337283	0.255232	0.216557	0.029926	0.009932	-0.475258	0.879281	
 1687526079.953820	1687526079.924018	29.809520	-38.398644	-1.612155	0.291711	0.291789	0.242122	-0.027357	-0.037780	1.024492	0.359381	0.332255	0.249766	0.023166	0.002663	-0.490228	0.871282	
 1687526080.258808	1687526080.225157	29.880807	-38.459460	-1.617433	0.238199	0.238370	0.213766	-0.037413	-0.036142	1.011751	0.259127	0.275340	0.220147	0.024867	0.007605	-0.484705	0.874291	
 1687526080.564453	1687526080.526366	29.937982	-38.542389	-1.619160	0.233387	0.233441	0.210537	-0.040586	-0.042614	0.954774	0.284623	0.268607	0.216668	0.028241	0.008232	-0.459645	0.887615	
 1687526080.968183	1687526080.930123	30.000247	-38.608715	-1.630360	0.292054	0.292150	0.242252	-0.046284	-0.040356	1.011863	0.345233	0.338692	0.249867	0.028856	0.010462	-0.484802	0.874085	
 1687526081.272139	1687526081.231737	30.052270	-38.681749	-1.632713	0.235148	0.235140	0.211750	-0.029864	-0.044371	0.973736	0.316370	0.281509	0.218190	0.026588	0.002815	-0.467986	0.883331	
 1687526081.579964	1687526081.534544	30.120737	-38.767563	-1.636803	0.235030	0.235110	0.211457	-0.042295	-0.036356	0.997155	0.256808	0.281637	0.217837	0.026070	0.009879	-0.478329	0.877738	
 1687526081.886763	1687526081.836920	30.172191	-38.851069	-1.639919	0.242010	0.241971	0.215703	-0.039764	-0.035706	0.979327	0.299741	0.270735	0.222124	0.025100	0.009147	-0.470474	0.882009	
 1687526082.190311	1687526082.139990	30.225729	-38.925734	-1.637677	0.237698	0.237676	0.212939	-0.041284	-0.034329	0.991599	0.288881	0.266807	0.219258	0.024912	0.009989	-0.475875	0.879103	
 1687526082.494459	1687526082.441616	30.274916	-38.991695	-1.634452	0.235397	0.235352	0.211676	-0.041817	-0.034376	0.980213	0.292440	0.261977	0.217882	0.025001	0.010355	-0.470864	0.881790	
 1687526082.898966	1687526082.844895	30.334215	-39.049131	-1.635138	0.290552	0.290514	0.241796	-0.049394	-0.033702	0.988101	0.334555	0.299069	0.249225	0.026539	0.013750	-0.474350	0.879829	
 1687526083.305089	1687526083.247926	30.383281	-39.111718	-1.649420	0.293342	0.293412	0.243592	-0.041486	-0.030447	0.976721	0.373916	0.303585	0.251251	0.023171	0.011174	-0.469302	0.882663	
 1687526083.608211	1687526083.550188	30.442785	-39.187512	-1.662986	0.240126	0.240216	0.215023	-0.038059	-0.029025	0.985336	0.303027	0.260775	0.221535	0.021783	0.009901	-0.473086	0.880691	
 1687526084.012351	1687526083.952935	30.489095	-39.265071	-1.675483	0.293034	0.293188	0.243164	-0.046586	-0.024536	0.975269	0.330925	0.291179	0.250825	0.021747	0.014828	-0.468628	0.883004	
 1687526084.316330	1687526084.255568	30.552628	-39.318608	-1.682242	0.237647	0.237670	0.213171	-0.038931	-0.022895	0.976756	0.318923	0.246379	0.219681	0.019239	0.011817	-0.469271	0.882765	
 1687526084.623070	1687526084.558332	30.597168	-39.374859	-1.680629	0.233002	0.233019	0.210296	-0.037491	-0.024156	0.952480	0.289291	0.239308	0.216158	0.019325	0.011121	-0.458528	0.888400	
 1687526085.028538	1687526084.961426	30.637367	-39.432319	-1.673338	0.291923	0.292017	0.242243	-0.043745	-0.024128	0.962279	0.327367	0.279172	0.249555	0.020812	0.013805	-0.462879	0.886069	
 1687526085.431804	1687526085.364911	30.693397	-39.481989	-1.668926	0.296549	0.296695	0.245013	-0.040848	-0.019883	0.978208	0.355285	0.282560	0.252710	0.018369	0.013358	-0.469893	0.882431	
 1687526085.737191	1687526085.666727	30.734902	-39.544504	-1.669516	0.238969	0.239050	0.214507	-0.043697	-0.018948	0.966213	0.302392	0.238979	0.220806	0.018535	0.014946	-0.464584	0.885209	
 1687526086.142936	1687526086.069978	30.790549	-39.607923	-1.679804	0.290128	0.290298	0.241902	-0.045126	-0.018215	0.973692	0.348016	0.267323	0.249429	0.018602	0.015679	-0.467884	0.883455	
 1687526086.455739	1687526086.487928	30.833052	-39.683534	-1.689046	0.237023	0.237070	0.212912	-0.038156	-0.015867	0.951602	0.314545	0.234603	0.219261	0.015789	0.013324	-0.458087	0.888667	
 1687526086.760212	1687526086.689437	30.870732	-39.771781	-1.703513	0.244028	0.244117	0.217069	-0.037141	-0.016246	0.956760	0.293307	0.234667	0.223560	0.015758	0.012746	-0.460381	0.887490	
 1687526087.164268	1687526087.091824	30.911390	-39.867262	-1.708193	0.291469	0.291564	0.241993	-0.045167	-0.015407	0.966593	0.320028	0.261279	0.249602	0.017313	0.016416	-0.464722	0.885135	
 1687526087.468433	1687526087.393711	30.942334	-39.949657	-1.707830	0.239239	0.239295	0.214020	-0.042890	-0.014244	0.970627	0.315247	0.231458	0.220591	0.016301	0.015645	-0.466502	0.884232	
 1687526087.773219	1687526087.695826	30.972566	-40.044814	-1.696488	0.233198	0.233254	0.210138	-0.041234	-0.016384	0.976193	0.292697	0.224114	0.216616	0.016901	0.014367	-0.468979	0.882931	
 1687526088.176755	1687526088.099193	31.016091	-40.153835	-1.693662	0.291789	0.291910	0.242244	-0.043483	-0.019457	0.983368	0.331113	0.261198	0.249972	0.018837	0.014572	-0.472164	0.881189	
 1687526088.483741	1687526088.400734	31.054122	-40.238617	-1.694475	0.237549	0.237596	0.213222	-0.039066	-0.020275	0.980827	0.303987	0.235654	0.219756	0.018140	0.012455	-0.471051	0.881831	
 1687526088.889124	1687526088.803798	31.096778	-40.335479	-1.700578	0.294038	0.294198	0.243417	-0.044619	-0.021929	0.985407	0.329868	0.270099	0.251182	0.020209	0.014468	-0.473079	0.880669	
 1687526089.194776	1687526089.106833	31.129129	-40.412995	-1.711766	0.237417	0.237470	0.213075	-0.035262	-0.020353	0.990988	0.313170	0.241258	0.219643	0.017333	0.010671	-0.475526	0.879466	
 1687526089.499854	1687526089.409283	31.162844	-40.491481	-1.718509	0.239163	0.239268	0.214032	-0.037150	-0.018396	0.997215	0.281753	0.238285	0.220579	0.016958	0.011914	-0.478250	0.877979	
 1687526089.907205	1687526089.812590	31.217133	-40.584034	-1.721656	0.293172	0.293393	0.242994	-0.051894	-0.018849	1.016358	0.324629	0.266162	0.250704	0.020854	0.018080	-0.486615	0.873180	
 1687526090.311459	1687526090.215624	31.268158	-40.682644	-1.723601	0.287123	0.287191	0.240548	-0.035834	-0.021953	0.998332	0.389093	0.266745	0.248398	0.018211	0.010475	-0.478761	0.877694	
 1687526090.619013	1687526090.620543	31.305206	-40.764282	-1.714609	0.239407	0.239489	0.214358	-0.037968	-0.026020	0.999734	0.288048	0.242916	0.220975	0.020514	0.010424	-0.479399	0.877296	
 1687526091.030210	1687526091.022296	31.347909	-40.848258	-1.717147	0.290566	0.290680	0.241993	-0.040232	-0.024385	1.017124	0.324295	0.279825	0.249757	0.020441	0.011633	-0.487001	0.873085	
 1687526091.334068	1687526091.323927	31.421422	-40.937437	-1.713840	0.241830	0.241898	0.215932	-0.054936	-0.027899	1.034092	0.293885	0.245239	0.222655	0.025696	0.016979	-0.494413	0.868681	
 1687526091.642268	1687526091.625700	31.465624	-41.026566	-1.730050	0.235755	0.235769	0.211921	-0.040320	-0.030297	1.018137	0.350033	0.250738	0.218314	0.023048	0.010219	-0.487476	0.872772	
 1687526092.048919	1687526092.027541	31.523227	-41.107881	-1.741519	0.295207	0.295335	0.243522	-0.046499	-0.035098	1.050938	0.340438	0.294025	0.251237	0.026836	0.011308	-0.501759	0.864517	
 1687526092.357134	1687526092.329416	31.584880	-41.213170	-1.748082	0.241357	0.241385	0.215559	-0.034649	-0.040754	1.026491	0.329456	0.273921	0.222238	0.026252	0.005085	-0.491139	0.870671	
 1687526092.662267	1687526092.631712	31.635086	-41.299392	-1.753909	0.239127	0.239205	0.213998	-0.026831	-0.046950	1.027491	0.284128	0.287490	0.220517	0.027032	0.000146	-0.491537	0.870437	
 1687526093.065366	1687526093.035503	31.690150	-41.393105	-1.750025	0.293828	0.293972	0.242913	-0.033202	-0.048824	1.015037	0.294857	0.342682	0.250628	0.029395	0.002642	-0.486152	0.873376	
 1687526093.468637	1687526093.438206	31.731938	-41.452623	-1.738755	0.292505	0.292586	0.242009	-0.040868	-0.052545	1.007446	0.318321	0.356344	0.250349	0.032861	0.005211	-0.482892	0.875048	
 1687526093.873359	1687526093.843446	31.784379	-41.518631	-1.733918	0.292591	0.292689	0.243413	-0.035263	-0.046250	1.016251	0.349758	0.374328	0.251417	0.028774	0.004150	-0.486691	0.873090	
 1687526094.179224	1687526094.146174	31.828004	-41.573003	-1.737964	0.234435	0.234498	0.211242	-0.034801	-0.048162	1.014828	0.286613	0.306063	0.217654	0.029494	0.003504	-0.486070	0.873415	
 1687526094.489731	1687526094.449236	31.876572	-41.628430	-1.746171	0.232208	0.232298	0.209297	-0.030846	-0.046080	1.023795	0.283143	0.310337	0.215551	0.027635	0.002159	-0.489954	0.871308	
 1687526094.897079	1687526094.851844	31.933993	-41.707114	-1.753237	0.296622	0.296862	0.244290	-0.015772	-0.036442	1.033822	0.312488	0.347956	0.252032	0.019736	-0.002149	-0.494225	0.869108	
 1687526095.301051	1687526095.254847	31.992585	-41.780946	-1.738265	0.294397	0.294670	0.244247	-0.058412	-0.054670	1.027496	0.269304	0.312322	0.252020	0.038139	0.011997	-0.491747	0.869820	
 1687526095.706894	1687526095.656954	32.055666	-41.871303	-1.732325	0.297340	0.297459	0.245947	-0.056173	-0.062368	1.023246	0.449235	0.395137	0.253932	0.040918	0.009216	-0.489926	0.870755	
 1687526096.115417	1687526096.060181	32.124064	-41.956335	-1.730470	0.291947	0.291923	0.243328	-0.094687	-0.055794	1.020893	0.421847	0.415970	0.251281	0.047423	0.027665	-0.488981	0.870565	
 1687526096.418890	1687526096.362360	32.175099	-42.043087	-1.755815	0.239674	0.239645	0.214920	-0.033808	-0.062112	0.989002	0.574028	0.341665	0.221518	0.035345	0.000137	-0.474758	0.879406	
 1687526096.822550	1687526096.767215	32.249349	-42.132095	-1.758463	0.293570	0.294039	0.243885	-0.075633	-0.045147	1.036510	0.322850	0.413091	0.251186	0.038317	0.021661	-0.495626	0.867420	
 1687526097.229326	1687526097.169354	32.309278	-42.213467	-1.777105	0.286632	0.286535	0.240830	-0.046192	-0.045268	1.001014	0.523078	0.341045	0.248284	0.030930	0.009399	-0.480078	0.876630	
 1687526097.533760	1687526097.473600	32.369044	-42.299002	-1.793853	0.230695	0.230801	0.208536	-0.041451	-0.046098	1.012179	0.316931	0.294731	0.214812	0.030197	0.006951	-0.484946	0.873995	
 1687526097.940463	1687526097.876836	32.441740	-42.390376	-1.797396	0.297276	0.297572	0.244743	-0.043244	-0.044168	1.015215	0.349498	0.345258	0.252274	0.029800	0.008158	-0.486273	0.873261	
 1687526098.345749	1687526098.280297	32.515925	-42.485445	-1.792257	0.296880	0.296952	0.245408	-0.065530	-0.046112	1.008527	0.359812	0.341526	0.253059	0.035998	0.017541	-0.483436	0.874463	
 1687526098.649411	1687526098.582256	32.578133	-42.571089	-1.797810	0.238489	0.238472	0.213746	-0.049591	-0.043211	1.002945	0.414852	0.308782	0.220315	0.030854	0.011353	-0.480927	0.876144	
 1687526098.952991	1687526098.884547	32.639430	-42.651291	-1.806712	0.232141	0.232165	0.209385	-0.045295	-0.042459	1.000470	0.337389	0.294184	0.215700	0.029481	0.009687	-0.479823	0.876817	
 1687526099.356824	1687526099.289341	32.715965	-42.747001	-1.815355	0.292294	0.292511	0.242599	-0.057986	-0.039847	1.007358	0.365126	0.333540	0.250084	0.031430	0.015772	-0.482858	0.874992	
 1687526099.759829	1687526099.692485	32.778551	-42.843577	-1.826482	0.295199	0.295335	0.244292	-0.052940	-0.036815	0.994856	0.431943	0.329813	0.252004	0.028797	0.014476	-0.477347	0.878124	
 1687526100.165992	1687526100.095147	32.854174	-42.953379	-1.834382	0.288772	0.288932	0.241840	-0.055582	-0.032741	1.004878	0.390630	0.311612	0.249413	0.027721	0.016470	-0.481713	0.875736	
 1687526100.469930	1687526100.397209	32.926404	-43.060387	-1.839511	0.242017	0.242056	0.215991	-0.044828	-0.035519	0.991361	0.364923	0.269825	0.222577	0.026275	0.011267	-0.475786	0.879096	
 1687526100.875227	1687526100.799238	33.012171	-43.166903	-1.845256	0.292659	0.292821	0.243070	-0.054714	-0.034008	0.993492	0.357649	0.308807	0.250593	0.027977	0.015944	-0.476729	0.878460	
 1687526101.279641	1687526101.201611	33.083658	-43.260234	-1.848962	0.296033	0.296065	0.244742	-0.051132	-0.028383	0.979641	0.407903	0.309315	0.252362	0.024544	0.015881	-0.470587	0.881869	
 1687526101.584361	1687526101.503894	33.160840	-43.349718	-1.851407	0.240959	0.241040	0.215428	-0.040565	-0.032883	0.981048	0.334837	0.255883	0.221827	0.024052	0.010144	-0.471222	0.881629	
 1687526101.991790	1687526101.907245	33.220252	-43.425704	-1.854135	0.293093	0.293396	0.243264	-0.047056	-0.032299	0.980289	0.340991	0.301689	0.250750	0.025317	0.013154	-0.470897	0.881727	
 1687526102.299203	1687526102.209017	33.274182	-43.498747	-1.854618	0.243294	0.243497	0.216821	-0.012536	-0.029925	1.003853	0.320322	0.264967	0.223372	0.016131	-0.001704	-0.481134	0.876497	
 1687526102.602070	1687526102.510683	33.352279	-43.565376	-1.862867	0.232247	0.232653	0.209591	-0.012948	-0.025622	1.060475	0.223483	0.243672	0.215623	0.014325	-0.000894	-0.505758	0.862556	
 1687526103.006962	1687526102.913843	33.412402	-43.625040	-1.851573	0.291140	0.291857	0.242309	-0.034408	-0.028816	1.080928	0.258364	0.272375	0.249487	0.021203	0.007337	-0.514617	0.857127	
 1687526103.312535	1687526103.238112	33.476654	-43.688660	-1.846230	0.240271	0.240421	0.215006	-0.022654	-0.045641	1.092105	0.275176	0.249567	0.221580	0.025380	-0.002172	-0.519370	0.854170	
 1687526103.616683	1687526103.539679	33.538219	-43.741415	-1.847125	0.237183	0.237288	0.212753	-0.020779	-0.043133	1.122335	0.246830	0.287082	0.219113	0.023784	-0.002682	-0.532212	0.846272	
 1687526104.022757	1687526103.944488	33.597445	-43.792972	-1.839265	0.286521	0.286664	0.239810	-0.046108	-0.042996	1.176968	0.273447	0.314254	0.247307	0.030669	0.007240	-0.555237	0.831095	
 1687526104.428172	1687526104.346703	33.654859	-43.845913	-1.830807	0.285683	0.285618	0.239916	-0.046200	-0.045353	1.193136	0.357312	0.314251	0.247483	0.031726	0.006368	-0.561945	0.826541	
 1687526104.833207	1687526104.750228	33.697660	-43.891231	-1.820263	0.295391	0.295241	0.244432	-0.042732	-0.044558	1.195974	0.368667	0.329112	0.252287	0.030432	0.005114	-0.563105	0.825809	
 1687526105.237830	1687526105.154322	33.722118	-43.927440	-1.810850	0.297635	0.297555	0.245613	-0.041328	-0.042979	1.196260	0.357065	0.328609	0.253622	0.029386	0.004974	-0.563215	0.825773	
 1687526105.642076	1687526105.557334	33.765347	-43.960580	-1.800115	0.295183	0.295135	0.244767	-0.062707	-0.037706	1.246815	0.330146	0.304814	0.252634	0.033597	0.014447	-0.583894	0.811005	
 1687526105.946930	1687526105.859407	33.795703	-43.991822	-1.798623	0.240651	0.240565	0.215425	-0.053438	-0.033386	1.264526	0.372053	0.259467	0.221808	0.029247	0.011687	-0.591038	0.806028	
 1687526106.355687	1687526106.263477	33.833227	-44.028592	-1.802005	0.295039	0.295002	0.244008	-0.047077	-0.032203	1.302100	0.367040	0.279404	0.251510	0.027066	0.008965	-0.606077	0.794895	
 1687526106.660472	1687526106.565577	33.842845	-44.064766	-1.803821	0.235679	0.235678	0.211907	-0.041624	-0.031488	1.294345	0.304326	0.241185	0.218112	0.025103	0.007110	-0.602989	0.797323	
 1687526107.065839	1687526106.970006	33.881641	-44.088664	-1.795241	0.288538	0.288565	0.240986	-0.076737	-0.019935	1.400912	0.326608	0.272739	0.248212	0.032338	0.022906	-0.644352	0.763701	
 1687526107.370770	1687526107.273739	33.878447	-44.108197	-1.802655	0.238736	0.238603	0.214018	-0.044414	-0.021799	1.405332	0.440312	0.227268	0.220082	0.022665	0.009902	-0.646242	0.762732	
 1687526107.675291	1687526107.678262	33.862732	-44.130506	-1.802782	0.237480	0.237590	0.212886	-0.026726	-0.015313	1.387353	0.304950	0.227831	0.218998	0.014430	0.005379	-0.639371	0.768744	
 1687526108.080675	1687526108.083410	33.900936	-44.144437	-1.786232	0.286701	0.287070	0.240922	-0.102404	-0.019050	1.503299	0.283070	0.250087	0.247837	0.041896	0.030893	-0.682275	0.729240	
 1687526108.383529	1687526108.385479	33.891568	-44.158097	-1.819228	0.238936	0.238873	0.214923	-0.048426	-0.014013	1.519967	0.609621	0.224075	0.220605	0.021756	0.012723	-0.688814	0.724500	
 1687526108.790793	1687526108.788109	33.873833	-44.179057	-1.837751	0.280196	0.280688	0.237262	-0.042661	-0.010589	1.513391	0.368421	0.243952	0.243827	0.018491	0.011874	-0.686439	0.726855	
 1687526109.196517	1687526109.190945	33.877203	-44.197436	-1.832624	0.292522	0.292799	0.243632	-0.068624	-0.022545	1.537763	0.346400	0.248287	0.250983	0.031948	0.016820	-0.695156	0.717951	
 1687526109.501359	1687526109.493670	33.882202	-44.209226	-1.846351	0.242074	0.242165	0.216563	-0.026737	-0.008674	1.602015	0.439183	0.229026	0.222803	0.012617	0.006190	-0.718027	0.695873	
 1687526109.911404	1687526109.897222	33.871803	-44.245049	-1.844662	0.293352	0.294216	0.243943	-0.039058	-0.011005	1.614205	0.288310	0.246602	0.250808	0.017909	0.009531	-0.722212	0.691374	
 1687526110.319480	1687526110.301969	33.866411	-44.290765	-1.838006	0.298737	0.299224	0.246244	-0.077197	-0.020182	1.656172	0.339147	0.250325	0.253927	0.035244	0.018668	-0.736316	0.675462	
 1687526110.628314	1687526110.603908	33.847668	-44.320006	-1.849996	0.240822	0.240905	0.215615	-0.053476	-0.013307	1.708473	0.496218	0.222214	0.221852	0.024528	0.012544	-0.753900	0.656411	
 1687526111.032722	1687526111.005373	33.812785	-44.356455	-1.856496	0.292018	0.292362	0.242554	-0.045468	-0.009345	1.705974	0.411643	0.246183	0.249861	0.020195	0.011433	-0.753115	0.657479	
 1687526111.335775	1687526111.308611	33.789166	-44.415844	-1.853876	0.240516	0.240661	0.215027	-0.052075	-0.020088	1.706365	0.320866	0.217175	0.221577	0.026215	0.009555	-0.753256	0.657136	
 1687526111.644474	1687526111.611423	33.777499	-44.460326	-1.855252	0.236520	0.236580	0.212562	-0.053586	-0.013532	1.725351	0.349379	0.218930	0.218529	0.024748	0.012286	-0.759413	0.650022	
 1687526112.051988	1687526112.014468	33.758585	-44.501931	-1.859297	0.294785	0.295004	0.243465	-0.037793	-0.015290	1.773570	0.408605	0.246846	0.250782	0.019474	0.006016	-0.774975	0.631664	
 1687526112.459661	1687526112.416953	33.744013	-44.561215	-1.855200	0.295984	0.296369	0.244811	-0.045086	-0.014956	1.787537	0.333602	0.249393	0.252476	0.022252	0.008294	-0.779324	0.626171	
 1687526112.864911	1687526112.819608	33.725143	-44.612195	-1.855448	0.298206	0.298455	0.245852	-0.038627	-0.015166	1.777038	0.365173	0.249668	0.253791	0.019769	0.006293	-0.776064	0.630313	
 1687526113.270343	1687526113.221611	33.700941	-44.638219	-1.852914	0.296733	0.297040	0.245339	-0.039122	-0.017841	1.778652	0.338257	0.249854	0.253153	0.020809	0.005394	-0.776578	0.629655	
 1687526113.675888	1687526113.624577	33.690669	-44.683844	-1.845530	0.293401	0.293635	0.243801	-0.058610	-0.016071	1.846084	0.330907	0.249378	0.251539	0.028211	0.011274	-0.797215	0.602931	
 1687526114.083457	1687526114.027182	33.679624	-44.727723	-1.842595	0.297205	0.297277	0.245424	-0.061814	-0.021712	1.877562	0.427041	0.248121	0.253310	0.031342	0.009500	-0.806604	0.590185	
 1687526114.392184	1687526114.329763	33.648215	-44.747529	-1.854406	0.240372	0.240333	0.214919	-0.028200	-0.009975	1.890198	0.384652	0.218531	0.221234	0.014349	0.004215	-0.810506	0.585540	
 1687526114.700118	1687526114.632144	33.636852	-44.777533	-1.846456	0.239659	0.239803	0.214207	-0.059234	-0.016406	1.923612	0.253982	0.216076	0.220442	0.028979	0.010214	-0.819978	0.571570	
 1687526115.008557	1687526114.935397	33.630106	-44.803727	-1.839716	0.242431	0.242450	0.216155	-0.062732	-0.012652	1.953407	0.349075	0.217684	0.222310	0.029526	0.012315	-0.828344	0.559306	
 1687526115.411984	1687526115.338395	33.617774	-44.841058	-1.845007	0.290581	0.290666	0.241328	-0.024156	-0.015151	1.972756	0.404415	0.243166	0.248707	0.014252	0.000346	-0.833999	0.551582	
 1687526115.714726	1687526115.641126	33.605205	-44.864788	-1.821306	0.238621	0.238797	0.213950	-0.077496	-0.019267	2.002816	0.244257	0.216966	0.220037	0.037815	0.012776	-0.841761	0.538373	
 1687526116.117933	1687526116.044046	33.602586	-44.902287	-1.820275	0.291287	0.291339	0.242482	-0.063037	-0.008520	2.083538	0.435574	0.243913	0.249641	0.029354	0.012228	-0.862930	0.504323	
 1687526116.524969	1687526116.446288	33.582651	-44.907801	-1.837200	0.293448	0.293637	0.243541	-0.035345	-0.004503	2.108597	0.393131	0.246307	0.251038	-0.016478	-0.006769	0.869436	-0.493725	
 1687526116.928707	1687526116.849279	33.566323	-44.931942	-1.830695	0.297749	0.298426	0.246399	-0.087371	-0.001685	2.130552	0.308975	0.248128	0.253615	-0.038617	-0.020412	0.874106	-0.483768	
 1687526117.242007	1687526117.151405	33.542528	-44.945899	-1.843603	0.239824	0.239891	0.215053	-0.047782	0.002628	2.149881	0.467544	0.225057	0.221174	-0.020387	-0.012521	0.879295	-0.475676	
 1687526117.548748	1687526117.453897	33.520506	-44.963318	-1.850655	0.242676	0.242882	0.216387	-0.035926	-0.010650	2.186994	0.319401	0.223388	0.222460	-0.018400	-0.003522	0.888127	-0.459216	
 1687526117.855402	1687526117.856999	33.503794	-44.994746	-1.844262	0.227161	0.227301	0.206202	-0.036089	-0.000863	2.180625	0.260162	0.207463	0.211977	-0.016200	-0.007957	0.886631	-0.462126	
 1687526118.159440	1687526118.159960	33.495418	-45.014952	-1.840918	0.240050	0.240254	0.214842	-0.054283	-0.003006	2.241101	0.279093	0.218002	0.220820	-0.025087	-0.010457	0.900025	-0.434989	
 1687526118.463360	1687526118.462059	33.482437	-45.033775	-1.837880	0.237012	0.237126	0.212745	-0.053925	-0.010589	2.291402	0.332474	0.217334	0.218713	-0.026742	-0.006296	0.910714	-0.412122	
 1687526118.771455	1687526118.764393	33.456926	-45.041119	-1.844861	0.230394	0.230479	0.208150	-0.039848	-0.011571	2.299485	0.313634	0.209805	0.214197	-0.020546	-0.002864	0.912509	-0.408529	
 1687526119.175891	1687526119.166461	33.436335	-45.063305	-1.841905	0.291801	0.292138	0.242150	-0.061993	-0.001079	2.346388	0.314800	0.244012	0.249515	-0.028783	-0.011503	0.921555	-0.387007	
 1687526119.486170	1687526119.467303	33.412589	-45.079407	-1.846637	0.238651	0.238697	0.214177	-0.040902	0.001729	2.370292	0.358654	0.221150	0.220405	-0.018623	-0.008493	0.926353	-0.376099	
 1687526119.791191	1687526119.769400	33.382237	-45.088544	-1.842430	0.238561	0.238691	0.213986	-0.037481	0.000719	2.380152	0.281921	0.219243	0.220099	-0.017264	-0.007297	0.928232	-0.371530	
 1687526120.194497	1687526120.172394	33.365158	-45.120099	-1.836512	0.287954	0.288202	0.240819	-0.044621	0.000650	2.432072	0.305275	0.245398	0.248240	-0.020806	-0.008054	0.937494	-0.347286	
 1687526120.500172	1687526120.476316	33.343947	-45.140528	-1.831511	0.243391	0.243411	0.217524	-0.045042	0.000268	2.459562	0.285891	0.221583	0.223735	-0.021178	-0.007658	0.942176	-0.334362	
 1687526120.907540	1687526120.880910	33.319135	-45.165345	-1.838880	0.293897	0.294052	0.243392	-0.025455	-0.006139	2.482910	0.314672	0.247670	0.250892	-0.013036	-0.001212	0.946187	-0.323355	
 1687526121.312078	1687526121.283376	33.292621	-45.189960	-1.843525	0.292608	0.292813	0.243276	-0.013430	-0.018715	2.493521	0.269591	0.245187	0.250951	-0.009345	0.006732	0.947915	-0.318314	
 1687526121.617264	1687526121.590705	33.268272	-45.214265	-1.840440	0.232932	0.232996	0.210445	-0.035123	-0.008972	2.554137	0.219144	0.220968	0.216435	-0.018107	-0.000791	0.957037	-0.289400	
 1687526122.024325	1687526121.994304	33.244858	-45.226637	-1.834276	0.295670	0.295791	0.244130	-0.027122	-0.005458	2.573723	0.282812	0.246549	0.251692	-0.013782	-0.001179	0.959879	-0.280073	
 1687526122.331702	1687526122.296268	33.211386	-45.236407	-1.831458	0.241009	0.241065	0.215262	-0.035112	-0.003720	2.559765	0.236731	0.217003	0.221776	-0.017351	-0.003253	0.957842	-0.286752	
 1687526122.640525	1687526122.598422	33.166896	-45.248740	-1.825659	0.239024	0.239079	0.214022	-0.037873	-0.005345	2.565103	0.248377	0.215648	0.220373	-0.018914	-0.002821	0.958583	-0.284169	
 1687526123.044736	1687526123.002256	33.117367	-45.259416	-1.832708	0.290594	0.290678	0.241699	-0.037102	-0.004665	2.556195	0.288108	0.243659	0.249217	-0.018434	-0.003120	0.957314	-0.288445	
 1687526123.350602	1687526123.304713	33.068097	-45.282670	-1.844871	0.238523	0.238549	0.213708	-0.000342	-0.011567	2.528971	0.255177	0.215337	0.220090	-0.001907	0.005463	0.953437	-0.301537	
 1687526123.654030	1687526123.606092	33.003484	-45.316485	-1.852445	0.238147	0.238179	0.213489	-0.018220	-0.002160	2.547890	0.216946	0.219951	0.219629	-0.009027	-0.001632	0.956225	-0.292489	
 1687526124.059086	1687526124.008750	32.928029	-45.359204	-1.863817	0.289777	0.289797	0.241233	-0.020886	0.001014	2.534987	0.257088	0.243086	0.248717	-0.009815	-0.003603	0.954301	-0.298663	
 1687526124.364561	1687526124.311211	32.843282	-45.399746	-1.874755	0.240410	0.240442	0.215005	-0.017163	0.009262	2.533313	0.234073	0.216970	0.221454	-0.006801	-0.006988	0.954048	-0.299496	
 1687526124.672771	1687526124.613296	32.756837	-45.442628	-1.886735	0.237101	0.237126	0.212720	-0.014720	0.012722	2.538336	0.227639	0.219183	0.219012	-0.005138	-0.008260	0.954795	-0.297106	
 1687526124.981001	1687526124.916083	32.673436	-45.482473	-1.896843	0.238395	0.238433	0.213485	-0.016284	0.015516	2.534953	0.225799	0.223439	0.219772	-0.005453	-0.009835	0.954271	-0.298732	
 1687526125.289076	1687526125.218601	32.584833	-45.532240	-1.906132	0.237957	0.238004	0.213140	-0.017115	0.016414	2.537149	0.227667	0.226946	0.219221	-0.005726	-0.010382	0.954590	-0.297688	
 1687526125.702337	1687526125.621036	32.503484	-45.603015	-1.915211	0.290891	0.290947	0.241475	-0.019651	0.015684	2.530668	0.259335	0.258811	0.249034	-0.007012	-0.010433	0.953609	-0.300784	
 1687526126.014444	1687526125.923774	32.427865	-45.658209	-1.924440	0.243610	0.243650	0.217123	-0.010119	0.017415	2.512865	0.237815	0.232384	0.223497	-0.002119	-0.009845	0.950931	-0.309238	
 1687526126.320989	1687526126.325612	32.369831	-45.707273	-1.929926	0.242317	0.242383	0.216138	-0.000087	0.012242	2.519852	0.224174	0.233025	0.222515	0.001831	-0.005841	0.952050	-0.305882	
 1687526126.629194	1687526126.628672	32.320741	-45.754134	-1.930106	0.235893	0.235921	0.211978	0.004441	0.013630	2.564472	0.214369	0.220660	0.218164	0.004068	-0.005901	0.958634	-0.284550	
 1687526126.932698	1687526126.930777	32.273868	-45.794803	-1.925726	0.239394	0.239430	0.214176	-0.013194	0.015886	2.607738	0.216971	0.224100	0.220412	-0.004268	-0.009401	0.964521	-0.263805	
 1687526127.236387	1687526127.233228	32.227821	-45.825868	-1.922126	0.235480	0.235509	0.211589	-0.025429	0.009552	2.643463	0.221812	0.225902	0.217836	-0.011145	-0.007762	0.969039	-0.246534	
 1687526127.539971	1687526127.535517	32.182302	-45.851548	-1.921955	0.236388	0.236430	0.212160	-0.019952	0.007372	2.666686	0.240890	0.218966	0.218407	-0.008829	-0.005929	0.971877	-0.235250	
 1687526127.843427	1687526127.837844	32.130844	-45.914375	-1.922532	0.235737	0.235774	0.211658	-0.014156	0.009325	2.716993	0.229904	0.216225	0.217864	-0.005936	-0.006049	0.977507	-0.210733	
 1687526128.246521	1687526128.240645	32.073403	-45.977615	-1.911226	0.289155	0.289240	0.240822	-0.036108	0.002962	2.738858	0.253197	0.248059	0.248352	-0.017392	-0.005061	0.979628	-0.200002	
 1687526128.551800	1687526128.542945	32.014876	-46.027228	-1.902655	0.237559	0.237577	0.213366	-0.025006	-0.000490	2.753774	0.271067	0.215779	0.219861	-0.012316	-0.002169	0.981182	-0.192678	
 1687526128.863610	1687526128.844432	31.960734	-46.109374	-1.900381	0.236410	0.236436	0.212341	-0.020688	0.004356	2.826144	0.241916	0.213978	0.218791	-0.009873	-0.003775	0.987529	-0.157085	
 1687526129.168303	1687526129.145698	31.915672	-46.160571	-1.894407	0.241407	0.241380	0.215812	-0.028206	0.002404	2.856560	0.236903	0.218226	0.221985	-0.013789	-0.003193	0.989760	-0.142037	
 1687526129.477846	1687526129.447965	31.863860	-46.185789	-1.897790	0.236632	0.236653	0.212368	-0.014584	0.001356	2.859232	0.249113	0.214355	0.218563	-0.007124	-0.001697	0.990023	-0.140713	
 1687526129.880645	1687526129.850515	31.809485	-46.238692	-1.889319	0.286829	0.286954	0.239885	-0.067264	-0.003490	2.915577	0.252246	0.241807	0.247389	-0.033608	-0.002059	0.993065	-0.112645	
 1687526130.284437	1687526130.252437	31.771734	-46.277042	-1.888565	0.293450	0.293450	0.243650	-0.017075	-0.002495	2.942414	0.453657	0.245655	0.251445	-0.008619	0.000392	0.995009	-0.099411	
 1687526130.595800	1687526130.553864	31.729095	-46.310668	-1.896048	0.239203	0.239217	0.214342	-0.000194	0.007021	2.946463	0.229027	0.215829	0.220686	0.000246	-0.003503	0.995238	-0.097410	
 1687526130.903707	1687526130.856084	31.694944	-46.339136	-1.857360	0.238774	0.238926	0.214074	-0.083658	-0.010504	3.006675	0.215660	0.217919	0.220413	-0.042075	0.002417	0.996854	-0.067129	
 1687526131.309685	1687526131.258674	31.656347	-46.362885	-1.878630	0.293751	0.293772	0.243540	0.029704	-0.001191	3.057519	0.541335	0.249076	0.250863	0.014813	0.001219	0.999006	-0.042028	
 1687526131.612645	1687526131.559199	31.628639	-46.369227	-1.862925	0.240138	0.240453	0.215347	-0.010304	-0.009720	3.083457	0.258103	0.215755	0.221344	-0.005291	0.004708	0.999553	-0.029038	
 1687526132.016383	1687526131.961028	31.593324	-46.335957	-1.881609	0.291855	0.292041	0.242738	0.048751	-0.008764	3.049597	0.249887	0.248166	0.250199	0.024146	0.005497	0.998631	-0.046074	
 1687526132.320820	1687526132.263741	31.565831	-46.361903	-1.875987	0.239144	0.239397	0.214443	-0.021451	-0.004627	-3.103275	0.308465	0.217914	0.220804	-0.010679	0.002518	0.999756	0.019181	
 1687526132.627716	1687526132.564612	31.534189	-46.349469	-1.873588	0.236176	0.236002	0.213359	-0.036743	-0.009234	-3.077357	0.233608	0.214201	0.218696	-0.018213	0.005204	0.999302	0.032192	
 1687526132.931428	1687526132.867868	31.508462	-46.302141	-1.898980	0.239270	0.239376	0.213925	-0.006686	-0.003622	-3.095022	0.272068	0.218029	0.219811	-0.003300	0.001888	0.999722	0.023289	
 1687526133.335136	1687526133.271470	31.471600	-46.312052	-1.898527	0.290427	0.290590	0.241636	-0.047033	0.003276	-3.005432	0.245587	0.243620	0.249048	-0.023571	-0.000034	0.997409	0.067970	
 1687526133.642165	1687526133.575012	31.439379	-46.296833	-1.921837	0.237498	0.237280	0.213966	0.011866	0.006289	-3.011282	0.309845	0.214919	0.219393	0.005715	-0.003524	0.997854	0.065126	
 1687526133.946086	1687526133.877075	31.416582	-46.265351	-1.921740	0.238457	0.238579	0.213606	-0.030784	0.010124	-3.037973	0.221768	0.216206	0.219351	-0.015633	-0.004257	0.998531	0.051702	
 1687526134.255455	1687526134.178965	31.400538	-46.254838	-1.885397	0.236175	0.236190	0.212216	-0.090729	0.009290	-2.977521	0.257038	0.217374	0.218521	-0.045576	-0.000908	0.995618	0.081649	
 1687526134.562364	1687526134.480422	31.366135	-46.258657	-1.901671	0.236667	0.236601	0.213002	-0.009147	0.029946	-2.906710	0.514271	0.217499	0.218658	-0.006296	-0.014333	0.992998	0.117089	
 1687526134.965806	1687526134.883196	31.344987	-46.220794	-1.907225	0.289440	0.289570	0.240866	-0.014211	0.016983	-2.944695	0.248312	0.278418	0.247900	-0.007905	-0.007752	0.995103	0.098224	
 1687526135.270227	1687526135.184138	31.323555	-46.200153	-1.883938	0.237100	0.237170	0.213011	-0.022973	0.022746	-2.894285	0.225311	0.224921	0.219406	-0.012801	-0.009868	0.992251	0.123193	
 1687526135.576374	1687526135.505572	31.293738	-46.209717	-1.891358	0.236323	0.236311	0.212627	0.011249	0.022890	-2.846164	0.240499	0.232413	0.218727	0.003878	-0.012148	0.989020	0.147230	
 1687526135.979756	1687526135.907747	31.271858	-46.193269	-1.897880	0.293620	0.293752	0.242814	0.003684	0.010337	-2.825247	0.251044	0.263909	0.250307	0.001005	-0.005394	0.987500	0.157521	
 1687526136.386795	1687526136.311148	31.224026	-46.205429	-1.901396	0.294191	0.294248	0.243795	0.011595	-0.003959	-2.837733	0.247132	0.249479	0.251593	0.006030	0.001079	0.988464	0.151332	
 1687526136.691944	1687526136.613494	31.195145	-46.214489	-1.900473	0.239470	0.239495	0.214904	0.000375	0.004413	-2.769331	0.223553	0.216697	0.220943	-0.000224	-0.002203	0.982725	0.185058	
 1687526136.996123	1687526136.916382	31.164706	-46.214458	-1.886156	0.233474	0.233307	0.210812	0.009588	0.001595	-2.722035	0.212947	0.212442	0.216148	0.004523	-0.001778	0.978065	0.208245	
 1687526137.401394	1687526137.319729	31.137207	-46.194284	-1.871796	0.294034	0.293997	0.242786	-0.040117	0.001615	-2.710870	0.250962	0.244689	0.250258	-0.019767	0.003497	0.976706	0.213641	
 1687526137.707447	1687526137.622218	31.110300	-46.187807	-1.842949	0.238069	0.238012	0.213516	-0.051776	0.018968	-2.643212	0.290134	0.215903	0.220005	-0.027423	-0.002804	0.968805	0.246288	
 1687526138.010980	1687526137.924296	31.088738	-46.169633	-1.837952	0.238247	0.238128	0.214180	-0.012524	0.016309	-2.638273	0.335833	0.234270	0.220017	-0.008095	-0.006338	0.968462	0.248949	
 1687526138.414831	1687526138.328277	31.068640	-46.143716	-1.852585	0.292019	0.292039	0.242140	-0.054248	0.003968	-2.612065	0.256080	0.256192	0.249505	-0.026694	0.005183	0.964811	0.261533	
 1687526138.719795	1687526138.629896	31.042333	-46.130933	-1.833833	0.235896	0.235838	0.212381	-0.061162	0.015538	-2.544087	0.344003	0.216942	0.218705	-0.031507	0.001578	0.955299	0.293955	
 1687526139.025673	1687526138.931807	31.021499	-46.095283	-1.860318	0.239003	0.238918	0.214369	-0.002765	0.005900	-2.568197	0.376180	0.232423	0.220244	-0.002160	-0.002439	0.959179	0.282781	
 1687526139.428512	1687526139.337579	30.996083	-46.075512	-1.865292	0.292853	0.293158	0.242613	-0.034618	-0.002875	-2.539058	0.247266	0.245387	0.249707	-0.016102	0.006508	0.954810	0.296710	
 1687526139.732241	1687526139.640685	30.967074	-46.060445	-1.852872	0.237489	0.237482	0.213512	-0.024961	-0.009670	-2.500222	0.269829	0.214619	0.219673	-0.010320	0.008522	0.948916	0.315246	
 1687526140.035221	1687526139.943632	30.933797	-46.041237	-1.850614	0.232596	0.232573	0.210138	-0.007825	-0.003690	-2.455076	0.239165	0.213114	0.215946	-0.003063	0.003054	0.941652	0.336561	
 1687526140.339089	1687526140.369323	30.901599	-46.021701	-1.849152	0.239711	0.239746	0.214278	0.000617	-0.007298	-2.445664	0.220456	0.216063	0.220563	0.001534	0.003325	0.940063	0.340981	
 1687526140.643947	1687526140.570561	30.877491	-45.978446	-1.849080	0.232766	0.232811	0.210021	0.018358	-0.016859	-2.440786	0.213798	0.213553	0.216152	0.011514	0.004766	0.939188	0.343177	
 1687526140.948185	1687526140.872120	30.850735	-45.942118	-1.866240	0.237765	0.237745	0.213071	0.030935	-0.028747	-2.401413	0.231873	0.227036	0.219332	0.019616	0.007804	0.932168	0.361411	
 1687526141.252090	1687526141.173990	30.811401	-45.908556	-1.859980	0.235897	0.235917	0.212138	-0.006894	-0.020058	-2.339684	0.256912	0.249299	0.218224	0.000741	0.010579	0.920624	0.390307	
 1687526141.563919	1687526141.475961	30.778150	-45.882206	-1.867968	0.235995	0.235928	0.212071	0.004368	-0.024761	-2.353599	0.216307	0.227008	0.218100	0.006769	0.010593	0.923320	0.383827	
 1687526141.968706	1687526141.880618	30.744951	-45.859251	-1.874834	0.290430	0.290450	0.241194	0.003613	-0.022638	-2.306519	0.247231	0.270700	0.248625	0.006241	0.009614	0.914039	0.405465	
 1687526142.274630	1687526142.183274	30.702484	-45.849091	-1.867410	0.237858	0.237787	0.213723	0.000801	-0.020486	-2.230148	0.218094	0.235998	0.219816	0.004867	0.009021	0.897898	0.440084	
 1687526142.579317	1687526142.488249	30.671372	-45.838247	-1.861913	0.229248	0.229197	0.207782	0.006801	-0.020689	-2.230585	0.210826	0.225415	0.213663	0.007604	0.007794	0.898002	0.439857	
 1687526142.885498	1687526142.891131	30.650963	-45.806984	-1.853468	0.231724	0.231690	0.209174	0.004334	-0.022791	-2.218598	0.214789	0.229116	0.215206	0.007014	0.009238	0.895338	0.445237	
 1687526143.295138	1687526143.294220	30.614911	-45.781638	-1.848509	0.293041	0.292949	0.242589	0.006734	-0.014017	-2.150202	0.247691	0.269679	0.250247	0.006295	0.004564	0.879623	0.475608	
 1687526143.599383	1687526143.596853	30.587363	-45.757469	-1.855165	0.240078	0.239998	0.214993	0.018987	-0.009457	-2.165403	0.219485	0.224692	0.221408	0.010602	-0.000276	0.883199	0.468878	
 1687526144.004397	1687526143.999912	30.571980	-45.711756	-1.860993	0.293422	0.293236	0.243141	0.027791	-0.028693	-2.148560	0.262130	0.250480	0.250823	0.019049	0.005994	0.879167	0.476095	
 1687526144.409953	1687526144.403738	30.541195	-45.672883	-1.867032	0.290680	0.290584	0.242218	0.008001	-0.026566	-2.144474	0.278681	0.284252	0.249962	0.009865	0.009753	0.878213	0.478068	
 1687526144.715270	1687526144.706544	30.523968	-45.612300	-1.867466	0.239343	0.239229	0.214691	0.008811	-0.024576	-2.174133	0.220102	0.245556	0.220902	0.009615	0.008829	0.885216	0.464997	
 1687526145.022267	1687526145.007622	30.509341	-45.553462	-1.871981	0.237995	0.237969	0.213343	-0.001639	-0.019067	-2.171570	0.219330	0.239693	0.219496	0.003719	0.008816	0.884626	0.466204	
 1687526145.329393	1687526145.311263	30.503324	-45.480362	-1.869825	0.237679	0.237647	0.213076	0.001088	-0.022307	-2.169053	0.215050	0.228126	0.219177	0.005693	0.009606	0.884030	0.467297	
 1687526145.636150	1687526145.613173	30.493262	-45.406769	-1.868593	0.239660	0.239649	0.214107	0.000455	-0.020399	-2.161627	0.216420	0.235622	0.220370	0.005001	0.008892	0.882296	0.470584	
 1687526146.042123	1687526146.016406	30.481982	-45.335556	-1.868299	0.291687	0.291629	0.241990	0.008422	-0.027292	-2.154078	0.244500	0.262279	0.249651	0.010175	0.010020	0.880496	0.473839	
 1687526146.347907	1687526146.318159	30.462771	-45.254795	-1.868841	0.238376	0.238346	0.213481	0.019679	-0.025099	-2.141504	0.218541	0.243014	0.219980	0.014650	0.006295	0.877509	0.479295	
 1687526146.652029	1687526146.619343	30.448966	-45.169817	-1.856259	0.238329	0.238302	0.213561	-0.012369	-0.001807	-2.166045	0.230484	0.240472	0.220110	-0.005040	0.003697	0.883359	0.468656	
 1687526147.061703	1687526147.023075	30.423771	-45.082277	-1.862019	0.287830	0.287853	0.240519	0.012946	-0.008534	-2.147202	0.248155	0.242266	0.248009	0.007724	0.000663	0.878911	0.476924	
 1687526147.364887	1687526147.326395	30.398918	-44.999016	-1.868901	0.240560	0.240538	0.215046	0.018202	-0.005131	-2.159438	0.223045	0.219625	0.221548	0.009235	-0.002029	0.881797	0.471534	
 1687526147.670894	1687526147.629007	30.378310	-44.920624	-1.876798	0.237682	0.237664	0.213201	0.024763	-0.004210	-2.157705	0.226732	0.215967	0.219640	0.011907	-0.003993	0.881359	0.472280	
 1687526147.979545	1687526147.931230	30.357106	-44.852219	-1.886898	0.237234	0.237212	0.212848	0.026864	-0.004370	-2.153704	0.235574	0.215271	0.219233	0.012862	-0.004444	0.880402	0.474033	
 1687526148.286428	1687526148.233256	30.335890	-44.785443	-1.893693	0.231266	0.231245	0.208886	0.012359	-0.018215	-2.174480	0.234124	0.211253	0.215067	0.009705	0.005190	0.885320	0.464853	
 1687526148.597206	1687526148.536043	30.302925	-44.722730	-1.900146	0.239541	0.239534	0.213981	0.029189	-0.007567	-2.147749	0.220586	0.226314	0.220375	0.014632	-0.003632	0.878980	0.476619	
 1687526148.903553	1687526148.837440	30.265042	-44.658882	-1.898065	0.237847	0.237806	0.212946	0.020970	-0.014175	-2.155976	0.242292	0.216623	0.219241	0.012590	0.001284	0.880972	0.472999	
 1687526149.308136	1687526149.238901	30.212450	-44.593055	-1.886955	0.293614	0.293539	0.242670	0.007237	-0.020608	-2.120681	0.260964	0.252310	0.250321	0.008191	0.007223	0.872488	0.488513	
 1687526149.612220	1687526149.542014	30.154252	-44.513548	-1.868472	0.236302	0.236307	0.212584	0.012942	-0.017033	-2.123562	0.216082	0.229093	0.218985	0.009801	0.004283	0.873202	0.487241	
 1687526149.917689	1687526149.844549	30.110581	-44.414870	-1.868131	0.235464	0.235459	0.211746	0.026572	-0.015536	-2.153411	0.218902	0.222904	0.218204	0.015380	0.000538	0.880345	0.474085	
 1687526150.225297	1687526150.146569	30.052154	-44.325946	-1.862183	0.233101	0.233059	0.210145	0.015558	-0.016621	-2.124034	0.234204	0.219365	0.216388	0.010841	0.003469	0.873315	0.487023	
 1687526150.529425	1687526150.449340	29.991357	-44.243524	-1.861274	0.238599	0.238583	0.213742	0.024834	-0.016949	-2.155203	0.223067	0.224084	0.219956	0.014949	0.001585	0.880775	0.473296	
 1687526150.832764	1687526150.863050	29.941433	-44.169758	-1.865765	0.234677	0.234689	0.211207	0.022877	-0.015841	-2.152342	0.231506	0.221187	0.217250	0.013827	0.001541	0.880104	0.474576	
 1687526151.239770	1687526151.166935	29.900422	-44.094377	-1.869946	0.286041	0.285949	0.239424	0.015034	-0.021974	-2.137682	0.260715	0.250297	0.246767	0.011875	0.006015	0.876605	0.481026	
 1687526151.548324	1687526151.469536	29.852558	-44.023244	-1.863605	0.238508	0.238526	0.213906	0.021978	-0.023135	-2.128536	0.222873	0.231128	0.220078	0.015220	0.004783	0.874384	0.484972	
 1687526151.855637	1687526151.771449	29.803084	-43.927184	-1.856944	0.237362	0.237364	0.212856	0.024159	-0.024189	-2.138089	0.229720	0.230805	0.219212	0.016406	0.004794	0.876684	0.480764	
 1687526152.160400	1687526152.073684	29.748489	-43.835387	-1.845562	0.240134	0.240133	0.214541	0.023917	-0.022394	-2.124952	0.235962	0.235281	0.220941	0.015895	0.003961	0.873511	0.486529	
 1687526152.463585	1687526152.376097	29.694296	-43.745516	-1.832489	0.235137	0.235128	0.211344	0.024260	-0.022643	-2.128247	0.232128	0.228929	0.217660	0.016099	0.004012	0.874310	0.485084	
 1687526152.768852	1687526152.678335	29.641339	-43.654915	-1.819767	0.233404	0.233399	0.210293	0.028068	-0.024579	-2.129045	0.231184	0.227720	0.216547	0.018231	0.003942	0.874489	0.484686	
 1687526153.175170	1687526153.081484	29.591930	-43.560104	-1.813869	0.289421	0.289363	0.241052	0.025754	-0.027639	-2.117530	0.272072	0.263737	0.248606	0.017994	0.005738	0.871683	0.489707	
 1687526153.480703	1687526153.484580	29.546101	-43.484015	-1.812201	0.239033	0.239018	0.214350	0.032581	-0.029280	-2.108037	0.238684	0.240656	0.220721	0.021393	0.004678	0.869325	0.493755	
 1687526153.786311	1687526153.785842	29.496213	-43.403267	-1.815864	0.236379	0.236367	0.212394	0.028099	-0.032071	-2.118230	0.248050	0.239165	0.218764	0.020099	0.007102	0.871835	0.489336	
 1687526154.089401	1687526154.087542	29.444390	-43.318450	-1.812222	0.237357	0.237344	0.212705	0.029151	-0.031431	-2.118348	0.239012	0.244402	0.219112	0.020400	0.006566	0.871863	0.489280	
 1687526154.498755	1687526154.490370	29.392757	-43.247789	-1.803528	0.291112	0.291062	0.241644	0.026103	-0.032229	-2.115457	0.275679	0.278185	0.249324	0.019278	0.007632	0.871159	0.490564	
 1687526154.805985	1687526154.792602	29.329688	-43.163777	-1.788046	0.236385	0.236373	0.212468	0.034413	-0.035650	-2.102057	0.234943	0.243789	0.218875	0.023783	0.006923	0.867821	0.496260	
 1687526155.211782	1687526155.195850	29.265953	-43.073996	-1.775323	0.295829	0.295743	0.244093	0.024246	-0.033313	-2.106967	0.289808	0.288695	0.251932	0.018772	0.008481	0.869067	0.494266	
 1687526155.514467	1687526155.498107	29.200899	-42.986006	-1.761984	0.235008	0.234971	0.211647	0.034153	-0.030858	-2.109583	0.229259	0.241182	0.218109	0.022462	0.004993	0.869697	0.493049	
 1687526155.822689	1687526155.799692	29.142650	-42.889856	-1.756074	0.237105	0.237093	0.212820	0.032563	-0.028808	-2.118665	0.246042	0.236617	0.219179	0.021245	0.004591	0.871938	0.489134	
 1687526156.230429	1687526156.202624	29.085573	-42.807589	-1.752697	0.290041	0.289986	0.241400	0.025514	-0.030047	-2.105045	0.277916	0.266439	0.248956	0.018521	0.006730	0.868602	0.495119	
 1687526156.636684	1687526156.605324	29.030679	-42.729293	-1.745686	0.295475	0.295425	0.244437	0.009198	-0.036544	-2.107473	0.267872	0.272808	0.252133	0.013029	0.013609	0.869164	0.494166	
 1687526157.041952	1687526157.008712	28.980531	-42.665520	-1.745932	0.290772	0.290813	0.242501	0.018495	-0.035611	-2.111287	0.247216	0.288966	0.250108	0.016817	0.010938	0.870123	0.492426	
 1687526157.348708	1687526157.311666	28.929304	-42.603388	-1.737594	0.238492	0.238513	0.213639	0.015971	-0.035085	-2.115280	0.225463	0.251603	0.220108	0.015567	0.011362	0.871106	0.490716	
 1687526157.652651	1687526157.613748	28.879284	-42.549819	-1.725731	0.239586	0.239591	0.214139	0.020393	-0.038542	-2.120997	0.223948	0.254257	0.220671	0.018307	0.011835	0.872488	0.488149	
 1687526158.056073	1687526158.016744	28.822085	-42.481143	-1.715928	0.293985	0.293905	0.242907	0.031043	-0.034793	-2.113821	0.259495	0.295750	0.250689	0.022064	0.007519	0.870737	0.491196	
 1687526158.359861	1687526158.318781	28.768457	-42.415395	-1.704181	0.237959	0.237904	0.213320	0.031371	-0.038854	-2.106212	0.247697	0.251108	0.219844	0.023239	0.009117	0.868844	0.494455	
 1687526158.664284	1687526158.620891	28.715275	-42.347400	-1.697710	0.237499	0.237453	0.212911	0.031485	-0.037591	-2.106946	0.246605	0.258284	0.219457	0.022973	0.008549	0.869031	0.494150	
 1687526158.968623	1687526158.922822	28.667243	-42.281933	-1.692166	0.232640	0.232607	0.209604	0.025403	-0.035583	-2.110002	0.241040	0.248302	0.215998	0.019821	0.009211	0.869804	0.492913	
 1687526159.275375	1687526159.226829	28.621036	-42.222153	-1.688701	0.237848	0.237831	0.213055	0.017524	-0.033064	-2.112384	0.234419	0.249256	0.219466	0.015762	0.010078	0.870406	0.491978	
 1687526159.581763	1687526159.529670	28.575792	-42.167726	-1.687218	0.238334	0.238330	0.213414	0.013966	-0.032878	-2.119338	0.224408	0.245911	0.219789	0.014131	0.010922	0.872111	0.488983	
 1687526159.986334	1687526159.933103	28.529510	-42.120016	-1.695627	0.291722	0.291699	0.242008	0.022254	-0.031439	-2.120711	0.251021	0.281563	0.249596	0.017386	0.008279	0.872453	0.488319	
 1687526160.291863	1687526160.235055	28.480767	-42.070395	-1.699417	0.237539	0.237504	0.213089	0.025584	-0.031432	-2.122580	0.230987	0.243439	0.219581	0.018830	0.007480	0.872904	0.487471	
 1687526160.597100	1687526160.536963	28.428102	-42.013912	-1.691923	0.238522	0.238479	0.213472	0.027351	-0.030028	-2.120850	0.236211	0.242459	0.219983	0.019264	0.006420	0.872483	0.488222	
 1687526160.902318	1687526160.838968	28.380252	-41.947593	-1.675562	0.234585	0.234535	0.210920	0.027448	-0.029165	-2.127389	0.237937	0.238172	0.217271	0.019076	0.006082	0.874078	0.485373	
 1687526161.206510	1687526161.141536	28.328812	-41.869254	-1.664959	0.237297	0.237252	0.212842	0.034167	-0.022724	-2.132897	0.240106	0.238422	0.219266	0.020444	0.001691	0.875399	0.482965	
 1687526161.510081	1687526161.444750	28.273312	-41.791460	-1.663643	0.226812	0.226780	0.205884	0.033318	-0.021923	-2.135071	0.245691	0.219627	0.212079	0.019877	0.001567	0.875928	0.482029	
 1687526161.814095	1687526161.748858	28.218259	-41.711254	-1.671882	0.235347	0.235330	0.211693	0.030973	-0.018989	-2.140610	0.249856	0.224544	0.217976	0.018142	0.000898	0.877273	0.479648	
 1687526162.220070	1687526162.150763	28.192031	-41.620019	-1.683232	0.288231	0.287956	0.240663	0.016718	-0.034766	-2.186767	0.280348	0.252235	0.247985	0.015409	0.011598	0.888088	0.459268	
 1687526162.624470	1687526162.552978	28.117778	-41.550688	-1.684291	0.294063	0.294174	0.243668	0.011782	-0.017703	-2.103386	0.254615	0.283327	0.251185	0.009506	0.004763	0.868241	0.496028	
 1687526162.929840	1687526162.855409	28.064737	-41.467504	-1.689225	0.237016	0.236927	0.213305	0.028073	-0.018816	-2.189636	0.219752	0.223307	0.219208	0.016786	0.001930	0.888778	0.458026	
 1687526163.332717	1687526163.258887	27.997842	-41.393336	-1.690190	0.293881	0.293861	0.243288	0.016017	-0.017398	-2.131650	0.274779	0.254482	0.250824	0.011217	0.003738	0.875161	0.483687	
 1687526163.636178	1687526163.561570	27.941559	-41.321305	-1.689859	0.236739	0.236688	0.212720	0.035718	-0.016525	-2.171802	0.223574	0.222400	0.218899	0.019650	-0.001015	0.884621	0.465895	
 1687526163.940225	1687526163.864502	27.886164	-41.251717	-1.686541	0.239271	0.239239	0.214160	0.033935	-0.017763	-2.147202	0.260077	0.221381	0.220503	0.019148	-0.000287	0.878834	0.476742	
 1687526164.246810	1687526164.166545	27.837259	-41.163180	-1.687262	0.236876	0.236817	0.212494	0.040544	-0.019964	-2.179287	0.252962	0.220699	0.218786	0.022587	-0.000534	0.886329	0.462504	
 1687526164.550841	1687526164.469112	27.772926	-41.080905	-1.690310	0.236729	0.236685	0.212330	0.030077	-0.008063	-2.133963	0.266867	0.221855	0.218681	0.015115	-0.003730	0.875670	0.482658	
 1687526164.953410	1687526164.872371	27.708628	-40.995114	-1.696548	0.289585	0.289507	0.241013	0.020648	-0.009558	-2.171233	0.280513	0.243862	0.248533	0.011361	-0.000587	0.884557	0.466294	
 1687526165.359275	1687526165.275612	27.641930	-40.918753	-1.700063	0.295036	0.295116	0.244172	0.016772	-0.011556	-2.154368	0.263372	0.247989	0.251707	0.010122	0.001115	0.880604	0.473743	
 1687526165.664899	1687526165.577105	27.585983	-40.843096	-1.705468	0.238882	0.238918	0.214368	0.028921	-0.009494	-2.172688	0.226694	0.219034	0.220454	0.015007	-0.002534	0.884860	0.465609	
 1687526166.070925	1687526165.980666	27.528615	-40.778444	-1.706674	0.290332	0.290341	0.241721	0.017760	-0.011620	-2.154670	0.277368	0.245292	0.249285	0.010572	0.000911	0.880674	0.473605	
 1687526166.479328	1687526166.485498	27.481270	-40.704424	-1.711300	0.294773	0.294776	0.243934	0.035945	-0.017687	-2.182628	0.259951	0.249626	0.251605	0.020023	-0.000446	0.887129	0.461087	
 1687526166.785283	1687526166.787301	27.431756	-40.634277	-1.706616	0.241724	0.241736	0.215678	0.008494	-0.000635	-2.147596	0.260060	0.223544	0.222150	0.003884	-0.001746	0.879010	0.476784	
 1687526167.092298	1687526167.088767	27.370788	-40.559054	-1.683736	0.238231	0.238300	0.213517	0.009718	0.002415	-2.146665	0.219073	0.214962	0.219770	0.003694	-0.003380	0.878782	0.477197	
 1687526167.401317	1687526167.390967	27.330076	-40.477276	-1.672556	0.239129	0.239180	0.213813	0.021024	-0.001464	-2.165917	0.220722	0.215778	0.220160	0.009629	-0.004281	0.883303	0.468684	
 1687526167.706101	1687526167.694295	27.283567	-40.399261	-1.660424	0.239484	0.239498	0.213958	0.012377	-0.005766	-2.141467	0.233827	0.215574	0.220373	0.006813	-0.000437	0.877540	0.479454	
 1687526168.014533	1687526167.996461	27.239937	-40.324151	-1.651543	0.232111	0.232121	0.209246	0.014980	-0.007967	-2.147805	0.217776	0.211533	0.215505	0.008483	-0.000069	0.879050	0.476654	
 1687526168.318504	1687526168.299218	27.190195	-40.240416	-1.650897	0.237783	0.237806	0.213057	0.013232	-0.006585	-2.138483	0.224011	0.216059	0.219424	0.007384	-0.000294	0.876823	0.480757	
 1687526168.625234	1687526168.601555	27.149532	-40.138839	-1.658844	0.234648	0.234655	0.211000	0.027424	-0.009934	-2.153864	0.220603	0.213617	0.217336	0.014427	-0.002126	0.880446	0.473922	
 1687526168.931112	1687526168.903522	27.110687	-40.044380	-1.666025	0.236938	0.236938	0.212520	0.021533	-0.009241	-2.146319	0.243073	0.215962	0.218959	0.011666	-0.001079	0.878676	0.477274	
 1687526169.335690	1687526169.306196	27.067914	-39.942364	-1.670467	0.292742	0.292709	0.242385	0.021970	-0.008159	-2.146039	0.264979	0.246253	0.250123	0.011599	-0.001661	0.878607	0.477401	
 1687526169.645004	1687526169.608170	27.022645	-39.855537	-1.669215	0.237151	0.237152	0.212764	0.027636	-0.004780	-2.146250	0.234255	0.215652	0.219162	0.013282	-0.004496	0.878626	0.477305	
 1687526169.949222	1687526169.910301	26.971991	-39.772115	-1.660461	0.237810	0.237814	0.213091	0.022328	-0.000959	-2.144496	0.245220	0.214991	0.219697	0.010034	-0.004917	0.878225	0.478117	
 1687526170.255441	1687526170.213336	26.923947	-39.680727	-1.652474	0.237989	0.238001	0.213163	0.027480	-0.004774	-2.148692	0.236076	0.214918	0.219710	0.013218	-0.004446	0.879209	0.476232	
 1687526170.561406	1687526170.515729	26.870365	-39.567935	-1.640959	0.236279	0.236278	0.212098	0.027252	-0.004234	-2.140357	0.243679	0.213893	0.218542	0.012969	-0.004683	0.877217	0.479897	
 1687526170.867743	1687526170.817509	26.821749	-39.468328	-1.636352	0.235229	0.235247	0.211584	0.026937	-0.007700	-2.132441	0.244206	0.213263	0.217904	0.013651	-0.003141	0.875319	0.483343	
 1687526171.272287	1687526171.219819	26.771770	-39.377913	-1.639829	0.282415	0.282396	0.237937	0.023226	-0.019182	-2.119681	0.272528	0.240843	0.245435	0.014819	0.002687	0.872233	0.488859	
 1687526171.675942	1687526171.622716	26.719971	-39.280169	-1.641562	0.295328	0.295327	0.243980	0.013142	-0.017714	-2.131564	0.268680	0.256521	0.251833	0.010036	0.004572	0.875143	0.483739	
 1687526171.982753	1687526171.925976	26.670728	-39.198084	-1.640196	0.236926	0.236951	0.212775	0.033374	-0.014344	-2.129869	0.221806	0.223775	0.219283	0.018071	-0.001813	0.874671	0.484377	
 1687526172.389402	1687526172.329550	26.617178	-39.123098	-1.635713	0.290403	0.290395	0.241825	0.023992	-0.023257	-2.130223	0.293081	0.248519	0.249681	0.016126	0.004362	0.874788	0.484217	
 1687526172.696274	1687526172.631406	26.558056	-39.059687	-1.640929	0.238300	0.238310	0.213548	0.066857	-0.011169	-2.130667	0.237511	0.230679	0.220156	0.031945	-0.011300	0.874538	0.483771	
 1687526172.999752	1687526172.933797	26.484186	-38.999936	-1.635004	0.238464	0.238401	0.213513	0.014835	-0.029663	-2.123309	0.379534	0.215767	0.220014	0.013705	0.009334	0.873097	0.487265	
 1687526173.304930	1687526173.237191	26.417060	-38.921622	-1.610108	0.236813	0.236807	0.212540	0.031533	-0.019742	-2.140240	0.221867	0.239438	0.218938	0.018568	0.001091	0.877181	0.479800	
 1687526173.612783	1687526173.541718	26.338312	-38.843996	-1.590300	0.238062	0.238054	0.213039	0.032109	-0.023185	-2.117752	0.251264	0.223605	0.219440	0.019673	0.002242	0.871726	0.489594	
 1687526173.918336	1687526173.844209	26.276124	-38.760362	-1.572909	0.238479	0.238489	0.213437	0.023180	-0.022965	-2.152158	0.251130	0.227360	0.219820	0.015651	0.004603	0.880049	0.474603	
 1687526174.326750	1687526174.249162	26.211310	-38.688685	-1.562889	0.291965	0.291998	0.242113	0.017931	-0.025833	-2.132036	0.264243	0.258291	0.249698	0.014093	0.006969	0.875229	0.483452	
 1687526174.633803	1687526174.551548	26.162117	-38.621387	-1.557499	0.240194	0.240215	0.215157	0.019065	-0.028097	-2.141999	0.227828	0.234546	0.221388	0.015098	0.007761	0.877618	0.479061	
 1687526174.937291	1687526174.853570	26.119929	-38.560391	-1.556926	0.237414	0.237453	0.213044	0.018256	-0.030509	-2.125177	0.226815	0.235616	0.219355	0.015396	0.008885	0.873548	0.486414	
 1687526175.345175	1687526175.256558	26.073979	-38.500872	-1.555198	0.292195	0.292186	0.242225	0.014521	-0.038184	-2.117644	0.256635	0.272420	0.249950	0.015680	0.013086	0.871665	0.489676	
 1687526175.648582	1687526175.559116	26.024117	-38.443011	-1.547782	0.239426	0.239428	0.214263	0.024818	-0.042176	-2.117508	0.222919	0.259341	0.220824	0.021146	0.012302	0.871613	0.489584	
 1687526175.953968	1687526175.861724	25.971943	-38.382572	-1.536960	0.237152	0.237142	0.212601	0.023805	-0.041911	-2.115180	0.233775	0.264099	0.219159	0.020654	0.012411	0.871044	0.490613	
 1687526176.259246	1687526176.163077	25.922869	-38.314293	-1.522725	0.232863	0.232853	0.209801	0.024427	-0.039235	-2.117422	0.229529	0.261332	0.216232	0.020256	0.011116	0.871609	0.489657	
 1687526176.563782	1687526176.567658	25.875064	-38.230190	-1.512454	0.232569	0.232533	0.209691	0.018036	-0.046541	-2.116991	0.230337	0.253551	0.216067	0.019263	0.015861	0.871450	0.489849	
 1687526176.869247	1687526176.869442	25.816277	-38.159833	-1.515442	0.237842	0.237843	0.213089	0.033172	-0.033100	-2.088547	0.224735	0.280254	0.219527	0.022652	0.005972	0.864460	0.502155	
 1687526177.272766	1687526177.272936	25.780098	-38.068304	-1.516840	0.290920	0.290780	0.241652	0.012470	-0.031760	-2.154335	0.287374	0.275136	0.249291	0.013014	0.011030	0.880538	0.473668	
 1687526177.576453	1687526177.575374	25.729801	-37.988444	-1.513181	0.237000	0.237002	0.213000	0.026700	-0.028821	-2.120553	0.220185	0.243825	0.219371	0.018687	0.006049	0.872416	0.488369	
 1687526177.880924	1687526177.878469	25.686051	-37.906175	-1.517368	0.235800	0.235730	0.212142	0.033008	-0.036200	-2.165183	0.239052	0.235628	0.218405	0.023061	0.008243	0.883051	0.468637	
 1687526178.286903	1687526178.282407	25.621830	-37.826537	-1.518644	0.290076	0.290015	0.241091	0.016108	-0.019661	-2.124698	0.280543	0.278410	0.248429	0.011820	0.004666	0.873469	0.486713	
 1687526178.591909	1687526178.584672	25.558298	-37.733060	-1.519692	0.238666	0.238597	0.214013	0.031143	-0.015862	-2.153314	0.225074	0.224876	0.220424	0.017469	-0.000403	0.880301	0.474093	
 1687526178.895387	1687526178.886390	25.499927	-37.643283	-1.526107	0.235806	0.235750	0.211833	0.027234	-0.016735	-2.134675	0.247966	0.218147	0.218221	0.015963	0.000759	0.875862	0.482297	
 1687526179.299556	1687526179.289521	25.446671	-37.550475	-1.531747	0.290452	0.290381	0.241468	0.022285	-0.012366	-2.139672	0.273480	0.249774	0.249139	0.012742	0.000071	0.877084	0.480169	
 1687526179.703775	1687526179.690426	25.389152	-37.445004	-1.532469	0.296167	0.296103	0.244636	0.025437	-0.017682	-2.123480	0.268867	0.250074	0.252384	0.015413	0.001521	0.873155	0.487197	
 1687526180.010402	1687526180.010112	25.334211	-37.344858	-1.531050	0.238120	0.238119	0.213644	0.028885	-0.005789	-2.135138	0.238860	0.222086	0.220168	0.014047	-0.004430	0.875956	0.482166	
 1687526180.414321	1687526180.415398	25.278276	-37.233747	-1.533211	0.294898	0.294877	0.243827	0.024684	-0.005728	-2.129811	0.278225	0.245952	0.251656	0.012183	-0.003475	0.874690	0.484517	
 1687526180.718108	1687526180.717775	25.229840	-37.144400	-1.533103	0.238554	0.238544	0.213781	0.021564	-0.013555	-2.134003	0.238308	0.215725	0.220319	0.012713	0.000730	0.875721	0.482649	
 1687526181.025697	1687526181.019707	25.178010	-37.066021	-1.533625	0.237216	0.237271	0.212671	0.059990	0.002855	-2.117806	0.231213	0.217871	0.219130	0.025448	-0.015934	0.871405	0.489645	
 1687526181.335648	1687526181.320816	25.117162	-36.971920	-1.531381	0.241212	0.241109	0.214976	0.028609	-0.014177	-2.145415	0.333436	0.218814	0.221330	0.015952	-0.000607	0.878434	0.477597	
 1687526181.739063	1687526181.723549	25.062900	-36.877199	-1.516847	0.293040	0.292954	0.242648	-0.000592	-0.011225	-2.166726	0.277318	0.248417	0.250331	0.002367	0.005097	0.883523	0.468354	
 1687526182.144881	1687526182.128159	24.989219	-36.783472	-1.514829	0.291193	0.291372	0.242476	0.014337	-0.012176	-2.144999	0.247098	0.248221	0.250056	0.009206	0.001922	0.878380	0.477871	
 1687526182.447694	1687526182.430186	24.927868	-36.696961	-1.509146	0.231882	0.231912	0.209364	0.028455	-0.014374	-2.158166	0.219524	0.214183	0.215638	0.015934	-0.000382	0.881462	0.471987	
 1687526182.751384	1687526182.733042	24.870398	-36.617199	-1.505685	0.236172	0.236205	0.212116	0.027210	-0.022331	-2.141139	0.242725	0.217436	0.218548	0.017291	0.003272	0.877411	0.479417	
 1687526183.059451	1687526183.035703	24.818926	-36.543211	-1.498187	0.236589	0.236608	0.212316	0.028913	-0.022337	-2.143435	0.237689	0.224121	0.218713	0.018036	0.002886	0.877954	0.478396	
 1687526183.466641	1687526183.437870	24.759995	-36.460397	-1.496990	0.294399	0.294359	0.243158	0.018354	-0.015307	-2.143416	0.277049	0.257202	0.250907	0.011720	0.002327	0.877990	0.478530	
 1687526183.769799	1687526183.739727	24.699275	-36.382121	-1.500151	0.235794	0.235797	0.211974	0.029458	-0.017201	-2.148181	0.226366	0.218804	0.218382	0.017046	0.000542	0.879090	0.476351	
 1687526184.073280	1687526184.042486	24.631973	-36.305827	-1.502092	0.239077	0.239071	0.213959	0.026332	-0.017905	-2.150441	0.245328	0.221165	0.220474	0.015838	0.001614	0.879640	0.475374	
 1687526184.376375	1687526184.345893	24.572872	-36.236898	-1.501624	0.234742	0.234740	0.211027	0.030048	-0.022109	-2.149864	0.237350	0.219388	0.217379	0.018472	0.002574	0.879484	0.475563	
 1687526184.679666	1687526184.649654	24.519758	-36.169538	-1.496199	0.237227	0.237227	0.212595	0.026136	-0.022726	-2.144334	0.245324	0.224764	0.218990	0.016909	0.003730	0.878178	0.478020	
 1687526184.982599	1687526184.951360	24.472187	-36.105181	-1.486462	0.235104	0.235102	0.211188	0.024483	-0.026371	-2.136492	0.235959	0.224300	0.217524	0.017077	0.005659	0.876293	0.481443	
 1687526185.388129	1687526185.354129	24.418053	-36.037001	-1.473560	0.287547	0.287527	0.240124	0.021014	-0.021330	-2.146485	0.263984	0.259993	0.247661	0.014322	0.004357	0.878708	0.477126	
 1687526185.692463	1687526185.655380	24.365569	-35.967371	-1.461765	0.242113	0.242106	0.216288	0.025744	-0.018703	-2.147864	0.234161	0.229157	0.222812	0.015772	0.002085	0.879028	0.476505	
 1687526186.096301	1687526186.058523	24.307361	-35.901439	-1.462135	0.290319	0.290279	0.241907	0.018906	-0.021617	-2.147392	0.269790	0.252051	0.249629	0.013462	0.004992	0.878927	0.476740	
 1687526186.500452	1687526186.460963	24.228531	-35.845034	-1.466607	0.292475	0.292472	0.243142	0.031722	-0.022975	-2.097909	0.260270	0.258677	0.250915	0.019474	0.002052	0.866827	0.498224	
 1687526186.804054	1687526186.762377	24.171511	-35.734539	-1.467418	0.239418	0.239382	0.214367	0.025056	-0.012815	-2.179791	0.249580	0.226519	0.220805	0.014070	-0.000115	0.886528	0.462461	
 1687526187.209892	1687526187.167763	24.127671	-35.628794	-1.456237	0.294022	0.294010	0.243515	0.010950	-0.004706	-2.135798	0.272142	0.248855	0.251346	0.005931	-0.000577	0.876181	0.481946	
 1687526187.515895	1687526187.469051	24.073827	-35.535502	-1.461965	0.238168	0.238203	0.213367	0.032998	-0.007940	-2.129548	0.221599	0.215333	0.219945	0.016355	-0.004525	0.874585	0.484575	
 1687526187.820993	1687526187.772074	24.030336	-35.428762	-1.453905	0.238375	0.238377	0.213292	0.011842	-0.008156	-2.146838	0.256288	0.215461	0.219843	0.007149	0.000759	0.878826	0.477089	
 1687526188.125220	1687526188.073490	23.992109	-35.339669	-1.444959	0.232049	0.232064	0.209309	0.022816	-0.010370	-2.135758	0.218084	0.212325	0.215578	0.012494	-0.000956	0.876140	0.481894	
 1687526188.436280	1687526188.375510	23.953885	-35.244190	-1.433371	0.237696	0.237697	0.212887	0.009087	-0.013903	-2.149786	0.236285	0.216523	0.219332	0.007304	0.003952	0.879524	0.475782	
 1687526188.740056	1687526188.677686	23.899558	-35.146921	-1.438981	0.238504	0.238523	0.213233	0.030807	-0.012907	-2.137674	0.219779	0.220297	0.219730	0.016607	-0.001754	0.876567	0.480990	
 1687526189.144343	1687526189.081693	23.838584	-35.039581	-1.442765	0.292223	0.292205	0.241863	0.017622	-0.009247	-2.145388	0.283357	0.246711	0.249592	0.009949	-0.000148	0.878467	0.477700	
 1687526189.449193	1687526189.384180	23.783841	-34.950394	-1.439753	0.237768	0.237788	0.213343	0.004977	-0.019095	-2.117297	0.228756	0.216695	0.219858	0.006848	0.007103	0.871663	0.490006	
 1687526189.755481	1687526189.685858	23.718026	-34.859666	-1.423410	0.237106	0.237140	0.212790	0.022139	-0.013696	-2.123371	0.217272	0.225766	0.219314	0.013003	0.000584	0.873141	0.487293	
 1687526190.060044	1687526189.987832	23.654705	-34.747642	-1.426289	0.237101	0.237107	0.212439	0.018384	-0.018783	-2.133568	0.232083	0.217649	0.218981	0.012584	0.003784	0.875618	0.482826	
 1687526190.365741	1687526190.289618	23.598415	-34.653430	-1.424094	0.236027	0.236042	0.211714	0.024604	-0.019888	-2.127725	0.226184	0.221784	0.218086	0.015582	0.002721	0.874187	0.485331	
 1687526190.670795	1687526190.590210	23.552051	-34.550851	-1.396339	0.235250	0.235256	0.211530	-0.014043	-0.025737	-2.175533	0.235291	0.222076	0.217925	-0.000241	0.014656	0.885455	0.464495	
 1687526190.977081	1687526190.893165	23.499115	-34.452040	-1.392555	0.235683	0.235697	0.212032	0.022595	-0.021787	-2.144244	0.225520	0.233978	0.218429	0.015130	0.004163	0.878168	0.478095	
 1687526191.382265	1687526191.296399	23.422324	-34.350690	-1.397979	0.282877	0.282857	0.237880	0.012719	-0.030105	-2.133418	0.256838	0.249464	0.245173	0.012838	0.010108	0.875545	0.482860	
 1687526191.686521	1687526191.598106	23.356692	-34.257085	-1.395636	0.238370	0.238373	0.213659	0.029911	-0.027522	-2.139335	0.221157	0.237068	0.220030	0.019725	0.004883	0.876959	0.480136	
 1687526191.990923	1687526191.900538	23.280994	-34.173065	-1.395834	0.233295	0.233283	0.210215	0.032627	-0.033488	-2.121132	0.238818	0.226964	0.216557	0.022409	0.006643	0.872527	0.488006	
 1687526192.296625	1687526192.204129	23.211521	-34.089887	-1.388891	0.238957	0.238938	0.213861	0.036212	-0.027390	-2.130440	0.247325	0.238901	0.220308	0.022470	0.003212	0.874790	0.483970	
 1687526192.605387	1687526192.608986	23.151267	-33.994579	-1.384911	0.236004	0.235976	0.211990	0.035979	-0.029156	-2.121041	0.253620	0.227673	0.218325	0.022814	0.003933	0.872504	0.488058	
 1687526192.910063	1687526192.911075	23.105284	-33.915674	-1.380570	0.239392	0.239364	0.214094	0.025934	-0.032111	-2.108987	0.257730	0.233288	0.220504	0.019200	0.007560	0.869568	0.493382	
 1687526193.217981	1687526193.212608	23.058350	-33.845042	-1.370931	0.236203	0.236184	0.211949	0.019617	-0.043067	-2.111756	0.235316	0.237805	0.218342	0.019137	0.013910	0.870193	0.492142	
 1687526193.521571	1687526193.515853	23.016251	-33.778306	-1.359282	0.236650	0.236646	0.212258	0.018189	-0.040701	-2.126262	0.225418	0.261937	0.218669	0.017838	0.013362	0.873755	0.485856	
 1687526193.825483	1687526193.818064	22.976677	-33.697400	-1.343472	0.236188	0.236190	0.212112	0.012538	-0.034586	-2.135823	0.223841	0.256752	0.218533	0.013826	0.012130	0.876100	0.481779	
 1687526194.128505	1687526194.120945	22.943681	-33.637607	-1.337715	0.234261	0.234261	0.210983	0.007805	-0.032276	-2.140590	0.218545	0.246684	0.217295	0.011167	0.012285	0.877251	0.479744	
 1687526194.436320	1687526194.424100	22.908243	-33.585964	-1.335227	0.234011	0.234001	0.210587	0.005146	-0.035336	-2.156177	0.215856	0.243024	0.216943	0.010623	0.014349	0.880936	0.472898	
 1687526194.739609	1687526194.727501	22.873983	-33.538893	-1.330550	0.237901	0.237896	0.213086	0.009806	-0.031585	-2.171977	0.217785	0.253991	0.219551	0.011697	0.011687	0.884680	0.465906	
 1687526195.146189	1687526195.130632	22.838114	-33.485859	-1.324054	0.290131	0.290099	0.241271	0.009730	-0.026500	-2.176208	0.248370	0.277176	0.248966	0.010459	0.009478	0.885690	0.464062	
 1687526195.449176	1687526195.432359	22.812845	-33.458242	-1.314623	0.233936	0.233913	0.210948	0.002261	-0.032145	-2.175453	0.217400	0.234676	0.217417	0.008466	0.013708	0.885467	0.464424	
 1687526195.755085	1687526195.735896	22.790792	-33.441619	-1.310165	0.234248	0.234233	0.210913	0.009424	-0.030391	-2.181518	0.215565	0.247441	0.217395	0.011196	0.011302	0.886898	0.461690	
 1687526196.159993	1687526196.139505	22.771207	-33.420074	-1.304054	0.289605	0.289553	0.241135	0.013412	-0.027909	-2.187073	0.248128	0.275997	0.248920	0.012365	0.009315	0.888194	0.459209	
 1687526196.563521	1687526196.542468	22.752641	-33.408363	-1.296550	0.294309	0.294234	0.243938	-0.000144	-0.043568	-2.144597	0.254403	0.274005	0.251971	0.010351	0.019166	0.878093	0.477995	
 1687526196.969927	1687526196.945670	22.762555	-33.399696	-1.302225	0.289240	0.289200	0.241958	0.005970	-0.035028	-2.190033	0.248029	0.319666	0.249980	0.010674	0.014201	0.888819	0.457913	
 1687526197.375050	1687526197.348768	22.749879	-33.375440	-1.310010	0.297789	0.297689	0.245391	0.017366	-0.042582	-2.174571	0.250877	0.290470	0.253554	0.017583	0.014812	0.885220	0.464604	
 1687526197.682093	1687526197.650808	22.758282	-33.366021	-1.307536	0.238107	0.238158	0.213832	0.005720	-0.032366	-2.173072	0.224064	0.264480	0.220171	0.010065	0.012990	0.884922	0.465450	
 1687526197.988595	1687526197.953007	22.763692	-33.366516	-1.311866	0.241422	0.241424	0.215606	0.012501	-0.026924	-2.176978	0.220183	0.243727	0.221789	0.011781	0.009027	0.885869	0.463699	
 1687526198.391873	1687526198.355982	22.774568	-33.335471	-1.314416	0.294258	0.294194	0.243101	0.006714	-0.025505	-2.181521	0.251219	0.261592	0.250603	0.008866	0.009761	0.886921	0.461733	
 1687526198.699808	1687526198.658487	22.794770	-33.339217	-1.319583	0.238446	0.238480	0.214308	0.009545	-0.020230	-2.187819	0.218398	0.228323	0.219745	0.008882	0.006796	0.888395	0.458944	
 1687526199.006764	1687526198.960817	22.813330	-33.343598	-1.320802	0.237991	0.238022	0.213531	0.007596	-0.021314	-2.187226	0.219052	0.221728	0.218823	0.008268	0.007722	0.888254	0.459213	
 1687526199.412681	1687526199.363909	22.824146	-33.309068	-1.319362	0.286469	0.286496	0.240150	0.011813	-0.018026	-2.187313	0.245924	0.249850	0.246894	0.009385	0.005294	0.888285	0.459166	
 1687526199.715947	1687526199.665241	22.839310	-33.310696	-1.327257	0.238727	0.238791	0.214999	0.004567	-0.014725	-2.190897	0.220738	0.220441	0.219897	0.005399	0.005501	0.889115	0.457619	
 1687526200.022961	1687526199.968566	22.853652	-33.314758	-1.341364	0.235366	0.235525	0.212111	0.005025	-0.016834	-2.187575	0.216414	0.216459	0.216804	0.006096	0.006324	0.888348	0.459088	
 1687526200.431264	1687526200.371769	22.858619	-33.293160	-1.349397	0.295019	0.295113	0.243382	0.011423	-0.021400	-2.187859	0.248931	0.249874	0.250117	0.009985	0.006884	0.888400	0.458910	
 1687526200.736769	1687526200.674203	22.870913	-33.316395	-1.345023	0.239794	0.239790	0.215279	0.009293	-0.018866	-2.188614	0.221163	0.223671	0.220452	0.008455	0.006251	0.888582	0.458598	
 1687526201.041883	1687526200.977093	22.890168	-33.337191	-1.340624	0.235558	0.235623	0.212291	0.005994	-0.020618	-2.181694	0.217919	0.219937	0.217201	0.007418	0.007760	0.886981	0.461680	
 1687526201.448046	1687526201.382347	22.906084	-33.321165	-1.343335	0.294112	0.294100	0.243209	0.013078	-0.025523	-2.193885	0.249059	0.255362	0.250249	0.011641	0.008371	0.889763	0.456198	
 1687526201.756363	1687526201.684812	22.925178	-33.363341	-1.349241	0.241011	0.240916	0.216026	0.009392	-0.027727	-2.199753	0.223093	0.231626	0.221148	0.010474	0.010224	0.891085	0.453599	
 1687526202.160193	1687526202.087825	22.931938	-33.390074	-1.353091	0.295398	0.295411	0.243837	0.014134	-0.023769	-2.186871	0.250735	0.268053	0.250452	0.011737	0.007309	0.888164	0.459318	
 1687526202.567384	1687526202.490509	22.935817	-33.428110	-1.357207	0.291170	0.291179	0.242626	0.008768	-0.023304	-2.176697	0.253170	0.260955	0.250027	0.009289	0.008288	0.885817	0.463868	
 1687526202.870812	1687526202.792299	22.941599	-33.483391	-1.365589	0.239532	0.239604	0.214703	0.009213	-0.026569	-2.174320	0.220375	0.231958	0.220521	0.010255	0.009619	0.885251	0.464901	
 1687526203.276829	1687526203.194903	22.948059	-33.538457	-1.365689	0.292718	0.292780	0.242592	0.012364	-0.020675	-2.169772	0.249659	0.269497	0.250048	0.010294	0.006254	0.884216	0.466923	
 1687526203.687084	1687526203.598550	22.954283	-33.576608	-1.361488	0.292916	0.292961	0.243170	0.013848	-0.018786	-2.169589	0.253116	0.259640	0.250868	0.010509	0.005071	0.884178	0.467005	
 1687526203.994490	1687526203.923469	22.968448	-33.622402	-1.360379	0.242254	0.242289	0.216316	0.014177	-0.020402	-2.167453	0.226785	0.228756	0.222558	0.011038	0.005697	0.883674	0.467938	
 1687526204.400245	1687526204.326568	22.975516	-33.655455	-1.353370	0.292124	0.292110	0.242334	0.028305	-0.024988	-2.176660	0.254571	0.259015	0.249864	0.018332	0.004501	0.885777	0.463726	
 1687526204.706671	1687526204.628230	22.985497	-33.696532	-1.343817	0.239691	0.239730	0.214684	0.026586	-0.024675	-2.176129	0.249356	0.234386	0.220898	0.017499	0.004757	0.885661	0.463979	
 1687526205.012981	1687526204.931052	22.996222	-33.734477	-1.340262	0.230366	0.230416	0.208356	0.031978	-0.021975	-2.173877	0.238350	0.227415	0.214329	0.019263	0.002287	0.885122	0.464954	
 1687526205.419715	1687526205.335263	22.999285	-33.757103	-1.340619	0.292046	0.292016	0.242057	0.037338	-0.020945	-2.172285	0.291993	0.258302	0.249624	0.021395	0.000568	0.884725	0.465623	
 1687526205.727905	1687526205.639281	22.998566	-33.799607	-1.339994	0.240134	0.240175	0.214899	0.035966	-0.024180	-2.166308	0.277661	0.227323	0.221091	0.021549	0.002254	0.883334	0.468242	
 1687526206.037059	1687526205.941119	22.995497	-33.838802	-1.331771	0.237724	0.237783	0.213005	0.033078	-0.018625	-2.157881	0.268188	0.229907	0.219264	0.018975	0.000397	0.881372	0.472042	
 1687526206.443461	1687526206.444668	22.996777	-33.853559	-1.317992	0.289458	0.289587	0.241224	0.032701	-0.010801	-2.154243	0.296215	0.252661	0.248854	0.016956	-0.002993	0.880509	0.473717	
 1687526206.751492	1687526206.746938	23.007074	-33.876591	-1.302147	0.239068	0.239134	0.214475	0.016329	-0.018640	-2.147477	0.266287	0.217923	0.220824	0.011620	0.004299	0.878958	0.476738	
 1687526207.059218	1687526207.049666	23.010637	-33.883353	-1.297695	0.234194	0.234289	0.210880	0.029464	-0.021965	-2.151913	0.224733	0.223558	0.217023	0.018179	0.002669	0.879973	0.474668	
 1687526207.368881	1687526207.352203	23.016730	-33.897907	-1.291240	0.238245	0.238320	0.213503	0.040154	-0.018891	-2.148626	0.254823	0.229525	0.219617	0.022149	-0.001259	0.879137	0.476052	
 1687526207.672371	1687526207.654062	23.026324	-33.905102	-1.280045	0.239479	0.239556	0.214305	0.036032	-0.012348	-2.148494	0.290894	0.224391	0.220444	0.018780	-0.003155	0.879125	0.476210	
 1687526207.976879	1687526207.956216	23.036442	-33.909940	-1.270072	0.234249	0.234324	0.211011	0.031712	-0.012727	-2.151954	0.275174	0.215333	0.217078	0.016974	-0.001930	0.879974	0.474714	
 1687526208.284635	1687526208.258600	23.042657	-33.916280	-1.265652	0.233996	0.234075	0.210805	0.036117	-0.018256	-2.154037	0.261120	0.215817	0.216906	0.020225	-0.000522	0.880447	0.473713	
 1687526208.591745	1687526208.560994	23.036592	-33.903058	-1.262112	0.236418	0.236512	0.211985	0.038806	-0.014643	-2.151239	0.272333	0.221547	0.218012	0.020549	-0.002778	0.879763	0.474960	
 1687526208.899149	1687526208.862233	23.031262	-33.902242	-1.252737	0.237701	0.237816	0.213208	0.035471	-0.010565	-2.146662	0.287379	0.219086	0.219285	0.018105	-0.003821	0.878689	0.477035	
 1687526209.303833	1687526209.264695	23.027960	-33.898417	-1.244143	0.291821	0.291990	0.242187	0.036153	-0.009943	-2.151537	0.313786	0.246187	0.249644	0.018267	-0.004213	0.879844	0.474893	
 1687526209.610041	1687526209.568200	23.021256	-33.877666	-1.242720	0.230967	0.231068	0.209216	0.032354	-0.009878	-2.150761	0.273284	0.212158	0.215502	0.016579	-0.003345	0.879683	0.475259	
 1687526209.915545	1687526209.870123	23.019558	-33.874710	-1.244693	0.239214	0.239356	0.214521	0.029038	-0.008334	-2.150045	0.265079	0.217558	0.220813	0.014752	-0.003242	0.879529	0.475605	
 1687526210.221899	1687526210.173798	23.020036	-33.870634	-1.249025	0.234828	0.234945	0.211375	0.032546	-0.007711	-2.153049	0.249971	0.213886	0.217593	0.016154	-0.004326	0.880221	0.474269	
 1687526210.529165	1687526210.476438	23.021984	-33.864273	-1.249978	0.235732	0.235845	0.211917	0.030805	-0.002861	-2.152230	0.256882	0.214031	0.218205	0.014235	-0.006053	0.880025	0.474675	
 1687526210.840867	1687526210.778084	23.019770	-33.839231	-1.247624	0.237635	0.237732	0.213132	0.029251	-0.004480	-2.154537	0.255601	0.214676	0.219405	0.013941	-0.004956	0.880586	0.473655	
 1687526211.148171	1687526211.079327	23.015936	-33.831985	-1.245318	0.240315	0.240432	0.214974	0.031091	-0.004424	-2.156016	0.252117	0.216419	0.221160	0.014742	-0.005406	0.880925	0.472996	
 1687526211.558037	1687526211.481428	23.009181	-33.823497	-1.243342	0.285017	0.285157	0.239238	0.029699	-0.001563	-2.152926	0.285089	0.241154	0.246566	0.013442	-0.006357	0.880193	0.474382	
 1687526211.865366	1687526211.783783	23.001201	-33.811859	-1.246525	0.242745	0.242838	0.216730	0.027637	-0.002879	-2.153827	0.257321	0.218464	0.223324	0.012849	-0.005283	0.880423	0.473985	
 1687526212.267967	1687526212.186890	22.991870	-33.800614	-1.250176	0.293576	0.293737	0.243178	0.028275	-0.002345	-2.151093	0.282439	0.245143	0.250981	0.012996	-0.005687	0.879769	0.475189	
 1687526212.574276	1687526212.488950	22.985812	-33.767168	-1.248354	0.237467	0.237557	0.213233	0.028079	-0.001438	-2.147718	0.246858	0.214819	0.219757	0.012684	-0.006061	0.878965	0.476680	
 1687526212.878025	1687526212.791074	22.989897	-33.753801	-1.246944	0.238373	0.238449	0.213932	0.026404	0.001034	-2.144786	0.248921	0.215361	0.220053	0.011348	-0.006765	0.878267	0.477988	
 1687526213.283712	1687526213.195219	22.994625	-33.748150	-1.252225	0.290745	0.290846	0.241863	0.023635	-0.002161	-2.151683	0.277192	0.244427	0.249370	0.010912	-0.004662	0.879934	0.474947	
 1687526213.592221	1687526213.497753	22.994186	-33.731415	-1.261488	0.239989	0.240052	0.214798	0.021156	-0.005269	-2.155089	0.239877	0.216423	0.221371	0.010564	-0.002688	0.880759	0.473440	
 1687526213.898267	1687526213.899382	22.994826	-33.736445	-1.271989	0.239782	0.239925	0.214634	0.022951	-0.003521	-2.155498	0.232592	0.216206	0.220832	0.010942	-0.003881	0.880845	0.473263	
 1687526214.203775	1687526214.201963	22.995394	-33.735658	-1.278670	0.237336	0.237419	0.212859	0.030323	0.000770	-2.156401	0.231362	0.214355	0.218893	0.013176	-0.007509	0.881004	0.472865	
 1687526214.508006	1687526214.504936	22.992331	-33.730192	-1.281078	0.238061	0.238129	0.213477	0.028778	-0.002785	-2.156624	0.242262	0.215334	0.219475	0.013337	-0.005576	0.881078	0.472749	
 1687526214.811611	1687526214.808376	22.987406	-33.700917	-1.283428	0.235947	0.236029	0.212153	0.025588	-0.002801	-2.155752	0.237592	0.213558	0.218032	0.011933	-0.004820	0.880890	0.473146	
 1687526215.117478	1687526215.110469	22.987263	-33.699573	-1.292084	0.234522	0.234596	0.211418	0.017469	0.002234	-2.150558	0.233484	0.212536	0.216957	0.007153	-0.005136	0.879684	0.475477	
 1687526215.424773	1687526215.412697	22.986397	-33.702851	-1.302250	0.234226	0.234294	0.210806	0.017521	-0.000299	-2.150038	0.223470	0.212749	0.216596	0.007777	-0.004036	0.879566	0.475696	
 1687526215.728987	1687526215.714675	22.983734	-33.709462	-1.306670	0.238412	0.238500	0.213313	0.017288	-0.003547	-2.150398	0.225390	0.214821	0.219223	0.008447	-0.002551	0.879658	0.475525	
 1687526216.034440	1687526216.015877	22.985529	-33.715686	-1.305428	0.228797	0.228882	0.207348	0.014008	-0.000643	-2.151060	0.218518	0.208785	0.213112	0.006315	-0.003046	0.879822	0.475253	
 1687526216.338069	1687526216.318042	22.990953	-33.695267	-1.308189	0.234150	0.234205	0.210976	0.013226	0.001468	-2.146164	0.220387	0.212435	0.216761	0.005460	-0.003802	0.878654	0.477412	
 1687526216.642899	1687526216.619430	22.995824	-33.698963	-1.311627	0.235252	0.235324	0.212073	0.008765	0.000531	-2.146490	0.220707	0.213278	0.217466	0.003724	-0.002325	0.878745	0.477271	
 1687526216.947153	1687526216.921770	22.997794	-33.700123	-1.317405	0.233569	0.233631	0.210557	0.011188	-0.003763	-2.146789	0.216980	0.212005	0.216048	0.005814	-0.001016	0.878815	0.477126	
 1687526217.249870	1687526217.225111	22.995110	-33.698848	-1.319654	0.236368	0.236430	0.212453	0.016356	-0.004428	-2.150404	0.220155	0.214006	0.218252	0.008247	-0.001942	0.879663	0.475521	
 1687526217.555779	1687526217.526822	22.989421	-33.695027	-1.323471	0.235594	0.235665	0.212058	0.018428	-0.003811	-2.153077	0.223736	0.213604	0.217858	0.009015	-0.002693	0.880290	0.474342	
 1687526217.865458	1687526217.828070	22.984915	-33.670881	-1.328943	0.230933	0.230991	0.208937	0.014993	-0.003241	-2.151600	0.222949	0.210334	0.214587	0.007366	-0.002135	0.879950	0.475004	
 1687526218.171175	1687526218.130600	22.981739	-33.696987	-1.331179	0.237362	0.237439	0.213246	0.011812	-0.002603	-2.147114	0.223954	0.214436	0.218820	0.005812	-0.001673	0.878890	0.476985	
 1687526218.477611	1687526218.432853	22.981380	-33.727131	-1.328674	0.236909	0.236947	0.212500	0.006900	-0.004340	-2.147448	0.221252	0.214194	0.218390	0.004067	0.000262	0.878979	0.476844	
 1687526218.783047	1687526218.734228	22.980491	-33.761002	-1.326111	0.231063	0.231109	0.208705	0.010258	-0.008686	-2.149078	0.214642	0.210608	0.214763	0.006578	0.001377	0.879362	0.476107	
 1687526219.087776	1687526219.036647	22.973182	-33.790347	-1.321301	0.234766	0.234800	0.211188	0.012277	-0.006305	-2.149154	0.218579	0.214155	0.217275	0.006899	-0.000150	0.879377	0.476076	
 1687526219.491580	1687526219.439010	22.970221	-33.815203	-1.319714	0.286806	0.286845	0.239906	0.016407	-0.005672	-2.149208	0.250217	0.242489	0.247265	0.008564	-0.001412	0.879380	0.476042	
 1687526219.799443	1687526219.740271	22.965827	-33.838219	-1.321285	0.234103	0.234120	0.211086	0.015877	-0.008807	-2.154449	0.223736	0.213093	0.217442	0.009077	0.000117	0.880627	0.473724	
 1687526220.103089	1687526220.043072	22.956206	-33.864424	-1.325398	0.241030	0.241047	0.215283	0.020943	-0.010741	-2.156735	0.227859	0.218276	0.221679	0.011766	-0.000218	0.881153	0.472685	
 1687526220.406289	1687526220.358470	22.950657	-33.883676	-1.326251	0.234544	0.234550	0.210928	0.024053	-0.009866	-2.156374	0.229136	0.214390	0.217218	0.012929	-0.001341	0.881055	0.472834	
 1687526220.810230	1687526220.762275	22.945603	-33.902462	-1.323585	0.288050	0.288064	0.240461	0.022280	-0.010343	-2.152839	0.267670	0.243976	0.247974	0.012259	-0.000733	0.880225	0.474397	
 1687526221.114985	1687526221.063782	22.941158	-33.925455	-1.321526	0.239899	0.239905	0.214654	0.019617	-0.018015	-2.153418	0.237305	0.218201	0.221198	0.012906	0.003278	0.880366	0.474108	
 1687526221.520797	1687526221.466965	22.936454	-33.948844	-1.316625	0.292844	0.292868	0.242598	0.024580	-0.018920	-2.152177	0.262108	0.253413	0.250380	0.015307	0.002490	0.880057	0.474615	
 1687526221.826618	1687526221.769000	22.937433	-33.959470	-1.305955	0.238762	0.238778	0.213925	0.027117	-0.014846	-2.151811	0.237428	0.223117	0.220532	0.015456	0.000093	0.879963	0.474790	
 1687526222.132494	1687526222.072467	22.943138	-33.961407	-1.298821	0.237858	0.237866	0.213343	0.024599	-0.015305	-2.153719	0.242980	0.219076	0.219752	0.014457	0.000907	0.880426	0.473963	
 1687526222.536401	1687526222.476908	22.940583	-33.960385	-1.301301	0.290720	0.290720	0.241724	0.020603	-0.024422	-2.156622	0.270024	0.248956	0.249377	0.014850	0.005889	0.881108	0.472646	
 1687526222.944463	1687526222.880738	22.933028	-33.954593	-1.308171	0.296256	0.296293	0.244526	0.026598	-0.017615	-2.154384	0.265290	0.265072	0.252445	0.015883	0.001455	0.880574	0.473640	
 1687526223.251016	1687526223.182629	22.931713	-33.950867	-1.309870	0.241113	0.241135	0.215443	0.018921	-0.012675	-2.153089	0.246609	0.224430	0.222125	0.011334	0.001091	0.880295	0.474290	
 1687526223.559891	1687526223.484619	22.934173	-33.946456	-1.306685	0.236334	0.236366	0.211765	0.015722	-0.013450	-2.161394	0.230316	0.217355	0.217979	0.010101	0.002233	0.882264	0.470642	
 1687526223.864431	1687526223.787198	22.939229	-33.943585	-1.302348	0.232990	0.233023	0.209571	0.015164	-0.013561	-2.166919	0.224093	0.216716	0.216029	0.009874	0.002441	0.883561	0.468205	
 1687526224.170593	1687526224.089957	22.940989	-33.938845	-1.300172	0.224306	0.224333	0.203831	0.018952	-0.009937	-2.164300	0.217203	0.210971	0.210031	0.010699	-0.000062	0.882941	0.469363	
 1687526224.476522	1687526224.391134	22.940833	-33.933159	-1.300223	0.235835	0.235855	0.211599	0.018454	-0.011526	-2.159358	0.232840	0.215839	0.217987	0.010854	0.000730	0.881779	0.471537	
 1687526224.783487	1687526224.693110	22.940961	-33.927062	-1.296558	0.237858	0.237878	0.212905	0.018263	-0.012293	-2.158213	0.234132	0.218670	0.219358	0.010951	0.001107	0.881509	0.472038	
 1687526225.088454	1687526225.016627	22.940332	-33.922910	-1.287410	0.236099	0.236119	0.211890	0.020105	-0.010839	-2.160099	0.233122	0.218585	0.218317	0.011420	0.000042	0.881949	0.471206	
 1687526225.394856	1687526225.318788	22.941967	-33.919157	-1.282334	0.237893	0.237909	0.213238	0.021228	-0.010512	-2.158419	0.236563	0.218081	0.219770	0.011838	-0.000377	0.881550	0.471943	
 1687526225.699905	1687526225.620181	22.944636	-33.911270	-1.282675	0.235548	0.235558	0.211832	0.022115	-0.011356	-2.155063	0.235738	0.216071	0.218272	0.012428	-0.000235	0.880753	0.473412	
 1687526226.003160	1687526225.923428	22.948410	-33.904142	-1.291301	0.233638	0.233645	0.210478	0.020359	-0.013894	-2.156409	0.236224	0.215233	0.216821	0.012254	0.001307	0.881077	0.472813	
 1687526226.318216	1687526226.226091	22.951627	-33.897337	-1.300119	0.237079	0.237085	0.212577	0.020256	-0.015112	-2.156739	0.233691	0.219351	0.219023	0.012496	0.001870	0.881154	0.472660	
 1687526226.722498	1687526226.629440	22.949982	-33.889950	-1.297527	0.296513	0.296527	0.243788	0.024020	-0.018233	-2.153455	0.267772	0.253052	0.251599	0.014896	0.002331	0.880363	0.474062	
 1687526227.031793	1687526227.032811	22.950242	-33.880772	-1.288229	0.237548	0.237552	0.213311	0.025993	-0.018956	-2.153418	0.241704	0.224647	0.219936	0.015936	0.002181	0.880346	0.474059	
 1687526227.437492	1687526227.435612	22.948169	-33.870536	-1.276862	0.295419	0.295424	0.244110	0.023526	-0.018739	-2.152368	0.278813	0.256899	0.252093	0.014800	0.002662	0.880106	0.474540	
 1687526227.742958	1687526227.737370	22.953345	-33.860328	-1.270143	0.238648	0.238653	0.214040	0.020481	-0.016141	-2.156246	0.239726	0.225418	0.220752	0.012839	0.002267	0.881036	0.472870	
 1687526228.047943	1687526228.039671	22.959248	-33.850464	-1.269703	0.237306	0.237313	0.212835	0.022379	-0.017264	-2.155903	0.232694	0.221404	0.219428	0.013941	0.002310	0.880948	0.473002	
 1687526228.352452	1687526228.342311	22.960892	-33.841034	-1.270838	0.235246	0.235250	0.211396	0.022862	-0.017928	-2.155364	0.234870	0.221163	0.217839	0.014312	0.002485	0.880818	0.473231	
 1687526228.657944	1687526228.644985	22.963727	-33.836007	-1.274803	0.236833	0.236837	0.212427	0.023776	-0.016054	-2.157891	0.236497	0.222776	0.218896	0.014269	0.001461	0.881415	0.472125	
 1687526228.964443	1687526228.948736	22.965951	-33.832879	-1.277965	0.230307	0.230307	0.208068	0.022743	-0.015165	-2.156673	0.233463	0.216059	0.214352	0.013605	0.001305	0.881131	0.472675	
 1687526229.373087	1687526229.351288	22.965884	-33.840767	-1.277832	0.288467	0.288472	0.240363	0.021235	-0.016898	-2.156322	0.267517	0.248803	0.247971	0.013350	0.002423	0.881051	0.472827	
 1687526229.676812	1687526229.655517	22.969016	-33.848026	-1.273506	0.240348	0.240349	0.214962	0.019276	-0.018357	-2.158053	0.237559	0.225030	0.221574	0.012829	0.003540	0.881462	0.472067	
 1687526229.984085	1687526229.957269	22.970667	-33.853759	-1.265514	0.236760	0.236769	0.212490	0.023376	-0.017072	-2.156441	0.230643	0.224135	0.219009	0.014334	0.001994	0.881073	0.472760	
 1687526230.387914	1687526230.362442	22.967123	-33.859392	-1.257654	0.291163	0.291158	0.241935	0.030037	-0.018868	-2.152070	0.269682	0.252319	0.249690	0.017695	0.001171	0.880011	0.474622	
 1687526230.694926	1687526230.665162	22.969148	-33.858443	-1.254897	0.238987	0.238972	0.214318	0.023167	-0.017691	-2.155385	0.253989	0.224865	0.220976	0.014390	0.002308	0.880823	0.473222	
 1687526231.003383	1687526230.966721	22.974453	-33.861039	-1.259438	0.238938	0.238938	0.213932	0.019338	-0.016312	-2.155381	0.239468	0.224428	0.220515	0.012377	0.002607	0.880834	0.473257	
 1687526231.408227	1687526231.371617	22.977900	-33.869432	-1.263447	0.293679	0.293692	0.242764	0.025082	-0.020355	-2.154138	0.263325	0.253074	0.250588	0.015865	0.003018	0.880518	0.473737	
 1687526231.812366	1687526231.775953	22.974715	-33.874087	-1.259475	0.285603	0.285603	0.239899	0.026269	-0.019313	-2.150069	0.271358	0.254731	0.247694	0.016145	0.002246	0.879550	0.475527	
 1687526232.116849	1687526232.077436	22.974992	-33.873950	-1.256191	0.238800	0.238788	0.214068	0.019053	-0.015571	-2.154188	0.246475	0.226404	0.220723	0.012078	0.002341	0.880553	0.473788	
 1687526232.422007	1687526232.379514	22.976204	-33.875928	-1.261964	0.236571	0.236576	0.212284	0.021584	-0.017079	-2.155355	0.231037	0.221204	0.218837	0.013548	0.002413	0.880821	0.473249	
 1687526232.730403	1687526232.681211	22.976296	-33.879308	-1.266515	0.238365	0.238369	0.213231	0.027454	-0.017921	-2.151695	0.235955	0.223356	0.219787	0.016334	0.001365	0.879933	0.474814	
 1687526233.035022	1687526232.983190	22.976443	-33.882398	-1.265463	0.237290	0.237286	0.212611	0.026777	-0.018124	-2.150182	0.248124	0.223030	0.219099	0.016086	0.001603	0.879576	0.475483	
 1687526233.443232	1687526233.386573	22.977453	-33.891182	-1.264948	0.291750	0.291746	0.242011	0.023378	-0.020860	-2.153032	0.282462	0.254977	0.249799	0.015237	0.003636	0.880260	0.474233	
 1687526233.751291	1687526233.688189	22.983287	-33.894316	-1.266849	0.239753	0.239759	0.214535	0.023397	-0.022759	-2.154079	0.242471	0.230862	0.221239	0.015693	0.004475	0.880504	0.473757	
 1687526234.057187	1687526233.991408	22.991077	-33.894213	-1.267446	0.236931	0.236946	0.212568	0.026846	-0.017016	-2.151696	0.239362	0.231580	0.219144	0.015852	0.001111	0.879936	0.474826	
 1687526234.361121	1687526234.293603	22.996588	-33.883543	-1.272399	0.240684	0.240667	0.215010	0.028505	-0.018585	-2.149613	0.252686	0.225546	0.221640	0.016956	0.001389	0.879434	0.475717	
 1687526234.664324	1687526234.595351	22.991297	-33.879555	-1.279195	0.235990	0.235967	0.211885	0.025080	-0.031960	-2.151087	0.248641	0.222697	0.218416	0.018625	0.008099	0.879762	0.474980	
 1687526234.970720	1687526234.897714	22.979274	-33.883798	-1.282861	0.231485	0.231450	0.208827	0.020330	-0.034832	-2.151676	0.232632	0.239350	0.215125	0.017215	0.010497	0.879894	0.474742	
 1687526235.380540	1687526235.300157	22.973839	-33.893099	-1.277504	0.286475	0.286517	0.239496	0.025357	-0.020709	-2.155933	0.257072	0.280979	0.247001	0.016067	0.003123	0.880942	0.472942	
 1687526235.687412	1687526235.610573	22.982242	-33.888672	-1.273813	0.240084	0.240083	0.214918	0.030779	-0.021855	-2.159322	0.242505	0.228108	0.221481	0.018722	0.002377	0.881720	0.471395	
 1687526235.990933	1687526235.912606	22.986733	-33.883951	-1.270113	0.239418	0.239373	0.214420	0.026718	-0.025959	-2.152186	0.252117	0.227699	0.220988	0.017917	0.005080	0.880039	0.474535	
 1687526236.294960	1687526236.214761	22.984413	-33.884365	-1.275791	0.234501	0.234463	0.211068	0.026533	-0.028950	-2.151241	0.238100	0.229856	0.217470	0.018549	0.006431	0.879807	0.474926	
 1687526236.598764	1687526236.516345	22.978248	-33.900223	-1.280010	0.236227	0.236202	0.212015	0.015797	-0.026269	-2.148482	0.238630	0.236114	0.218353	0.013201	0.007785	0.879175	0.476253	
 1687526236.907117	1687526236.818267	22.980261	-33.904948	-1.285429	0.235202	0.235218	0.211528	0.020409	-0.023387	-2.152508	0.222399	0.232865	0.217690	0.014531	0.005448	0.880137	0.474467	
 1687526237.212019	1687526237.120296	22.986892	-33.905454	-1.289885	0.233298	0.233312	0.210146	0.024514	-0.022930	-2.153030	0.226827	0.225950	0.216343	0.016227	0.004277	0.880253	0.474208	
 1687526237.617814	1687526237.525130	22.987282	-33.916606	-1.290137	0.290901	0.290841	0.241582	0.026785	-0.031588	-2.146929	0.267049	0.257589	0.249164	0.019302	0.007491	0.878771	0.476794	
 1687526237.923894	1687526237.828236	22.985417	-33.919941	-1.287460	0.236772	0.236729	0.212820	0.026435	-0.031909	-2.143765	0.238799	0.240649	0.219239	0.019237	0.007685	0.878015	0.478184	
 1687526238.230052	1687526238.230879	22.983109	-33.924503	-1.285816	0.237977	0.237945	0.213347	0.026213	-0.032661	-2.144541	0.239377	0.242652	0.219762	0.019317	0.008076	0.878198	0.477838	
 1687526238.633492	1687526238.633595	22.981965	-33.937551	-1.283168	0.285761	0.285731	0.239472	0.025385	-0.032109	-2.145668	0.268186	0.274291	0.247063	0.018816	0.008042	0.878471	0.477357	
 1687526238.939002	1687526238.936410	22.985916	-33.936589	-1.282313	0.240150	0.240123	0.214950	0.027506	-0.029385	-2.146729	0.240177	0.246666	0.221515	0.019095	0.006349	0.878729	0.476896	
 1687526239.243972	1687526239.239027	22.988451	-33.933088	-1.286147	0.238343	0.238306	0.213615	0.028562	-0.030119	-2.145353	0.243049	0.239021	0.220110	0.019738	0.006406	0.878396	0.477483	
 1687526239.550061	1687526239.541693	22.985340	-33.927501	-1.294872	0.234763	0.234716	0.211115	0.030457	-0.035061	-2.145326	0.240623	0.235699	0.217524	0.021750	0.008123	0.878367	0.477423	
 1687526239.953728	1687526239.943915	22.978316	-33.931732	-1.297978	0.292727	0.292680	0.242252	0.025717	-0.034246	-2.144804	0.278350	0.279291	0.249965	0.019476	0.008893	0.878255	0.477713	
 1687526240.257208	1687526240.245701	22.979113	-33.926401	-1.297137	0.239288	0.239259	0.214431	0.022351	-0.029879	-2.149314	0.236896	0.245441	0.220922	0.016938	0.007818	0.879353	0.475804	
 1687526240.667724	1687526240.648387	22.982719	-33.932720	-1.299395	0.292090	0.292067	0.242636	0.022614	-0.032509	-2.147337	0.262531	0.269119	0.250313	0.017688	0.008894	0.878871	0.476648	
 1687526240.970855	1687526240.950861	22.985201	-33.932393	-1.303177	0.241139	0.241111	0.215509	0.024026	-0.035127	-2.142245	0.233585	0.244231	0.222037	0.018957	0.009659	0.877641	0.478845	
 1687526241.282879	1687526241.252623	22.984558	-33.932173	-1.303301	0.237659	0.237623	0.212944	0.025414	-0.036009	-2.140600	0.232615	0.245800	0.219332	0.019785	0.009698	0.877241	0.479544	
 1687526241.589681	1687526241.555004	22.978769	-33.937446	-1.296736	0.240953	0.240916	0.215054	0.024831	-0.033165	-2.138294	0.236941	0.249633	0.221520	0.018857	0.008569	0.876701	0.480589	
 1687526241.900510	1687526241.856943	22.977719	-33.928036	-1.298802	0.237126	0.237079	0.212793	0.026277	-0.027579	-2.144286	0.234436	0.242526	0.219097	0.018131	0.005826	0.878155	0.477997	
 1687526242.207478	1687526242.159911	22.976310	-33.918367	-1.305313	0.241212	0.241168	0.215237	0.023569	-0.027544	-2.145431	0.239048	0.234153	0.221662	0.016930	0.006468	0.878434	0.477520	
 1687526242.511888	1687526242.461774	22.972765	-33.910329	-1.313767	0.236110	0.236077	0.211884	0.023167	-0.027900	-2.145444	0.230289	0.229764	0.218180	0.016838	0.006721	0.878437	0.477514	
 1687526242.817459	1687526242.764212	22.968752	-33.913898	-1.312314	0.235519	0.235498	0.211546	0.020349	-0.026437	-2.145648	0.228084	0.228288	0.217761	0.015251	0.006753	0.878495	0.477460	
 1687526243.120907	1687526243.066296	22.968738	-33.904546	-1.307727	0.234935	0.234921	0.211403	0.022173	-0.026942	-2.147564	0.225464	0.227697	0.217429	0.016166	0.006554	0.878948	0.476599	
 1687526243.527010	1687526243.470605	22.968834	-33.894260	-1.304801	0.290841	0.290811	0.241716	0.021745	-0.026919	-2.146383	0.259679	0.259871	0.249115	0.015977	0.006637	0.878667	0.477122	
 1687526243.834341	1687526243.774764	22.965172	-33.898343	-1.305657	0.239814	0.239788	0.214762	0.019612	-0.025481	-2.147370	0.229616	0.230105	0.221213	0.014694	0.006522	0.878910	0.476717	
 1687526244.140163	1687526244.076735	22.960146	-33.894342	-1.306381	0.237685	0.237645	0.213221	0.019748	-0.029932	-2.148202	0.226040	0.227336	0.219390	0.015811	0.008452	0.879091	0.476316	
 1687526244.545528	1687526244.479731	22.953019	-33.890972	-1.301400	0.293134	0.293099	0.242694	0.021722	-0.032230	-2.149599	0.257527	0.265770	0.250203	0.017219	0.009004	0.879412	0.475665	
 1687526244.849703	1687526244.781719	22.950996	-33.894539	-1.298566	0.238617	0.238597	0.214042	0.021989	-0.024037	-2.154161	0.229289	0.238203	0.220467	0.015376	0.005373	0.880524	0.473722	
 1687526245.156475	1687526245.084243	22.954145	-33.885080	-1.303683	0.235160	0.235142	0.211681	0.020395	-0.023758	-2.155819	0.227947	0.224749	0.217903	0.014603	0.005639	0.880920	0.473007	
 1687526245.462410	1687526245.385946	22.954391	-33.877476	-1.307724	0.239150	0.239114	0.213884	0.019862	-0.027564	-2.153283	0.228564	0.227041	0.220181	0.015278	0.007423	0.880308	0.474099	
 1687526245.767223	1687526245.687593	22.951609	-33.871063	-1.306638	0.236436	0.236400	0.212125	0.023432	-0.031081	-2.152844	0.225549	0.229375	0.218359	0.017685	0.008120	0.880185	0.474231	
 1687526246.173781	1687526246.104719	22.946115	-33.875655	-1.298782	0.290552	0.290504	0.241489	0.021042	-0.029902	-2.153544	0.261038	0.265905	0.248962	0.016351	0.008174	0.880359	0.473955	
 1687526246.582613	1687526246.506347	22.942213	-33.880854	-1.294816	0.289963	0.289906	0.242006	0.021273	-0.031607	-2.157377	0.259129	0.266369	0.249650	0.016839	0.008902	0.881258	0.472251	
 1687526246.890224	1687526246.808782	22.941780	-33.879700	-1.293400	0.237882	0.237845	0.213579	0.019623	-0.030457	-2.157873	0.229352	0.239162	0.219888	0.015839	0.008789	0.881382	0.472057	
 1687526247.193311	1687526247.111093	22.944249	-33.880435	-1.289370	0.239636	0.239607	0.214312	0.017257	-0.028375	-2.159347	0.228735	0.239340	0.220670	0.014298	0.008441	0.881740	0.471443	
 1687526247.600655	1687526247.513842	22.942663	-33.891465	-1.283697	0.292937	0.292868	0.242558	0.022809	-0.032990	-2.158325	0.256462	0.268637	0.250210	0.017838	0.009157	0.881474	0.471806	
 1687526247.903491	1687526247.815778	22.937684	-33.888286	-1.277379	0.239560	0.239509	0.214503	0.024342	-0.031090	-2.151793	0.233896	0.245873	0.220964	0.018091	0.007899	0.879935	0.474684	
 1687526248.210434	1687526248.118614	22.934601	-33.882309	-1.274190	0.235125	0.235078	0.211517	0.021970	-0.027058	-2.150266	0.232912	0.237554	0.217869	0.016096	0.006675	0.879591	0.475412	
 1687526248.514379	1687526248.420908	22.937433	-33.871775	-1.279096	0.239516	0.239469	0.214185	0.024826	-0.030058	-2.160783	0.232575	0.234026	0.220613	0.018026	0.007411	0.882062	0.470729	
 1687526248.920583	1687526248.823505	22.938500	-33.875934	-1.282930	0.290553	0.290476	0.241372	0.018883	-0.032172	-2.155966	0.265594	0.267505	0.248969	0.015927	0.009704	0.880924	0.472890	
 1687526249.227535	1687526249.228041	22.943101	-33.873729	-1.284460	0.235490	0.235446	0.211888	0.018169	-0.031648	-2.157607	0.225150	0.240370	0.218130	0.015480	0.009655	0.881314	0.472178	
 1687526249.532699	1687526249.530620	22.946490	-33.875398	-1.286015	0.237675	0.237645	0.213098	0.020574	-0.034229	-2.155558	0.226033	0.241698	0.219370	0.017160	0.010207	0.880817	0.473037	
 1687526249.838345	1687526249.832320	22.946810	-33.887421	-1.285310	0.234327	0.234288	0.210838	0.022725	-0.032848	-2.154406	0.226793	0.245353	0.217056	0.017785	0.009079	0.880549	0.473535	
 1687526250.142553	1687526250.134698	22.947667	-33.887457	-1.287489	0.234990	0.234929	0.211322	0.022315	-0.031772	-2.152205	0.231110	0.243571	0.217495	0.017360	0.008684	0.880033	0.474517	
 1687526250.549117	1687526250.539690	22.947362	-33.885454	-1.288648	0.289522	0.289413	0.240955	0.023091	-0.040824	-2.154714	0.263737	0.276629	0.248457	0.019833	0.012507	0.880578	0.473320	
 1687526250.953298	1687526250.942382	22.950280	-33.890745	-1.285140	0.290261	0.290202	0.241966	0.020911	-0.035632	-2.154730	0.265007	0.303485	0.249787	0.017644	0.010738	0.880613	0.473386	
 1687526251.256598	1687526251.244726	22.958324	-33.881025	-1.286486	0.238491	0.238445	0.214063	0.025319	-0.031347	-2.152850	0.231181	0.254138	0.220604	0.018578	0.007789	0.880183	0.474207	
 1687526251.660144	1687526251.648944	22.958099	-33.886834	-1.295065	0.294091	0.293893	0.243546	0.022675	-0.041295	-2.142939	0.270675	0.275119	0.251260	0.019836	0.012697	0.877774	0.478496	
 1687526251.964576	1687526251.950011	22.937669	-33.882803	-1.305207	0.237076	0.237001	0.212749	0.028142	-0.043979	-2.100884	0.230393	0.261500	0.219126	0.023136	0.012082	0.867501	0.496750	
 1687526252.268615	1687526252.254428	22.922819	-33.860862	-1.306156	0.236700	0.236590	0.212296	0.024212	-0.040644	-2.111946	0.236245	0.258207	0.218563	0.020539	0.011726	0.870257	0.492029	
 1687526252.675320	1687526252.657423	22.917162	-33.820009	-1.302584	0.292902	0.292796	0.242719	0.023329	-0.039201	-2.117649	0.262478	0.284722	0.250248	0.019768	0.011372	0.871665	0.489571	
 1687526252.982408	1687526252.958348	22.897226	-33.766878	-1.314292	0.237863	0.237707	0.213454	0.049958	-0.050430	-2.101950	0.229895	0.248145	0.219795	0.034190	0.009473	0.867674	0.495866	
 1687526253.287098	1687526253.261247	22.871878	-33.692586	-1.333612	0.238598	0.238479	0.213652	0.036508	-0.040964	-2.120539	0.267346	0.251257	0.220093	0.025928	0.008949	0.872342	0.488127	
 1687526253.691678	1687526253.663704	22.842998	-33.608893	-1.348573	0.287492	0.287290	0.240336	0.037384	-0.039169	-2.130032	0.277239	0.273269	0.247602	0.025834	0.008074	0.874653	0.483993	
 1687526253.995086	1687526253.965562	22.801553	-33.537493	-1.361362	0.238896	0.238859	0.214037	0.041473	-0.034926	-2.127102	0.252216	0.243753	0.220342	0.026602	0.005189	0.873941	0.485276	
 1687526254.299700	1687526254.271622	22.761804	-33.462251	-1.370060	0.236572	0.236561	0.212388	0.044386	-0.031148	-2.144083	0.263338	0.236277	0.218560	0.026933	0.003059	0.878021	0.477853	
 1687526254.703770	1687526254.674402	22.729648	-33.388801	-1.373681	0.291599	0.291506	0.241980	0.032416	-0.030408	-2.137794	0.312238	0.263797	0.249380	0.021520	0.005530	0.876573	0.480757	
 1687526255.008321	1687526254.976588	22.697971	-33.311488	-1.375060	0.238591	0.238528	0.213961	0.047627	-0.041798	-2.119123	0.251089	0.236600	0.220141	0.030984	0.006573	0.871947	0.488575	
 1687526255.314117	1687526255.279849	22.650054	-33.234134	-1.377304	0.238620	0.238579	0.213606	0.039703	-0.034068	-2.131194	0.283339	0.250131	0.219876	0.025610	0.005296	0.874942	0.483521	
 1687526255.719652	1687526255.682598	22.594044	-33.149270	-1.381278	0.293508	0.293456	0.242953	0.037100	-0.024964	-2.143718	0.305071	0.274065	0.250458	0.022258	0.002083	0.877983	0.478170	
 1687526256.023599	1687526255.985220	22.538225	-33.066874	-1.388758	0.233960	0.233970	0.210899	0.038906	-0.026009	-2.139647	0.261834	0.225379	0.217058	0.023305	0.002063	0.876997	0.479926	
 1687526256.327477	1687526256.287208	22.490077	-32.970620	-1.392429	0.234900	0.234914	0.211474	0.035421	-0.023585	-2.142873	0.267902	0.227274	0.217618	0.021192	0.001871	0.877791	0.478572	
 1687526256.732899	1687526256.689706	22.437523	-32.891211	-1.397323	0.293438	0.293386	0.242858	0.038269	-0.031532	-2.111919	0.300522	0.259044	0.250325	0.024413	0.004299	0.870254	0.491979	
 1687526257.037835	1687526256.991560	22.387477	-32.810800	-1.394135	0.237970	0.237965	0.213553	0.033218	-0.035521	-2.123142	0.271947	0.240023	0.219869	0.023155	0.007409	0.873008	0.487099	
 1687526257.347495	1687526257.294094	22.329880	-32.725423	-1.390838	0.236751	0.236741	0.212510	0.041048	-0.043034	-2.101629	0.254382	0.247682	0.218854	0.028494	0.008473	0.867664	0.496262	
 1687526257.657586	1687526257.596376	22.280165	-32.641695	-1.387692	0.240465	0.240484	0.214624	0.031233	-0.032699	-2.142516	0.279360	0.266623	0.221104	0.021536	0.006870	0.877702	0.478674	
 1687526257.961416	1687526257.898714	22.228456	-32.562087	-1.378543	0.238349	0.238349	0.213244	0.030647	-0.031074	-2.132929	0.252436	0.244929	0.219622	0.020920	0.006197	0.875404	0.482899	
 1687526258.264447	1687526258.201474	22.170155	-32.487999	-1.354062	0.237387	0.237405	0.212985	-0.002308	-0.036057	-2.118922	0.251189	0.241314	0.219298	0.007815	0.016286	0.871939	0.489280	
 1687526258.669647	1687526258.605524	22.111175	-32.405460	-1.351699	0.288028	0.288467	0.240848	0.051702	-0.022160	-2.150056	0.247181	0.290311	0.247914	0.028003	-0.002553	0.879392	0.475267	
 1687526258.972267	1687526258.909275	22.051954	-32.316552	-1.353754	0.240428	0.240365	0.214981	0.033884	-0.025918	-2.143020	0.318518	0.224399	0.221084	0.021076	0.003264	0.877830	0.478498	
 1687526259.376103	1687526259.312148	21.980378	-32.242098	-1.341784	0.290371	0.290403	0.242022	0.021858	-0.011152	-2.130854	0.292425	0.261531	0.249514	0.012262	-0.000412	0.874959	0.484041	
 1687526259.780463	1687526259.715317	21.923813	-32.165422	-1.344024	0.290328	0.290346	0.242478	0.029865	-0.018789	-2.161394	0.269335	0.247128	0.249890	0.017595	0.001259	0.882215	0.470517	
 1687526260.087785	1687526260.018485	21.865513	-32.104724	-1.342515	0.239190	0.239239	0.214404	0.032579	-0.019791	-2.126597	0.251692	0.223789	0.220548	0.019044	0.000731	0.873883	0.485763	
 1687526260.494043	1687526260.421687	21.818234	-32.046937	-1.335920	0.293992	0.293960	0.243369	0.022937	-0.019474	-2.144911	0.296991	0.255785	0.251044	0.014727	0.003071	0.878331	0.477817	
 1687526260.798160	1687526260.725220	21.773326	-31.993337	-1.329511	0.239478	0.239511	0.214362	0.029891	-0.028281	-2.130440	0.239050	0.226375	0.220441	0.019921	0.005132	0.874813	0.484024	
 1687526261.204949	1687526261.128053	21.720930	-31.926524	-1.316989	0.283647	0.283614	0.238437	0.022290	-0.036277	-2.127183	0.282424	0.266648	0.245967	0.018550	0.010441	0.874006	0.485449	
 1687526261.610955	1687526261.531411	21.677572	-31.862105	-1.302638	0.290319	0.290334	0.241867	0.019423	-0.036965	-2.124579	0.265452	0.292124	0.249634	0.017479	0.011415	0.873369	0.486611	
 1687526261.913950	1687526261.843492	21.639785	-31.809501	-1.290425	0.240156	0.240174	0.214704	0.020411	-0.044190	-2.121647	0.231263	0.263473	0.221378	0.019689	0.014301	0.872609	0.487812	
 1687526262.218985	1687526262.145604	21.605651	-31.755877	-1.279182	0.237527	0.237541	0.212785	0.018590	-0.039750	-2.128026	0.229171	0.278978	0.219368	0.017770	0.012865	0.874189	0.485089	
 1687526262.521996	1687526262.448277	21.575942	-31.705203	-1.266695	0.234632	0.234636	0.210802	0.015955	-0.036628	-2.131191	0.224598	0.261886	0.217286	0.015842	0.012164	0.874973	0.483759	
 1687526262.831347	1687526262.750928	21.547237	-31.653981	-1.252884	0.237576	0.237570	0.212567	0.012214	-0.040942	-2.143654	0.223406	0.256040	0.218914	0.015156	0.015052	0.877936	0.478302	
 1687526263.139131	1687526263.052906	21.524937	-31.609301	-1.239754	0.238711	0.238708	0.213443	0.012237	-0.036079	-2.155483	0.220872	0.271910	0.219972	0.013927	0.012994	0.880784	0.473136	
 1687526263.442138	1687526263.355568	21.507000	-31.568635	-1.229017	0.234536	0.234529	0.210834	0.014101	-0.028248	-2.161096	0.218430	0.254586	0.217274	0.012869	0.009140	0.882153	0.470698	
 1687526263.746753	1687526263.656299	21.487548	-31.526244	-1.216644	0.237005	0.236971	0.212470	0.011897	-0.029283	-2.157057	0.222289	0.238908	0.218918	0.012161	0.010091	0.881194	0.472490	
 1687526264.051690	1687526263.958419	21.467113	-31.490184	-1.204714	0.236662	0.236629	0.212344	0.013028	-0.029426	-2.169066	0.220259	0.241764	0.218785	0.012634	0.009963	0.884016	0.467181	
 1687526264.358975	1687526264.361104	21.448073	-31.446288	-1.194601	0.236665	0.236637	0.212402	0.013645	-0.026323	-2.178677	0.221217	0.242373	0.218839	0.012141	0.008506	0.886265	0.462942	
 1687526264.765152	1687526264.764212	21.435989	-31.422904	-1.189989	0.292004	0.291962	0.242221	0.009251	-0.020298	-2.172572	0.253049	0.268508	0.249966	0.008820	0.006826	0.884870	0.465704	
 1687526265.171689	1687526265.166605	21.426859	-31.392669	-1.187451	0.286601	0.286536	0.240540	0.005264	-0.029860	-2.179220	0.247908	0.256567	0.248321	0.009243	0.012016	0.886363	0.462743	
 1687526265.578474	1687526265.570035	21.421627	-31.369332	-1.187378	0.281884	0.281849	0.238286	0.013872	-0.032861	-2.168297	0.243488	0.273895	0.246013	0.013813	0.011279	0.883818	0.467491	
 1687526265.991283	1687526265.972306	21.428479	-31.362655	-1.182335	0.290971	0.290949	0.242476	0.001950	-0.028011	-2.195302	0.253151	0.285349	0.250467	0.007250	0.012022	0.890058	0.455631	
 1687526266.396473	1687526266.375000	21.429363	-31.355877	-1.184123	0.302895	0.302842	0.247585	0.007427	-0.034905	-2.193792	0.252826	0.280979	0.255857	0.011268	0.013834	0.889683	0.456230	
 1687526266.800238	1687526266.778274	21.435936	-31.367418	-1.187138	0.291522	0.291489	0.242934	0.003626	-0.033866	-2.197952	0.248755	0.290148	0.250997	0.009310	0.014258	0.890627	0.454415	
 1687526267.103364	1687526267.080588	21.435487	-31.372664	-1.198553	0.239137	0.239130	0.214102	0.011458	-0.030684	-2.183538	0.218506	0.251508	0.220771	0.012155	0.010974	0.887365	0.460776	
 1687526267.508819	1687526267.484246	21.445456	-31.392505	-1.205973	0.293157	0.293155	0.242879	0.008528	-0.026457	-2.184278	0.250311	0.269994	0.250637	0.009877	0.009777	0.887554	0.460493	
 1687526267.813429	1687526267.786649	21.454488	-31.398348	-1.210990	0.241105	0.241069	0.215118	0.011233	-0.026522	-2.187401	0.220466	0.234119	0.221557	0.011078	0.009201	0.888274	0.459088	
 1687526268.117396	1687526268.089281	21.470006	-31.415959	-1.209759	0.238581	0.238558	0.213625	0.009122	-0.021075	-2.185865	0.220164	0.233225	0.219783	0.008896	0.007259	0.887943	0.459810	
 1687526268.421089	1687526268.391326	21.484425	-31.437091	-1.211499	0.233940	0.233914	0.210525	0.004852	-0.019692	-2.182652	0.216342	0.223901	0.216571	0.006695	0.007617	0.887205	0.461264	
 1687526268.830084	1687526268.793717	21.494450	-31.447599	-1.220537	0.290438	0.290387	0.241302	0.016091	-0.017911	-2.176808	0.246453	0.255931	0.248837	0.011281	0.004201	0.885857	0.463802	
 1687526269.137094	1687526269.097013	21.508525	-31.475520	-1.227613	0.243986	0.243960	0.217188	0.014680	-0.018306	-2.178005	0.229292	0.227242	0.223613	0.010745	0.004710	0.886135	0.463278	
 1687526269.441430	1687526269.399334	21.524687	-31.504210	-1.228016	0.235053	0.235049	0.211302	0.010579	-0.018200	-2.177677	0.221769	0.221922	0.217469	0.008905	0.005612	0.886062	0.463446	
 1687526269.747568	1687526269.702466	21.540844	-31.530881	-1.227542	0.240714	0.240715	0.214965	0.014244	-0.018581	-2.179017	0.222117	0.226121	0.221321	0.010613	0.004938	0.886369	0.462831	
 1687526270.058373	1687526270.004141	21.553228	-31.552830	-1.232074	0.236965	0.236969	0.212618	0.017979	-0.020483	-2.178688	0.222322	0.223037	0.218813	0.012709	0.004914	0.886284	0.462942	
 1687526270.364467	1687526270.306302	21.559752	-31.556684	-1.237115	0.240068	0.240064	0.214559	0.021905	-0.024055	-2.179216	0.228470	0.227244	0.220728	0.015274	0.005592	0.886389	0.462655	
 1687526270.770187	1687526270.708172	21.567436	-31.574320	-1.237908	0.292280	0.292256	0.242160	0.026931	-0.023912	-2.183099	0.263512	0.261175	0.249691	0.017459	0.004399	0.887273	0.460894	
 1687526271.074341	1687526271.009584	21.576405	-31.576893	-1.235278	0.238232	0.238262	0.213813	0.022360	-0.022386	-2.178545	0.240420	0.229143	0.220071	0.015091	0.004742	0.886237	0.462961	
 1687526271.377332	1687526271.311199	21.589004	-31.599835	-1.237826	0.236602	0.236635	0.212767	0.020754	-0.024110	-2.176542	0.232862	0.227522	0.218813	0.014785	0.005863	0.885772	0.463848	
 1687526271.683676	1687526271.613120	21.599571	-31.625238	-1.241261	0.236078	0.236102	0.212015	0.023462	-0.029479	-2.174163	0.229638	0.229734	0.218151	0.017238	0.007592	0.885197	0.464835	
 1687526271.989203	1687526271.916303	21.609499	-31.649070	-1.243328	0.236899	0.236940	0.212488	0.026697	-0.027781	-2.173585	0.233473	0.238412	0.218726	0.018277	0.006083	0.885061	0.465076	
 1687526272.292371	1687526272.218075	21.617196	-31.669178	-1.240356	0.236982	0.237072	0.212646	0.027767	-0.026426	-2.171842	0.235128	0.230624	0.218810	0.018440	0.005218	0.884656	0.465850	
 1687526272.603018	1687526272.524325	21.623399	-31.672549	-1.235377	0.235037	0.235087	0.211497	0.027510	-0.023628	-2.166478	0.234846	0.226765	0.217465	0.017685	0.003993	0.883411	0.468248	
 1687526272.907083	1687526272.827515	21.628990	-31.688216	-1.234783	0.227256	0.227375	0.206712	0.029745	-0.019639	-2.164017	0.226924	0.216816	0.212114	0.017740	0.001685	0.882831	0.469352	
 1687526273.214127	1687526273.129246	21.632961	-31.702269	-1.234644	0.236897	0.236945	0.212723	0.031098	-0.017820	-2.160059	0.236126	0.219467	0.218534	0.017911	0.000529	0.881895	0.471105	
 1687526273.619424	1687526273.532221	21.632316	-31.704958	-1.230176	0.293021	0.293068	0.242538	0.031292	-0.015649	-2.156961	0.271358	0.248873	0.249818	0.017485	-0.000501	0.881164	0.472488	
 1687526273.922394	1687526273.834044	21.635412	-31.723529	-1.221156	0.237874	0.237943	0.213796	0.027775	-0.011452	-2.152225	0.241095	0.218210	0.219864	0.014940	-0.001554	0.880057	0.474630	
 1687526274.225614	1687526274.136962	21.642629	-31.741060	-1.213125	0.234246	0.234312	0.211137	0.024572	-0.007815	-2.150435	0.232472	0.213964	0.217198	0.012666	-0.002405	0.879643	0.475459	
 1687526274.529203	1687526274.439035	21.648571	-31.756133	-1.208453	0.235706	0.235770	0.211914	0.030413	-0.009108	-2.151213	0.229681	0.213853	0.217943	0.015543	-0.003220	0.879801	0.475078	
 1687526274.933729	1687526274.842547	21.649410	-31.751641	-1.200180	0.292101	0.292188	0.242253	0.034017	-0.006150	-2.152258	0.272038	0.244735	0.249556	0.016429	-0.005368	0.880020	0.474622	
 1687526275.244013	1687526275.244123	21.651303	-31.759403	-1.194489	0.235097	0.235187	0.212124	0.032032	-0.006808	-2.153114	0.244380	0.213433	0.217980	0.015713	-0.004601	0.880238	0.474251	
 1687526275.551636	1687526275.546059	21.651468	-31.764777	-1.194845	0.242569	0.242636	0.216491	0.034158	-0.004846	-2.154018	0.246560	0.218258	0.222616	0.016186	-0.005961	0.880433	0.473857	
 1687526275.857975	1687526275.848055	21.648648	-31.759478	-1.192733	0.238538	0.238608	0.213679	0.032160	-0.005582	-2.152594	0.249520	0.215238	0.219778	0.015477	-0.005175	0.880110	0.474489	
 1687526276.161963	1687526276.150281	21.647539	-31.772252	-1.184906	0.236943	0.237048	0.212693	0.023838	-0.008287	-2.151141	0.244591	0.214164	0.218662	0.012456	-0.002018	0.879815	0.475149	
 1687526276.469487	1687526276.451862	21.645530	-31.782626	-1.178633	0.235813	0.235908	0.211907	0.030469	-0.008547	-2.150740	0.230234	0.214038	0.217903	0.015434	-0.003483	0.879687	0.475290	
 1687526276.874165	1687526276.853289	21.640887	-31.768488	-1.172728	0.285546	0.285669	0.239461	0.035216	-0.006768	-2.151241	0.270093	0.241789	0.246607	0.017100	-0.005389	0.879772	0.475058	
 1687526277.179423	1687526277.155563	21.635458	-31.766917	-1.171494	0.240223	0.240303	0.215325	0.026553	-0.011303	-2.150737	0.253951	0.216788	0.221319	0.014366	-0.001340	0.879709	0.475293	
 1687526277.485860	1687526277.458365	21.630030	-31.767646	-1.173296	0.234840	0.234920	0.211311	0.030067	-0.010145	-2.151080	0.235397	0.214346	0.217169	0.015637	-0.002682	0.879772	0.475130	
 1687526277.789098	1687526277.761183	21.630240	-31.769600	-1.173845	0.238211	0.238293	0.213365	0.028917	-0.006204	-2.150218	0.244948	0.216026	0.219581	0.014193	-0.004149	0.879567	0.475545	
 1687526278.092881	1687526278.063676	21.632184	-31.758039	-1.172918	0.234152	0.234225	0.210784	0.024930	-0.006749	-2.153671	0.242399	0.212525	0.216869	0.012574	-0.002939	0.880408	0.474041	
 1687526278.397248	1687526278.364882	21.626551	-31.783434	-1.172791	0.234538	0.234612	0.211150	0.028918	-0.010855	-2.159118	0.235584	0.212884	0.217068	0.015309	-0.002035	0.881682	0.471592	
 1687526278.803338	1687526278.766625	21.615741	-31.809845	-1.169432	0.292789	0.292901	0.242393	0.036839	-0.009191	-2.153393	0.278157	0.245962	0.249756	0.018394	-0.004689	0.880277	0.474080	
 1687526279.107278	1687526279.069021	21.611042	-31.842254	-1.162356	0.228730	0.228772	0.207345	0.023086	0.004675	-2.155902	0.256227	0.209422	0.213424	0.009063	-0.007520	0.880916	0.473125	
 1687526279.410939	1687526279.371170	21.611093	-31.862249	-1.170175	0.236725	0.236796	0.212623	0.025038	0.000312	-2.155630	0.237800	0.216016	0.218961	0.010954	-0.006062	0.880856	0.473219	
 1687526279.818376	1687526279.774926	21.601307	-31.898554	-1.173278	0.290790	0.290892	0.241516	0.033505	-0.007869	-2.151432	0.273245	0.243857	0.249076	0.016609	-0.004497	0.879832	0.474974	
 1687526280.124816	1687526280.077363	21.597024	-31.917423	-1.169760	0.240756	0.240792	0.215356	0.032572	-0.000879	-2.150430	0.263075	0.217356	0.221774	0.014535	-0.007358	0.879579	0.475474	
 1687526280.531557	1687526280.480979	21.597100	-31.930213	-1.171000	0.287965	0.288043	0.240865	0.027536	-0.002596	-2.157766	0.295994	0.243235	0.248421	0.012748	-0.005359	0.881355	0.472252	
 1687526280.835336	1687526280.783771	21.592142	-31.953280	-1.180611	0.244729	0.244779	0.217799	0.031910	-0.003774	-2.155228	0.256379	0.219522	0.224506	0.014946	-0.005891	0.880731	0.473344	
 1687526281.139197	1687526281.086177	21.589118	-31.959677	-1.187747	0.235956	0.235980	0.212005	0.028676	-0.002573	-2.151285	0.257067	0.213543	0.218335	0.013227	-0.005681	0.879813	0.475102	
 1687526281.445431	1687526281.388126	21.586211	-31.963634	-1.192710	0.235011	0.235046	0.211165	0.027324	-0.004358	-2.151106	0.248062	0.212829	0.217405	0.013056	-0.004575	0.879783	0.475174	
 1687526281.751274	1687526281.690561	21.582970	-31.964648	-1.193911	0.238703	0.238740	0.213568	0.032967	-0.010856	-2.150873	0.248492	0.215252	0.219906	0.017081	-0.003060	0.879708	0.475198	
 1687526282.157261	1687526282.093763	21.576281	-31.974756	-1.193364	0.292476	0.292535	0.242324	0.033063	-0.008502	-2.142698	0.295506	0.246115	0.249954	0.016547	-0.004186	0.877753	0.478809	
 1687526282.460566	1687526282.395499	21.575705	-31.967945	-1.196895	0.238898	0.238900	0.214232	0.031928	-0.011541	-2.145335	0.263922	0.216522	0.220647	0.016780	-0.002558	0.878396	0.477633	
 1687526282.765867	1687526282.697686	21.574626	-31.963941	-1.202172	0.236467	0.236481	0.212318	0.031128	-0.015738	-2.142691	0.254872	0.215939	0.218668	0.017430	-0.000547	0.877771	0.478763	
 1687526283.073561	1687526283.001849	21.573309	-31.972991	-1.204114	0.235670	0.235681	0.211704	0.031610	-0.015758	-2.144315	0.249395	0.217755	0.217957	0.017647	-0.000639	0.878157	0.478047	
 1687526283.377758	1687526283.303391	21.577581	-31.961875	-1.205917	0.234870	0.234889	0.211323	0.033879	-0.011772	-2.143933	0.251858	0.217461	0.217336	0.017690	-0.002935	0.878050	0.478234	
 1687526283.684008	1687526283.606297	21.581244	-31.947386	-1.209430	0.239630	0.239648	0.214320	0.032493	-0.013170	-2.142435	0.259686	0.217806	0.220581	0.017414	-0.002003	0.877701	0.478888	
 1687526283.990200	1687526283.908839	21.581572	-31.932665	-1.215028	0.236754	0.236756	0.212523	0.031535	-0.019068	-2.143630	0.249814	0.216422	0.218781	0.018406	0.000826	0.877993	0.478318	
 1687526284.394342	1687526284.311402	21.575319	-31.934860	-1.219010	0.291080	0.291099	0.241663	0.028657	-0.020600	-2.143993	0.277456	0.249997	0.249057	0.017508	0.002190	0.878091	0.478168	
 1687526284.699338	1687526284.613017	21.574098	-31.921069	-1.219585	0.236310	0.236297	0.212680	0.030983	-0.014138	-2.148059	0.239961	0.221646	0.218636	0.016987	-0.001169	0.879053	0.476420	
 1687526285.007814	1687526284.914886	21.575398	-31.908475	-1.217201	0.237907	0.237922	0.213366	0.022886	-0.017273	-2.149701	0.245842	0.217671	0.219459	0.014173	0.002150	0.879476	0.475728	
 1687526285.315197	1687526285.317451	21.574405	-31.917294	-1.213136	0.239080	0.239095	0.214041	0.021885	-0.022227	-2.149138	0.232343	0.220780	0.220213	0.014913	0.004563	0.879336	0.475946	
 1687526285.719368	1687526285.720053	21.575373	-31.907616	-1.214252	0.290378	0.290419	0.241547	0.027199	-0.020867	-2.147335	0.261484	0.255222	0.248899	0.016927	0.002684	0.878894	0.476709	
 1687526286.023288	1687526286.021572	21.575302	-31.891596	-1.219287	0.239141	0.239150	0.214276	0.031939	-0.020278	-2.143407	0.239959	0.224112	0.220522	0.018872	0.001258	0.877938	0.478401	
 1687526286.329177	1687526286.325428	21.566289	-31.888567	-1.222357	0.231203	0.231187	0.208799	0.035675	-0.022197	-2.133266	0.241559	0.217110	0.214874	0.020977	0.001100	0.875481	0.482795	
 1687526286.635149	1687526286.627745	21.554427	-31.857602	-1.222063	0.239355	0.239288	0.214227	0.027536	-0.025693	-2.147747	0.256012	0.224013	0.220252	0.018225	0.004729	0.878982	0.476483	
 1687526287.042744	1687526287.031047	21.536242	-31.827070	-1.226414	0.291199	0.291262	0.241951	0.028256	-0.016613	-2.134507	0.266884	0.256118	0.249119	0.016381	0.000458	0.875818	0.482364	
 1687526287.349598	1687526287.333375	21.516949	-31.809267	-1.232714	0.240203	0.240204	0.215176	0.029250	-0.016952	-2.142340	0.239805	0.220398	0.221267	0.016896	0.000433	0.877696	0.478920	
 1687526287.755237	1687526287.737784	21.497529	-31.775387	-1.242262	0.293014	0.293185	0.243296	0.025226	-0.017975	-2.147685	0.269416	0.248528	0.250258	0.015371	0.001887	0.878987	0.476593	
 1687526288.158436	1687526288.141760	21.472288	-31.759305	-1.244794	0.292057	0.292060	0.242821	0.024976	-0.020615	-2.145350	0.265240	0.249938	0.249963	0.015894	0.003088	0.878428	0.477600	
 1687526288.464038	1687526288.445721	21.441845	-31.716309	-1.240211	0.241513	0.241557	0.216082	0.034604	-0.015351	-2.147612	0.237247	0.225021	0.221799	0.018866	-0.001503	0.878927	0.476580	
 1687526288.869158	1687526288.849805	21.413248	-31.674658	-1.238858	0.268661	0.268668	0.231440	0.026104	-0.002527	-2.163734	0.276243	0.236662	0.238019	0.012116	-0.005015	0.882768	0.469626	
 1687526289.174207	1687526289.151446	21.382064	-31.608460	-1.249554	0.241480	0.241491	0.215587	0.037141	0.001170	-2.163376	0.245412	0.216841	0.221322	0.016117	-0.009241	0.882595	0.469767	
 1687526289.480946	1687526289.453875	21.346497	-31.546141	-1.263656	0.233914	0.233927	0.210503	0.036772	0.003253	-2.162794	0.267450	0.213041	0.216233	0.015463	-0.010078	0.882451	0.470042	
 1687526289.884465	1687526289.856666	21.305622	-31.510287	-1.273706	0.287836	0.287853	0.240167	0.027938	0.005074	-2.169908	0.305241	0.244252	0.247308	0.011168	-0.008766	0.884176	0.466938	
 1687526290.193598	1687526290.158907	21.266360	-31.438087	-1.280899	0.234855	0.234928	0.211935	0.038499	0.005391	-2.177829	0.250199	0.215418	0.217185	0.015807	-0.011309	0.885933	0.463406	
 1687526290.501024	1687526290.460949	21.228673	-31.364289	-1.286277	0.239997	0.240062	0.214534	0.038883	0.008996	-2.168960	0.286633	0.219995	0.220310	0.015084	-0.013062	0.883844	0.467357	
 1687526290.904837	1687526290.863958	21.197131	-31.277468	-1.285872	0.294881	0.294934	0.243444	0.030685	0.010695	-2.167538	0.329318	0.253415	0.250964	0.011056	-0.011905	0.883573	0.468012	
 1687526291.208979	1687526291.166074	21.165420	-31.198593	-1.287095	0.237942	0.237976	0.213422	0.036577	0.005224	-2.160154	0.267051	0.223502	0.219725	0.014899	-0.010921	0.881821	0.471222	
 1687526291.513395	1687526291.467301	21.126544	-31.127705	-1.282690	0.237239	0.237295	0.212772	0.037619	0.010005	-2.142504	0.286130	0.218272	0.219145	0.014114	-0.013400	0.877590	0.479018	
 1687526291.919501	1687526291.870758	21.090478	-31.031298	-1.280384	0.285261	0.285350	0.239270	0.024188	0.015177	-2.165706	0.326844	0.250576	0.246742	0.007125	-0.012372	0.883166	0.468844	
 1687526292.324828	1687526292.272598	21.057320	-30.932114	-1.279282	0.294012	0.294114	0.243653	0.021605	0.012255	-2.150549	0.287961	0.261733	0.251363	0.006590	-0.010526	0.879621	0.475512	
 1687526292.731811	1687526292.674651	21.019422	-30.851334	-1.277072	0.297255	0.297322	0.245102	0.019942	0.007031	-2.149330	0.282833	0.258429	0.253080	0.007095	-0.007838	0.879365	0.476031	
 1687526293.037186	1687526292.977234	20.982475	-30.776506	-1.271193	0.239933	0.239974	0.214684	0.025953	0.008047	-2.156781	0.242005	0.220275	0.221312	0.009533	-0.009679	0.881092	0.472750	
 1687526293.343696	1687526293.279890	20.943394	-30.700552	-1.265488	0.238534	0.238551	0.213553	0.026062	-0.000118	-2.155620	0.255387	0.220580	0.220114	0.011507	-0.006115	0.880849	0.473218	
 1687526293.648177	1687526293.583387	20.896797	-30.629113	-1.270014	0.237441	0.237459	0.212702	0.034629	-0.004262	-2.141693	0.254119	0.214772	0.219204	0.016216	-0.006430	0.877491	0.479276	
 1687526293.952155	1687526293.886060	20.844154	-30.557543	-1.263441	0.237836	0.237829	0.212911	0.023388	0.000893	-2.137276	0.277678	0.214612	0.219433	0.010035	-0.006020	0.876483	0.481290	
 1687526294.257184	1687526294.188775	20.809943	-30.476129	-1.262001	0.234689	0.234690	0.210893	0.023549	-0.003332	-2.151746	0.243334	0.213085	0.217294	0.011153	-0.004127	0.879952	0.474913	
 1687526294.660865	1687526294.591485	20.768387	-30.394726	-1.258709	0.293422	0.293398	0.242488	0.018596	-0.015875	-2.123441	0.277417	0.244446	0.250206	0.011987	0.002399	0.873166	0.487270	
 1687526295.065327	1687526294.994471	20.716630	-30.305880	-1.246910	0.292439	0.292614	0.243047	0.045328	0.005925	-2.142896	0.264323	0.253797	0.250625	0.018477	-0.013452	0.877633	0.478787	
 1687526295.372360	1687526295.296432	20.659013	-30.222282	-1.230241	0.238634	0.238638	0.214055	0.028331	-0.001482	-2.143484	0.323386	0.220660	0.220573	0.012792	-0.006129	0.877952	0.478538	
 1687526295.778204	1687526295.700499	20.593336	-30.150983	-1.226176	0.295210	0.295207	0.244126	0.015264	0.000666	-2.132738	0.295002	0.246247	0.252075	0.006520	-0.003980	0.875425	0.483294	
 1687526296.083970	1687526296.003179	20.535638	-30.065662	-1.232161	0.238937	0.238966	0.213963	0.029746	-0.005419	-2.142394	0.229620	0.215793	0.220490	0.014353	-0.004747	0.877694	0.478984	
 1687526296.386858	1687526296.306016	20.476031	-29.992546	-1.232458	0.236348	0.236354	0.211825	0.028582	-0.014154	-2.120620	0.258944	0.213643	0.218257	0.015926	-0.000808	0.872445	0.488451	
 1687526296.791348	1687526296.709701	20.424443	-29.925521	-1.220384	0.293843	0.293805	0.242904	0.018277	-0.009317	-2.128570	0.289320	0.250410	0.250695	0.010251	-0.000360	0.874417	0.485067	
 1687526297.095361	1687526297.013019	20.380375	-29.843197	-1.210756	0.237523	0.237535	0.213300	0.023386	-0.032622	-2.140239	0.231001	0.216809	0.219588	0.018085	0.008696	0.877173	0.479755	
 1687526297.401814	1687526297.314893	20.316661	-29.756667	-1.218163	0.237577	0.237578	0.212867	0.042663	-0.029623	-2.111730	0.236011	0.248890	0.219312	0.025854	0.002384	0.870189	0.492034	
 1687526297.806594	1687526297.717346	20.263512	-29.644767	-1.217013	0.292706	0.292719	0.242328	0.018329	-0.022602	-2.141676	0.321592	0.267606	0.250075	0.013459	0.005524	0.877559	0.479248	
 1687526298.113996	1687526298.019323	20.211740	-29.555895	-1.200695	0.239173	0.239192	0.214093	0.026751	-0.031760	-2.129021	0.229884	0.231412	0.220509	0.019396	0.007401	0.874466	0.484642	
 1687526298.418316	1687526298.422299	20.171698	-29.461723	-1.184623	0.238407	0.238418	0.213610	0.013586	-0.044340	-2.159582	0.241043	0.243047	0.220114	0.016441	0.016347	0.881693	0.471253	
 1687526298.821718	1687526298.823924	20.098587	-29.366492	-1.184725	0.291093	0.291144	0.241575	0.034896	-0.034948	-2.091384	0.250102	0.310562	0.249171	0.023852	0.006372	0.865161	0.500887	
 1687526299.128875	1687526299.125748	20.045372	-29.278711	-1.177317	0.239479	0.239471	0.214218	0.016903	-0.039540	-2.140123	0.260434	0.247856	0.220654	0.016903	0.013285	0.877107	0.479813	
 1687526299.433676	1687526299.428155	19.983638	-29.192283	-1.176443	0.239239	0.239239	0.214163	0.045500	-0.027236	-2.113191	0.225393	0.263667	0.220566	0.026501	0.000666	0.870532	0.491397	
 1687526299.740041	1687526299.730118	19.918682	-29.116058	-1.183822	0.227276	0.227216	0.205974	0.050813	-0.028358	-2.106410	0.281484	0.222631	0.212109	0.029087	-0.000251	0.868824	0.494266	
 1687526300.044311	1687526300.031522	19.869431	-29.028913	-1.176988	0.238242	0.238185	0.213332	0.031429	-0.031435	-2.124339	0.307749	0.230653	0.219663	0.021376	0.006074	0.873318	0.486643	
 1687526300.348050	1687526300.334023	19.821700	-28.931129	-1.169654	0.236673	0.236616	0.212442	0.042278	-0.030959	-2.104297	0.247489	0.237840	0.218665	0.026027	0.002964	0.868354	0.495252	
 1687526300.652036	1687526300.637452	19.783163	-28.855475	-1.160037	0.235541	0.235517	0.211682	0.032173	-0.031015	-2.109596	0.277448	0.234815	0.217929	0.021640	0.005550	0.869707	0.493063	
 1687526301.060211	1687526301.040474	19.741795	-28.781731	-1.151760	0.287849	0.287814	0.240370	0.015456	-0.036116	-2.121611	0.283034	0.268611	0.247878	0.015558	0.011987	0.872649	0.487953	
 1687526301.372124	1687526301.342797	19.687006	-28.715604	-1.156422	0.241788	0.241835	0.215913	0.047788	-0.029973	-2.109579	0.226145	0.257119	0.222395	0.028171	0.001244	0.869627	0.492903	
 1687526301.675151	1687526301.644169	19.634249	-28.653104	-1.151621	0.241104	0.241067	0.215253	0.037531	-0.030806	-2.108366	0.290221	0.233261	0.221807	0.023920	0.004123	0.869383	0.493542	
 1687526302.080454	1687526302.047585	19.584369	-28.563937	-1.143126	0.291510	0.291476	0.242179	0.016799	-0.027807	-2.126587	0.293601	0.265369	0.249814	0.014096	0.008069	0.873902	0.485830	
 1687526302.492210	1687526302.450729	19.532520	-28.498374	-1.135034	0.295536	0.295607	0.244227	0.018602	-0.034063	-2.102956	0.257579	0.268820	0.251850	0.016525	0.010169	0.868073	0.496058	
 1687526302.895721	1687526302.852923	19.485741	-28.402252	-1.121709	0.293423	0.293511	0.243610	0.008887	-0.019368	-2.121670	0.258438	0.279162	0.251479	0.008605	0.006283	0.872735	0.488078	
 1687526303.200104	1687526303.154517	19.452330	-28.326080	-1.109843	0.238341	0.238358	0.214119	0.006924	-0.019667	-2.105064	0.219990	0.226154	0.220291	0.007878	0.006827	0.868650	0.495317	
 1687526303.503233	1687526303.455911	19.411689	-28.250158	-1.106000	0.235918	0.235924	0.212068	0.017373	-0.016998	-2.111995	0.217183	0.224603	0.218139	0.011745	0.003120	0.870364	0.492259	
 1687526303.807679	1687526303.758536	19.360746	-28.141838	-1.111066	0.239195	0.239195	0.213852	0.025238	-0.019409	-2.127423	0.227307	0.221986	0.220138	0.015743	0.002355	0.874113	0.485463	
 1687526304.111275	1687526304.060280	19.306345	-28.076680	-1.105219	0.235585	0.235620	0.211907	0.023239	-0.023690	-2.127035	0.236806	0.221276	0.217548	0.015909	0.004708	0.874016	0.485613	
 1687526304.417587	1687526304.364357	19.250541	-28.016217	-1.098451	0.235667	0.235692	0.211538	0.023593	-0.021710	-2.125724	0.232973	0.226814	0.217450	0.015585	0.003747	0.873701	0.486199	
 1687526304.721380	1687526304.665190	19.204396	-27.955190	-1.088584	0.237544	0.237587	0.213021	0.017773	-0.010569	-2.122888	0.235210	0.225594	0.219306	0.010335	0.000281	0.873037	0.487545	
 1687526305.126736	1687526305.067612	19.158545	-27.871791	-1.090452	0.290117	0.290166	0.241349	0.007294	-0.007575	-2.122134	0.258461	0.245668	0.248827	0.005032	0.001526	0.872871	0.487922	
 1687526305.431523	1687526305.369302	19.114664	-27.810116	-1.087887	0.238715	0.238745	0.214049	0.011861	-0.012382	-2.120610	0.219871	0.216836	0.220253	0.008199	0.002504	0.872490	0.488556	
 1687526305.735378	1687526305.671685	19.069595	-27.752394	-1.083331	0.235499	0.235534	0.211629	0.044215	0.003077	-2.096026	0.220365	0.216895	0.217745	0.018385	-0.012370	0.866203	0.499201	
 1687526306.038884	1687526305.973692	19.032774	-27.695175	-1.070303	0.234922	0.234893	0.211572	0.024355	0.002356	-2.100812	0.288959	0.215094	0.217683	0.009979	-0.007077	0.867553	0.497194	
 1687526306.343038	1687526306.276579	18.994057	-27.616305	-1.065473	0.235450	0.235406	0.212138	0.018785	-0.009387	-2.109057	0.238485	0.214365	0.218184	0.010485	-0.000555	0.869641	0.493572	
 1687526306.746225	1687526306.679732	18.936648	-27.571432	-1.085656	0.292671	0.292691	0.242296	0.028943	-0.010692	-2.100641	0.261209	0.245877	0.249811	0.015213	-0.002559	0.867518	0.497167	
 1687526307.052994	1687526306.981468	18.892401	-27.507424	-1.077879	0.234888	0.234899	0.211270	0.005863	0.002194	-2.131003	0.243809	0.214287	0.217677	0.002034	-0.002379	0.875026	0.484066	
 1687526307.356628	1687526307.283703	18.850165	-27.458721	-1.069652	0.240585	0.240616	0.215078	0.010737	-0.002049	-2.130523	0.220964	0.216826	0.221368	0.005193	-0.001703	0.874905	0.484263	
 1687526307.760633	1687526307.686679	18.805250	-27.414139	-1.065526	0.290109	0.290172	0.241457	0.019342	-0.001713	-2.132630	0.251422	0.243412	0.248992	0.008880	-0.003925	0.875388	0.483323	
 1687526308.065142	1687526307.991009	18.755466	-27.327645	-1.064841	0.237634	0.237660	0.213332	0.016621	-0.004498	-2.127129	0.230576	0.214963	0.219815	0.008357	-0.002071	0.874069	0.485725	
 1687526308.368467	1687526308.292335	18.715633	-27.262686	-1.074376	0.238232	0.238257	0.214023	0.021324	-0.006911	-2.113732	0.227610	0.215276	0.219818	0.010983	-0.002232	0.870782	0.491541	
 1687526308.776104	1687526308.697110	18.672445	-27.202055	-1.080863	0.289648	0.289658	0.241062	0.017506	-0.021117	-2.125890	0.264080	0.243597	0.248225	0.012782	0.004969	0.873754	0.486174	
 1687526309.083034	1687526308.998900	18.618410	-27.104387	-1.081318	0.242546	0.242593	0.216430	0.015173	-0.043191	-2.155381	0.229121	0.227628	0.222902	0.016902	0.015430	0.880714	0.473096	
 1687526309.393363	1687526309.301024	18.540704	-27.040260	-1.085728	0.238896	0.239005	0.214348	0.069218	-0.019856	-2.112860	0.222466	0.262542	0.220084	0.035005	-0.008385	0.870210	0.491365	
 1687526309.806805	1687526309.725333	18.494402	-26.967339	-1.080272	0.296171	0.296248	0.244345	0.030165	-0.024691	-2.104346	0.407475	0.248997	0.251293	0.019216	0.003245	0.868430	0.495429	
 1687526310.111251	1687526310.027705	18.432679	-26.876790	-1.077405	0.243300	0.243312	0.217267	0.046804	-0.008233	-2.076125	0.246485	0.229249	0.223431	0.022247	-0.008340	0.861227	0.507664	
 1687526310.414950	1687526310.330377	18.396346	-26.793269	-1.077007	0.237839	0.237972	0.213733	0.038625	-0.013701	-2.079658	0.272867	0.214944	0.219528	0.020120	-0.003872	0.862204	0.506147	
 1687526310.819422	1687526310.733267	18.338375	-26.685920	-1.080159	0.292595	0.292476	0.242715	0.038075	-0.023004	-2.088495	0.284081	0.245594	0.249676	0.022236	0.000376	0.864443	0.502239	
 1687526311.223214	1687526311.136089	18.277599	-26.605138	-1.075690	0.294399	0.294467	0.243763	0.030036	-0.022749	-2.100656	0.284662	0.251879	0.251235	0.018684	0.002399	0.867517	0.497050	
 1687526311.526935	1687526311.452759	18.224558	-26.518408	-1.065309	0.236623	0.236684	0.212628	0.033949	-0.021791	-2.113478	0.236254	0.220204	0.218949	0.020136	0.001140	0.870670	0.491453	
 1687526311.932875	1687526311.854399	18.166936	-26.418313	-1.058225	0.285482	0.285538	0.239735	0.034521	-0.027912	-2.098881	0.269747	0.246373	0.246905	0.021915	0.003504	0.867051	0.497725	
 1687526312.237837	1687526312.155296	18.100539	-26.343058	-1.061010	0.240331	0.240410	0.214601	0.049799	-0.031675	-2.092451	0.241976	0.224273	0.220710	0.029476	0.001235	0.865360	0.500282	
 1687526312.641837	1687526312.558574	18.045675	-26.241746	-1.043271	0.293783	0.293875	0.243394	0.023509	-0.023579	-2.120541	0.290064	0.252504	0.250445	0.016015	0.004542	0.872435	0.488447	
 1687526313.052084	1687526312.963033	17.995380	-26.147919	-1.035158	0.294719	0.294773	0.244713	0.025998	-0.032961	-2.105823	0.260717	0.252011	0.251549	0.019450	0.007883	0.868783	0.494748	
 1687526313.358883	1687526313.364612	17.903555	-26.026158	-1.045665	0.241491	0.241509	0.215963	0.032614	-0.030516	-2.126354	0.231530	0.228537	0.222030	0.021664	0.005406	0.873807	0.485759	
 1687526313.763328	1687526313.767452	17.815352	-25.940973	-1.044431	0.297574	0.297618	0.244572	0.028417	-0.040682	-2.113454	0.268226	0.254948	0.251700	0.022369	0.010724	0.870625	0.491322	
 1687526314.168590	1687526314.169711	17.749480	-25.838787	-1.020221	0.292360	0.292889	0.245118	0.030499	-0.021991	-2.126413	0.260586	0.260291	0.250033	0.018669	0.002196	0.873846	0.485840	
 1687526314.572201	1687526314.572392	17.685879	-25.690102	-1.014643	0.294187	0.293946	0.244760	0.034447	-0.044295	-2.109688	0.268879	0.250360	0.250801	0.025901	0.010765	0.869669	0.492838	
 1687526314.983153	1687526314.976209	17.609039	-25.578985	-1.010414	0.296839	0.296792	0.245032	0.025040	-0.042885	-2.102164	0.275805	0.275984	0.251932	0.021511	0.012392	0.867827	0.496246	
 1687526315.286841	1687526315.279506	17.537999	-25.467985	-1.004988	0.237261	0.237270	0.212918	0.040451	-0.036816	-2.123202	0.230588	0.244747	0.218694	0.026626	0.006212	0.872992	0.486967	
 1687526315.689219	1687526315.683733	17.446374	-25.309543	-1.010900	0.295695	0.295659	0.244108	0.033902	-0.035315	-2.114469	0.294093	0.267728	0.251224	0.023434	0.007050	0.870886	0.490875	
 1687526316.094296	1687526316.087785	17.360293	-25.161602	-1.016673	0.294393	0.294361	0.243799	0.029923	-0.045208	-2.097541	0.283139	0.269428	0.251014	0.024234	0.012132	0.866661	0.498161	
 1687526316.501238	1687526316.490953	17.276449	-25.058420	-1.019245	0.298354	0.298355	0.245303	0.048393	-0.032104	-2.063143	0.275374	0.291602	0.252647	0.028998	0.001349	0.857945	0.512921	
 1687526316.904544	1687526316.893859	17.196872	-24.915429	-0.998856	0.296763	0.296745	0.245082	0.003019	-0.051745	-2.127897	0.311480	0.258848	0.252152	0.013877	0.021885	0.874004	0.485227	
 1687526317.316303	1687526317.294986	17.113494	-24.767708	-0.981439	0.297919	0.298091	0.246002	0.054174	-0.038857	-2.085272	0.254169	0.309179	0.252957	0.033176	0.003128	0.863521	0.503211	
 1687526317.722518	1687526317.698475	17.051843	-24.661914	-0.980084	0.298212	0.298114	0.245801	0.024156	-0.039463	-2.092163	0.337126	0.269022	0.252795	0.020334	0.011025	0.865355	0.500626	
 1687526318.129427	1687526318.102049	16.967270	-24.518739	-0.973010	0.294262	0.294221	0.243911	0.028862	-0.043076	-2.109130	0.264422	0.277399	0.250992	0.023176	0.011607	0.869547	0.493170	
 1687526318.536430	1687526318.504431	16.874830	-24.423584	-0.972804	0.297060	0.297074	0.244819	0.059404	-0.040691	-2.082230	0.274766	0.290379	0.252006	0.035897	0.002547	0.862714	0.504410	
 1687526318.945991	1687526318.907456	16.793264	-24.299738	-0.954517	0.295331	0.295362	0.244366	-0.012406	-0.027188	-2.148620	0.374497	0.275143	0.251668	0.001022	0.014906	0.879123	0.476360	
 1687526319.351916	1687526319.310400	16.725672	-24.188113	-0.936845	0.289812	0.290212	0.242568	-0.004943	-0.013768	-2.124642	0.261388	0.274706	0.249401	0.001193	0.007216	0.873456	0.486848	
 1687526319.756120	1687526319.715029	16.675738	-24.107674	-0.930574	0.293444	0.293434	0.243771	0.021537	-0.036788	-2.156557	0.252851	0.253973	0.250933	0.018183	0.011115	0.881039	0.472564	
 1687526320.162489	1687526320.118226	16.587542	-24.007649	-0.943562	0.297817	0.297811	0.245238	0.038997	-0.025047	-2.128485	0.267244	0.293538	0.252714	0.023122	0.001490	0.874305	0.484823	
 1687526320.565913	1687526320.522495	16.505656	-23.912638	-0.942533	0.287881	0.287869	0.241161	0.011413	-0.012897	-2.116766	0.319593	0.258916	0.248514	0.008135	0.002822	0.871550	0.490232	
 1687526320.968996	1687526320.927414	16.452038	-23.834676	-0.952466	0.297716	0.297729	0.245304	0.032447	-0.019940	-2.176807	0.257820	0.253250	0.252685	0.018995	0.001305	0.885802	0.463673	
 1687526321.372860	1687526321.330632	16.410976	-23.741933	-0.923193	0.297177	0.297210	0.245232	-0.025923	-0.008602	-2.248736	0.304931	0.258222	0.252930	-0.009834	0.009475	0.901887	0.431757	
 1687526321.779386	1687526321.734367	16.357904	-23.704615	-0.912048	0.296929	0.297318	0.245602	0.017518	-0.020874	-2.221851	0.295040	0.254815	0.252895	0.012480	0.005465	0.896067	0.443709	
 1687526322.182536	1687526322.136810	16.288438	-23.645202	-0.907611	0.298373	0.298462	0.245744	0.006983	-0.007924	-2.244996	0.265246	0.264663	0.253418	0.004864	0.002057	0.901179	0.433414	
 1687526322.588801	1687526322.539953	16.247132	-23.593826	-0.907857	0.292654	0.292710	0.243198	-0.018209	0.002646	-2.250727	0.251395	0.247624	0.250834	-0.008786	0.002729	0.902391	0.430819	
 1687526323.000504	1687526322.943433	16.203555	-23.568585	-0.918708	0.295573	0.295673	0.244117	-0.001924	-0.008300	-2.286611	0.269864	0.245880	0.251790	0.000845	0.004175	0.909999	0.414589	
 1687526323.309268	1687526323.245534	16.189152	-23.544608	-0.899822	0.247984	0.248014	0.219488	-0.051645	-0.000638	-2.382945	0.225062	0.224697	0.226102	-0.023866	0.009857	0.928602	0.370177	
 1687526323.714166	1687526323.648859	16.126528	-23.523901	-0.916585	0.292498	0.292707	0.242860	0.032853	0.006134	-2.336787	0.388113	0.247036	0.250187	0.013913	-0.009255	0.919974	0.391622	
 1687526324.123662	1687526324.051809	16.086045	-23.507315	-0.902078	0.297693	0.297913	0.245392	-0.009938	0.011574	-2.386102	0.309034	0.251334	0.252620	-0.006753	-0.003546	0.929482	0.368788	
 1687526324.427876	1687526324.353430	16.071668	-23.479784	-0.896932	0.239916	0.240015	0.214898	-0.001061	-0.006434	-2.452134	0.221830	0.220425	0.221246	0.000588	0.003207	0.941161	0.337942	
 1687526324.834851	1687526324.756496	16.027044	-23.461505	-0.910163	0.291732	0.291833	0.242158	0.012138	-0.012502	-2.476663	0.246300	0.245488	0.249482	0.007777	0.003928	0.945217	0.326326	
 1687526325.138394	1687526325.059637	16.003981	-23.450256	-0.905326	0.246702	0.246773	0.218693	-0.013831	-0.011946	-2.528639	0.226354	0.225261	0.224914	-0.004791	0.007781	0.953350	0.301728	
 1687526325.542805	1687526325.463462	15.975593	-23.434703	-0.908451	0.292987	0.293039	0.242570	0.005704	-0.011438	-2.575576	0.254741	0.252064	0.249876	0.004336	0.004695	0.960205	0.279224	
 1687526325.946106	1687526325.867009	15.932312	-23.412129	-0.906571	0.293009	0.293070	0.242928	-0.000126	-0.015179	-2.570015	0.246820	0.249867	0.250414	0.002079	0.007299	0.959412	0.281907	
 1687526326.352627	1687526326.277836	15.895995	-23.368538	-0.896155	0.294980	0.295008	0.244090	0.003552	-0.013267	-2.607456	0.247117	0.256438	0.251678	0.003463	0.005929	0.964529	0.263887	
 1687526326.757022	1687526326.682595	15.881139	-23.338077	-0.887970	0.293139	0.293163	0.243778	-0.000491	-0.012308	-2.667441	0.246691	0.253217	0.251256	0.001207	0.006039	0.972010	0.234858	
 1687526327.167791	1687526327.085104	15.838777	-23.314109	-0.896232	0.282558	0.282571	0.238373	0.013007	-0.019606	-2.681989	0.240583	0.246030	0.245494	0.008565	0.008064	0.973659	0.227707	
 1687526327.573267	1687526327.488069	15.799206	-23.297550	-0.889318	0.292780	0.292771	0.243049	0.003887	-0.008254	-2.671535	0.251084	0.260767	0.250469	0.002851	0.003561	0.972499	0.232861	
 1687526327.980643	1687526327.891901	15.779439	-23.293361	-0.893458	0.298822	0.298824	0.245928	0.015182	-0.002074	-2.657687	0.248758	0.251147	0.253508	0.007618	-0.000812	0.970845	0.239584	
 1687526328.385447	1687526328.293424	15.750771	-23.264569	-0.889546	0.298418	0.298416	0.245487	0.006461	-0.000038	-2.685264	0.257635	0.247529	0.253002	0.003151	-0.000712	0.974078	0.226188	
 1687526328.791030	1687526328.696388	15.744607	-23.263386	-0.879522	0.298684	0.298649	0.245686	0.000132	-0.008883	-2.743159	0.249792	0.247632	0.253336	0.000944	0.004341	0.980212	0.197899	
 1687526329.199870	1687526329.199858	15.729964	-23.259043	-0.869520	0.292540	0.292539	0.242688	0.006097	0.001968	-2.762702	0.244557	0.248678	0.249932	0.002809	-0.001540	0.982103	0.188316	
 1687526329.603777	1687526329.603359	15.722370	-23.260371	-0.870541	0.296138	0.296158	0.244517	0.002495	0.017871	-2.749371	0.248244	0.246689	0.252256	-0.000518	-0.009007	0.980790	0.194859	
 1687526330.010756	1687526330.006365	15.720102	-23.274902	-0.877242	0.298648	0.298572	0.245351	0.011744	0.008410	-2.753388	0.247566	0.263003	0.252913	0.004951	-0.005259	0.981191	0.192905	
 1687526330.417356	1687526330.410207	15.704367	-23.285178	-0.862592	0.298955	0.299016	0.245851	-0.033814	0.018800	-2.801919	0.254219	0.251054	0.253452	-0.018251	-0.006406	0.985455	0.168833	
 1687526330.824444	1687526330.813694	15.704570	-23.291692	-0.865868	0.290744	0.290776	0.242877	-0.008939	0.016081	-2.841546	0.295435	0.260019	0.250340	-0.005621	-0.007282	0.988731	0.149419	
 1687526331.227987	1687526331.215604	15.716761	-23.315904	-0.889035	0.301610	0.301602	0.246911	0.009758	0.007174	-2.860664	0.252392	0.258604	0.254423	0.004329	-0.004235	0.990131	0.140017	
 1687526331.632160	1687526331.619385	15.710375	-23.316294	-0.880241	0.298241	0.298386	0.245624	-0.028518	0.026567	-2.911420	0.250700	0.248469	0.252860	-0.015688	-0.011557	0.993218	0.114622	
 1687526332.040600	1687526332.022954	15.712183	-23.317725	-0.885762	0.295405	0.295482	0.244769	-0.002819	0.019201	-2.950073	0.277171	0.266709	0.251781	-0.002321	-0.009421	0.995373	0.095595	
 1687526332.444794	1687526332.426809	15.699469	-23.327877	-0.892654	0.302018	0.302057	0.247045	-0.004661	0.012604	-2.986359	0.249667	0.258359	0.254261	-0.002812	-0.006102	0.996968	0.077522	
 1687526332.851938	1687526332.829881	15.683970	-23.338276	-0.888320	0.299303	0.299310	0.245724	0.003800	0.010407	-3.014341	0.248937	0.252090	0.253146	0.001565	-0.005314	0.997961	0.063592	
 1687526333.257941	1687526333.233335	15.679086	-23.352137	-0.880389	0.299956	0.299908	0.246482	0.004570	0.026774	-3.031571	0.249218	0.251308	0.253905	0.001546	-0.013492	0.998394	0.055009	
 1687526333.661752	1687526333.636525	15.666026	-23.336928	-0.878582	0.297510	0.297506	0.245663	-0.010394	0.010187	-3.076086	0.248519	0.264514	0.253042	-0.005361	-0.004921	0.999438	0.032720	
 1687526334.070814	1687526334.039023	15.644254	-23.317389	-0.892367	0.286486	0.286456	0.240285	0.018696	-0.009994	3.119653	0.246873	0.244534	0.247265	0.009293	0.005099	0.999883	-0.011015	
 1687526334.374872	1687526334.341783	15.629305	-23.334817	-0.891973	0.243145	0.243144	0.216325	0.007044	-0.001705	3.108465	0.233039	0.219945	0.222254	0.003508	0.000911	0.999856	-0.016566	
 1687526334.780293	1687526334.744157	15.618128	-23.339015	-0.885320	0.291327	0.291279	0.242022	-0.030671	-0.000786	3.092904	0.246547	0.243998	0.249247	-0.015340	0.000020	0.999586	-0.024333	
 1687526335.186124	1687526335.147918	15.585157	-23.338008	-0.897615	0.293700	0.293782	0.243269	0.018831	0.003586	3.056719	0.291816	0.244941	0.250500	0.009483	-0.001392	0.999055	-0.042405	
 1687526335.498336	1687526335.450140	15.558685	-23.343716	-0.895198	0.240917	0.240951	0.215130	0.007985	0.006154	3.045260	0.234020	0.216888	0.221208	0.004136	-0.002881	0.998828	-0.048135	
 1687526335.903958	1687526335.853257	15.531778	-23.342752	-0.890397	0.295483	0.295493	0.243884	-0.025177	-0.007353	2.993198	0.250169	0.246843	0.251274	-0.012826	0.002733	0.997166	-0.074077	
 1687526336.210331	1687526336.155434	15.508726	-23.331750	-0.892983	0.242351	0.242358	0.216374	-0.019947	0.001103	2.946106	0.254892	0.219982	0.222635	-0.009872	-0.001522	0.995177	-0.097588	
 1687526336.616511	1687526336.558923	15.469109	-23.333753	-0.915318	0.294672	0.294703	0.243417	0.006370	0.004043	2.946929	0.275539	0.245258	0.250824	0.003366	-0.001702	0.995261	-0.097171	
 1687526337.019696	1687526336.962734	15.429881	-23.333819	-0.916539	0.296730	0.296800	0.244877	-0.032049	-0.003309	2.902558	0.253116	0.247516	0.252518	-0.016107	-0.000268	0.992741	-0.119191	
 1687526337.425610	1687526337.365590	15.383722	-23.335398	-0.927622	0.296902	0.296948	0.244958	0.006117	-0.013946	2.865351	0.328624	0.248511	0.252563	0.002069	0.007327	0.990445	-0.137699	
 1687526337.832258	1687526337.767583	15.346114	-23.350247	-0.918196	0.299313	0.299352	0.245767	-0.006608	-0.009108	2.864802	0.254880	0.253265	0.253465	-0.003901	0.004055	0.990425	-0.137937	
 1687526338.242295	1687526338.170403	15.309330	-23.342370	-0.898009	0.297533	0.297581	0.245646	-0.046600	-0.008879	2.764093	0.257823	0.251288	0.253492	-0.023716	-0.000012	0.981983	-0.187477	
 1687526338.653697	1687526338.573495	15.254249	-23.338266	-0.911997	0.300475	0.300553	0.247093	-0.020583	-0.015444	2.732695	0.413889	0.259814	0.254764	-0.011644	0.005471	0.979108	-0.202933	
 1687526339.063009	1687526338.975913	15.208880	-23.350259	-0.925279	0.300612	0.300640	0.246344	-0.009079	0.000835	2.755873	0.295383	0.262903	0.254164	-0.004375	-0.001280	0.981450	-0.191666	
 1687526339.469279	1687526339.378766	15.169341	-23.350575	-0.925442	0.302978	0.303037	0.247599	-0.035971	-0.007048	2.661538	0.264515	0.249532	0.255539	-0.018306	-0.000853	0.971183	-0.237628	
 1687526339.875784	1687526339.782140	15.129896	-23.366806	-0.935035	0.294302	0.294303	0.243881	-0.012768	-0.006215	2.669555	0.339123	0.253536	0.251551	-0.006934	0.001528	0.972257	-0.233808	
 1687526340.285721	1687526340.285242	15.097085	-23.392519	-0.932336	0.300129	0.300244	0.246213	-0.036960	0.002400	2.608615	0.271161	0.251159	0.253957	-0.017511	-0.006024	0.964530	-0.263322	
 1687526340.691118	1687526340.688239	15.037741	-23.394553	-0.924163	0.300660	0.300633	0.246679	-0.035211	0.003240	2.575168	0.341189	0.249892	0.254518	-0.016451	-0.006475	0.960005	-0.279425	
 1687526341.096503	1687526341.092008	14.990959	-23.408852	-0.925958	0.293331	0.293293	0.243442	-0.017439	-0.009538	2.590678	0.329964	0.246215	0.251109	-0.009688	0.002218	0.962265	-0.271934	
 1687526341.400132	1687526341.394280	14.970811	-23.452026	-0.934748	0.241774	0.241800	0.215687	-0.010486	0.002768	2.628746	0.247443	0.224321	0.222201	-0.004720	-0.002668	0.967287	-0.253626	
 1687526341.808373	1687526341.796604	14.907409	-23.467149	-0.946172	0.295188	0.295223	0.243633	-0.011339	-0.000368	2.552254	0.260555	0.245588	0.251282	-0.005478	-0.001471	0.956883	-0.290418	
 1687526342.212759	1687526342.199509	14.855760	-23.510481	-0.950190	0.298146	0.298125	0.245063	-0.015688	-0.008295	2.588720	0.264296	0.247191	0.252752	-0.008678	0.001849	0.962005	-0.272887	
 1687526342.618372	1687526342.602624	14.783136	-23.543701	-0.946699	0.297821	0.297863	0.245374	-0.015666	-0.034350	2.516912	0.271502	0.252041	0.252937	-0.012730	0.013936	0.951489	-0.307104	
 1687526343.022752	1687526343.005362	14.733963	-23.623387	-0.939943	0.291739	0.291646	0.242486	-0.026749	-0.006972	2.615937	0.276323	0.296778	0.249833	-0.013821	-0.000109	0.965579	-0.259742	
 1687526343.426278	1687526343.408087	14.654732	-23.648181	-0.924381	0.291607	0.291489	0.243250	-0.038137	-0.024910	2.512046	0.290127	0.249673	0.250470	-0.021985	0.005938	0.950694	-0.309295	
 1687526343.830228	1687526343.809437	14.575333	-23.692827	-0.946335	0.298037	0.297920	0.245876	-0.013590	-0.010986	2.607159	0.337460	0.285332	0.253104	-0.008004	0.003504	0.964483	-0.264002	
 1687526344.237183	1687526344.212462	14.479297	-23.745759	-0.961862	0.298293	0.298259	0.245027	-0.011389	-0.012808	2.569749	0.266766	0.253438	0.252182	-0.007269	0.004538	0.959377	-0.281996	
 1687526344.641958	1687526344.616046	14.400899	-23.787429	-0.948827	0.298398	0.298467	0.246623	-0.028331	-0.005598	2.607976	0.262889	0.254423	0.253189	-0.014402	-0.001035	0.964527	-0.263588	
 1687526345.045350	1687526345.018959	14.325555	-23.829026	-0.954187	0.289064	0.289142	0.242270	-0.014205	-0.008926	2.584008	0.287675	0.247142	0.248912	-0.008056	0.002336	0.961363	-0.275155	
 1687526345.460722	1687526345.421766	14.250975	-23.879444	-0.960931	0.303566	0.303688	0.248142	-0.011885	-0.012129	2.606854	0.266681	0.253311	0.254805	-0.007333	0.004279	0.964444	-0.264151	
 1687526345.864012	1687526345.826260	14.167392	-23.923802	-0.956313	0.300744	0.300835	0.246604	-0.011883	-0.010417	2.594268	0.263449	0.254673	0.253813	-0.007128	0.003409	0.962766	-0.270221	
 1687526346.267472	1687526346.230232	14.103216	-23.961173	-0.949685	0.291605	0.291681	0.243171	-0.009313	-0.014985	2.599039	0.259164	0.249415	0.250078	-0.006494	0.005971	0.963401	-0.267918	
 1687526346.671595	1687526346.634746	14.034183	-23.998521	-0.948282	0.293007	0.293194	0.243821	-0.016224	-0.026091	2.552374	0.257027	0.252671	0.250483	-0.011550	0.010127	0.956833	-0.290231	
 1687526347.079373	1687526347.039142	13.963643	-24.038292	-0.949829	0.290246	0.290355	0.242006	-0.046353	-0.014357	2.488964	0.266473	0.268796	0.248972	-0.024251	-0.000630	0.947005	-0.320302	
 1687526347.487789	1687526347.442578	13.910692	-24.083276	-0.949854	0.299637	0.299676	0.245725	-0.026077	-0.006272	2.477055	0.354782	0.265920	0.253161	-0.013348	-0.001289	0.945233	-0.326120	
 1687526347.890881	1687526347.845825	13.842592	-24.114091	-0.946375	0.301070	0.301242	0.247001	-0.026641	-0.003629	2.461645	0.287318	0.253098	0.254389	-0.013163	-0.002731	0.942686	-0.333409	
 1687526348.295996	1687526348.247634	13.790350	-24.146951	-0.947514	0.296007	0.296099	0.244679	-0.031051	-0.004718	2.473870	0.289182	0.249424	0.252080	-0.015440	-0.002859	0.944680	-0.327619	
 1687526348.699552	1687526348.649754	13.734288	-24.184232	-0.942368	0.298699	0.298803	0.245731	-0.036017	-0.012636	2.437666	0.302371	0.251697	0.253251	-0.019081	-0.000278	0.938566	-0.344572	
 1687526349.108011	1687526349.054162	13.680389	-24.214334	-0.935802	0.296206	0.296295	0.244956	-0.036307	-0.002840	2.386447	0.324237	0.262304	0.252559	-0.017397	-0.005372	0.929418	-0.368580	
 1687526349.512335	1687526349.456793	13.653665	-24.254709	-0.940140	0.300059	0.300180	0.246203	-0.034151	-0.005567	2.385595	0.327556	0.251954	0.253961	-0.016897	-0.003715	0.929284	-0.368962	
 1687526349.915294	1687526349.859025	13.600432	-24.272060	-0.928790	0.297346	0.297555	0.245680	-0.073907	-0.006241	2.260184	0.318677	0.253535	0.253327	-0.034745	-0.012939	0.903879	-0.426179	
 1687526350.319518	1687526350.261656	13.544078	-24.292786	-0.936199	0.300452	0.300518	0.246037	-0.017619	-0.002037	2.267544	0.515914	0.261399	0.253732	-0.008412	-0.002806	0.905983	-0.423220	
 1687526350.723639	1687526350.663912	13.518637	-24.311287	-0.911408	0.296433	0.297002	0.245553	-0.051098	-0.003277	2.268566	0.269574	0.247788	0.252696	-0.023843	-0.009316	0.905952	-0.422606	
 1687526351.132356	1687526351.065619	13.488453	-24.326385	-0.919695	0.297491	0.297689	0.245619	-0.049406	0.002454	2.209223	0.366071	0.251247	0.253107	-0.021514	-0.012198	0.893003	-0.449371	
 1687526351.437500	1687526351.368126	13.465344	-24.335287	-0.913061	0.238229	0.238306	0.213674	-0.071240	0.003976	2.151588	0.314162	0.215259	0.219581	-0.030394	-0.018665	0.879374	-0.474794	
 1687526351.842354	1687526351.771164	13.453773	-24.346674	-0.921193	0.294379	0.294427	0.243613	-0.038708	-0.001374	2.172158	0.443529	0.245606	0.250874	-0.017443	-0.008410	0.884647	-0.465859	
 1687526352.247995	1687526352.174284	13.445353	-24.361600	-0.927273	0.292224	0.292687	0.243457	-0.050857	0.023709	2.147110	0.317218	0.246150	0.250629	-0.016692	-0.022543	0.878412	-0.477080	
 1687526352.653005	1687526352.577842	13.424322	-24.370107	-0.945474	0.296229	0.296421	0.245106	-0.026845	0.020785	2.145223	0.343589	0.264528	0.252208	-0.006825	-0.015541	0.878258	-0.477886	
 1687526353.061827	1687526352.981046	13.423423	-24.388101	-0.934391	0.295792	0.296026	0.245549	-0.115326	-0.011871	2.081576	0.277359	0.265363	0.252500	0.052719	0.024022	-0.861527	0.504396	
 1687526353.468310	1687526353.386199	13.444909	-24.424559	-0.967877	0.296609	0.296959	0.245455	-0.031173	-0.005489	2.084715	0.698585	0.259367	0.252342	0.014843	0.005488	-0.863509	0.504085	
 1687526353.874294	1687526353.789271	13.455839	-24.482206	-0.962507	0.293566	0.294354	0.244612	-0.077576	0.017494	2.022907	0.294564	0.247500	0.251266	0.028230	0.027984	-0.846754	0.530497	
 1687526354.279126	1687526354.193189	13.475590	-24.530755	-0.970947	0.296778	0.296973	0.245721	-0.045577	-0.002832	2.005014	0.504043	0.256832	0.252978	0.019967	0.011070	-0.842620	0.538024	
 1687526354.682963	1687526354.610933	13.485087	-24.606255	-0.991751	0.298973	0.299352	0.246236	-0.022278	0.001116	1.964996	0.341492	0.248168	0.253474	0.008957	0.006646	-0.831831	0.554917	
 1687526355.090659	1687526355.013663	13.493064	-24.680755	-0.997926	0.297476	0.298018	0.245592	-0.027906	-0.002178	1.951019	0.269982	0.246808	0.252699	0.012163	0.006922	-0.827915	0.560679	
 1687526355.497271	1687526355.418353	13.509645	-24.720841	-0.991916	0.299259	0.299663	0.246516	-0.040546	-0.004611	1.954539	0.285435	0.248385	0.253828	0.018094	0.009427	-0.828827	0.559133	
 1687526355.900775	1687526355.821161	13.520660	-24.791135	-0.993865	0.297348	0.297523	0.245239	-0.035236	-0.009924	1.946158	0.317932	0.247850	0.252711	0.017355	0.005813	-0.826533	0.562590	
 1687526356.307014	1687526356.225421	13.525035	-24.859490	-0.984602	0.292121	0.292290	0.242792	-0.049376	-0.011815	1.910447	0.297560	0.248121	0.250117	0.023564	0.009432	-0.816264	0.577121	
 1687526356.710917	1687526356.628699	13.534059	-24.902108	-0.980427	0.302641	0.302754	0.247197	-0.058591	-0.011840	1.870106	0.355137	0.253502	0.254643	0.027082	0.012631	-0.804374	0.593371	
 1687526357.116167	1687526357.031221	13.541762	-24.949098	-0.974517	0.297632	0.297680	0.245036	-0.046948	-0.014893	1.845926	0.391921	0.250571	0.252510	0.023208	0.008228	-0.797257	0.603138	
 1687526357.523120	1687526357.433862	13.564075	-24.972538	-0.966180	0.297412	0.297520	0.245527	-0.042545	-0.018776	1.840815	0.348247	0.253731	0.253044	0.022610	0.005409	-0.795754	0.605173	
 1687526357.929700	1687526357.936352	13.572101	-25.002739	-0.973953	0.301182	0.301364	0.247124	-0.034540	-0.011753	1.846494	0.328006	0.257939	0.254594	0.017317	0.005731	-0.797493	0.603052	
 1687526358.234607	1687526358.237971	13.585231	-25.011354	-0.977297	0.241478	0.241592	0.215461	-0.036774	-0.026282	1.852433	0.269265	0.219881	0.221452	0.022590	0.000544	-0.799293	0.600516	
 1687526358.544774	1687526358.539236	13.582397	-25.009234	-0.967216	0.239551	0.239625	0.213868	-0.048262	-0.025544	1.801115	0.275118	0.233623	0.219893	0.026839	0.004981	-0.783573	0.620700	
 1687526358.948191	1687526358.941312	13.569272	-25.026146	-0.959360	0.295068	0.295129	0.243336	-0.021045	-0.013231	1.726194	0.369440	0.263877	0.250631	0.012296	0.001814	-0.759846	0.649984	
 1687526359.351383	1687526359.344754	13.568780	-25.043160	-0.944932	0.284662	0.284999	0.239507	-0.041034	-0.026082	1.716475	0.265010	0.245908	0.246473	0.024046	0.003546	-0.756643	0.653377	
 1687526359.755318	1687526359.747583	13.565268	-25.029507	-0.935159	0.292955	0.293003	0.243499	-0.049479	-0.033724	1.658630	0.344477	0.266293	0.250795	0.029624	0.004274	-0.737420	0.674771	
 1687526360.161557	1687526360.149451	13.559943	-25.033393	-0.941679	0.287440	0.287498	0.240741	-0.035851	-0.026360	1.637599	0.367513	0.271079	0.248019	0.022091	0.002619	-0.730307	0.682757	
 1687526360.565274	1687526360.552187	13.555507	-25.028913	-0.930447	0.299698	0.299745	0.245927	-0.039647	-0.042100	1.623900	0.325171	0.268611	0.253442	0.028861	-0.001634	-0.725614	0.687494	
 1687526360.969379	1687526360.955626	13.553149	-25.039093	-0.919094	0.297081	0.297102	0.245344	-0.038343	-0.027707	1.558033	0.350968	0.307195	0.252976	0.023323	0.003909	-0.702572	0.711219	
 1687526361.378258	1687526361.358568	13.557508	-25.087046	-0.915650	0.293085	0.293161	0.243500	-0.034421	-0.019245	1.551959	0.349150	0.273175	0.251044	0.018920	0.005544	-0.700398	0.713481	
 1687526361.781761	1687526361.763804	13.552649	-25.117032	-0.905608	0.299062	0.299038	0.245737	-0.043290	-0.036436	1.492766	0.345234	0.263440	0.253387	0.028064	0.003520	-0.679006	0.733588	
 1687526362.189802	1687526362.166274	13.552964	-25.180393	-0.895651	0.297505	0.297506	0.245329	-0.033561	-0.032472	1.452264	0.397044	0.302452	0.252827	0.023278	0.001767	-0.664005	0.747363	
 1687526362.595387	1687526362.569448	13.556229	-25.180132	-0.885786	0.298321	0.298231	0.245958	-0.082022	-0.038851	1.425008	0.350864	0.298624	0.253594	0.041484	0.018332	-0.653660	0.755428	
 1687526362.999366	1687526362.971823	13.534395	-25.175354	-0.898906	0.293908	0.293812	0.243847	-0.068094	-0.015776	1.375025	0.757132	0.316819	0.251293	0.027694	0.021303	-0.634437	0.772185	
 1687526363.404043	1687526363.376086	13.510076	-25.193225	-0.910178	0.299181	0.299151	0.245666	-0.008700	-0.013662	1.308274	0.660730	0.267588	0.253425	0.008068	-0.000705	-0.608478	0.793529	
 1687526363.708298	1687526363.677397	13.538273	-25.193753	-0.885349	0.239490	0.239668	0.214441	-0.042467	-0.029516	1.326870	0.227153	0.227040	0.220721	0.024698	0.007641	-0.615868	0.787425	
 1687526364.114441	1687526364.080198	13.535275	-25.229420	-0.884511	0.296068	0.296269	0.244164	-0.036904	-0.012125	1.268030	0.436875	0.303443	0.251779	0.015813	0.011274	-0.592363	0.805437	
 1687526364.519856	1687526364.484513	13.529593	-25.255362	-0.875812	0.296955	0.297124	0.244957	-0.043333	-0.021814	1.245126	0.398134	0.262160	0.252627	0.021491	0.011241	-0.583140	0.812010	
 1687526364.926510	1687526364.886449	13.546998	-25.278446	-0.881618	0.293431	0.293642	0.243567	-0.032983	-0.023054	1.244045	0.425332	0.281362	0.251126	0.018975	0.006686	-0.582717	0.812426	
 1687526365.330718	1687526365.291333	13.528555	-25.287192	-0.883355	0.298884	0.299022	0.245956	-0.052492	-0.016823	1.145141	0.358989	0.284373	0.253756	0.021285	0.017501	-0.541774	0.840072	
 1687526365.734197	1687526365.695248	13.547299	-25.290580	-0.901006	0.297045	0.297001	0.244925	-0.034947	-0.015504	1.168001	0.485442	0.276989	0.252740	0.016100	0.010303	-0.551378	0.834037	
 1687526366.144685	1687526366.098983	13.547337	-25.286633	-0.891883	0.291515	0.291477	0.242775	-0.093731	-0.031785	1.057972	0.348485	0.263600	0.250304	0.037344	0.032429	-0.504683	0.861887	
 1687526366.555268	1687526366.502908	13.560657	-25.308902	-0.904043	0.298225	0.298642	0.246794	-0.069009	-0.019428	1.041179	0.755069	0.330051	0.254035	0.025580	0.025098	-0.497363	0.866802	
 1687526366.959729	1687526366.906395	13.588919	-25.362567	-0.920912	0.291579	0.291797	0.242828	-0.018677	-0.021218	1.037263	0.537405	0.283382	0.250172	0.013842	0.002851	-0.495729	0.868362	
 1687526367.366324	1687526367.310947	13.613354	-25.428593	-0.922526	0.298806	0.299445	0.246683	-0.035215	-0.031612	1.002220	0.285166	0.274992	0.253853	0.022317	0.007848	-0.480509	0.876671	
 1687526367.769479	1687526367.716611	13.650867	-25.474259	-0.936900	0.299285	0.299749	0.246381	-0.042607	-0.030002	1.023516	0.355060	0.314707	0.253979	0.023506	0.011226	-0.489823	0.871432	
 1687526368.174658	1687526368.121029	13.672180	-25.513589	-0.951764	0.289094	0.289360	0.241545	-0.045217	-0.029518	1.011582	0.374319	0.300588	0.249082	0.023859	0.012625	-0.484615	0.874311	
 1687526368.579705	1687526368.524552	13.702718	-25.568669	-0.959892	0.301796	0.301969	0.246865	-0.046945	-0.031459	1.023258	0.396365	0.308057	0.254695	0.025201	0.012764	-0.489725	0.871419	
 1687526368.987303	1687526368.927866	13.731304	-25.612708	-0.966665	0.297938	0.298077	0.245469	-0.034697	-0.030888	1.010048	0.406089	0.312861	0.253206	0.021906	0.007709	-0.483932	0.874797	
 1687526369.393492	1687526369.331456	13.765611	-25.659397	-0.965139	0.298663	0.298830	0.246585	-0.081541	-0.052910	0.985783	0.330535	0.298488	0.254311	0.042564	0.023389	-0.473566	0.879418	
 1687526369.800190	1687526369.734727	13.825384	-25.723726	-1.020429	0.299005	0.299014	0.245342	0.017217	-0.004213	1.040232	0.585412	0.389342	0.252884	-0.002450	-0.008517	-0.496946	0.867736	
 1687526370.206052	1687526370.140081	13.858973	-25.813908	-1.001677	0.299778	0.301544	0.248210	-0.033100	-0.028041	0.998896	0.267932	0.247266	0.253813	0.020231	0.007812	-0.479032	0.877529	
 1687526370.613198	1687526370.544873	13.905436	-25.854853	-1.004655	0.296081	0.296567	0.246059	-0.027655	-0.028611	1.029839	0.304241	0.278427	0.252720	0.019258	0.004989	-0.492539	0.870063	
 1687526371.018640	1687526370.948920	13.955417	-25.909352	-1.032297	0.298213	0.298640	0.246606	-0.033098	-0.031274	0.982382	0.290377	0.277139	0.253004	0.021590	0.007216	-0.471782	0.881421	
 1687526371.423610	1687526371.357519	13.993158	-25.952667	-1.048175	0.301510	0.301930	0.247784	-0.043264	-0.027982	0.992659	0.298220	0.280808	0.253714	0.022599	0.012358	-0.476309	0.878900	
 1687526371.832248	1687526371.760414	14.032186	-26.000142	-1.052687	0.294828	0.295003	0.244703	-0.034521	-0.034119	0.986368	0.322930	0.276256	0.251060	0.023194	0.007126	-0.473553	0.880431	
 1687526372.236106	1687526372.163097	14.078408	-26.053913	-1.053049	0.300776	0.300992	0.246890	-0.042933	-0.028647	0.999278	0.309988	0.292669	0.253596	0.022852	0.011978	-0.479219	0.877316	
 1687526372.539449	1687526372.465616	14.131030	-26.111016	-1.050608	0.237652	0.237915	0.214013	-0.052333	-0.014151	1.010344	0.279774	0.241427	0.219003	0.018851	0.019472	-0.483942	0.874680	
 1687526372.945570	1687526372.868900	14.177351	-26.178154	-1.048795	0.292694	0.292662	0.242772	-0.047565	-0.011806	0.990444	0.350305	0.257311	0.248834	0.016493	0.018118	-0.475208	0.879532	
 1687526373.349885	1687526373.274723	14.231264	-26.257926	-1.058644	0.292885	0.292854	0.243256	-0.045465	-0.017730	0.994076	0.342646	0.256048	0.249936	0.018628	0.015754	-0.476859	0.878641	
 1687526373.753960	1687526373.677830	14.291298	-26.333348	-1.077567	0.296864	0.296905	0.244938	-0.046442	-0.024426	0.990090	0.353842	0.268151	0.251985	0.021774	0.014630	-0.475157	0.879510	
 1687526374.160707	1687526374.082584	14.341199	-26.397355	-1.087716	0.288599	0.288668	0.241278	-0.053105	-0.023610	0.980817	0.362544	0.279313	0.248165	0.022913	0.017861	-0.471064	0.881621	
 1687526374.566327	1687526374.488368	14.376905	-26.495384	-1.085571	0.301798	0.301831	0.246789	-0.050522	-0.019445	0.978030	0.417266	0.289863	0.254063	0.020445	0.017731	-0.469801	0.882357	
 1687526374.969486	1687526374.891100	14.413288	-26.583627	-1.077312	0.296248	0.296414	0.244832	-0.039835	-0.023249	0.998943	0.418754	0.281304	0.252136	0.019741	0.011915	-0.479038	0.877491	
 1687526375.373748	1687526375.294301	14.470797	-26.680447	-1.076599	0.298439	0.298807	0.246050	-0.035338	-0.015361	1.015725	0.366640	0.289285	0.253599	0.015302	0.011703	-0.486339	0.873558	
 1687526375.679003	1687526375.597433	14.520291	-26.758088	-1.074888	0.238005	0.238285	0.213554	-0.050336	-0.016307	1.009507	0.302847	0.234409	0.219606	0.019304	0.018085	-0.483602	0.874888	
 1687526376.083019	1687526376.000680	14.560951	-26.856146	-1.080781	0.286304	0.286465	0.239820	-0.048631	-0.022191	0.989527	0.425007	0.269283	0.247046	0.021305	0.016129	-0.474891	0.879639	
 1687526376.486425	1687526376.405032	14.612080	-26.930348	-1.092799	0.297407	0.297674	0.244867	-0.039081	-0.021289	1.029628	0.442232	0.295288	0.252494	0.018883	0.011766	-0.492432	0.870067	
 1687526376.892454	1687526376.809311	14.660391	-27.034749	-1.090334	0.291294	0.291575	0.242683	-0.043126	-0.020865	0.979134	0.374391	0.284084	0.250210	0.019343	0.014123	-0.470307	0.882178	
 1687526377.296838	1687526377.236389	14.713057	-27.124947	-1.082970	0.298105	0.298292	0.245463	-0.052989	-0.025350	1.003682	0.412566	0.292257	0.253286	0.023851	0.017128	-0.481127	0.876159	
 1687526377.704821	1687526377.639233	14.774220	-27.211011	-1.089005	0.294309	0.294408	0.244002	-0.047137	-0.031088	0.989329	0.490428	0.309775	0.251847	0.024863	0.013362	-0.474870	0.879603	
 1687526378.111447	1687526378.042847	14.827938	-27.293122	-1.096261	0.302411	0.302575	0.247462	-0.049245	-0.027964	0.994737	0.451652	0.336325	0.255363	0.024029	0.014966	-0.477226	0.878325	
 1687526378.516279	1687526378.447273	14.877746	-27.368784	-1.108893	0.298662	0.298829	0.245867	-0.069341	-0.040305	0.996634	0.471497	0.323908	0.253733	0.034254	0.020816	-0.478177	0.877348	
 1687526378.923651	1687526378.851110	14.939890	-27.452036	-1.123045	0.297015	0.297181	0.245552	-0.047209	-0.042676	1.001641	0.610455	0.375608	0.253425	0.030041	0.010457	-0.480344	0.876503	
 1687526379.330475	1687526379.256903	15.004442	-27.533137	-1.128665	0.294121	0.294439	0.244223	-0.053066	-0.034882	1.009739	0.442140	0.383158	0.251792	0.028089	0.014784	-0.483854	0.874573	
 1687526379.635178	1687526379.558783	15.044818	-27.630792	-1.137546	0.241029	0.241171	0.215282	-0.030910	-0.034036	0.978661	0.433385	0.307965	0.221720	0.022281	0.005641	-0.470143	0.882291	
 1687526380.044826	1687526379.962099	15.093326	-27.718438	-1.139122	0.286743	0.287186	0.240226	-0.045943	-0.033818	1.015499	0.340736	0.337147	0.247549	0.025938	0.011850	-0.486354	0.873297	
 1687526380.449593	1687526380.367064	15.156500	-27.813654	-1.136037	0.296343	0.296631	0.244138	-0.055862	-0.031035	1.002540	0.420521	0.332866	0.251614	0.027021	0.017035	-0.480674	0.876317	
 1687526380.856425	1687526380.769261	15.220694	-27.918511	-1.142495	0.292997	0.293142	0.243668	-0.061847	-0.039018	1.015278	0.490846	0.325447	0.251336	0.032067	0.017536	-0.486317	0.873018	
 1687526381.260520	1687526381.172491	15.274951	-28.018590	-1.162956	0.299648	0.299811	0.246010	-0.045563	-0.029864	1.013242	0.559395	0.370387	0.253987	0.024104	0.012673	-0.485343	0.873900	
 1687526381.663893	1687526381.577025	15.332603	-28.124653	-1.162195	0.294477	0.294733	0.244061	-0.045773	-0.031113	1.013174	0.426943	0.321246	0.251702	0.024701	0.012462	-0.485321	0.873898	
 1687526382.067081	1687526381.981642	15.402784	-28.249449	-1.155756	0.295970	0.296144	0.244953	-0.062040	-0.042435	1.022181	0.432599	0.328930	0.252770	0.033663	0.016673	-0.489357	0.871274	
 1687526382.474393	1687526382.387490	15.465604	-28.358182	-1.164553	0.297022	0.297163	0.245029	-0.049645	-0.041609	1.019747	0.563281	0.387616	0.253043	0.030263	0.011508	-0.488262	0.872097	
 1687526382.877208	1687526382.817075	15.535861	-28.480570	-1.167406	0.299068	0.299318	0.246006	-0.052567	-0.038009	1.028538	0.446753	0.370301	0.253846	0.029465	0.013532	-0.492074	0.869949	
 1687526383.280906	1687526383.220305	15.598917	-28.577134	-1.172445	0.297307	0.297494	0.245416	-0.040761	-0.042816	1.025824	0.473851	0.356577	0.253260	0.028646	0.007250	-0.490882	0.870725	
 1687526383.688903	1687526383.624231	15.666551	-28.686299	-1.180333	0.298047	0.298470	0.245523	-0.043334	-0.040970	1.020820	0.392963	0.375884	0.253244	0.028451	0.008896	-0.488705	0.871940	
 1687526384.103090	1687526384.027872	15.741046	-28.802985	-1.179451	0.294049	0.294340	0.243959	-0.040388	-0.051386	1.009750	0.408541	0.367808	0.251722	0.032245	0.005244	-0.483894	0.874517	
 1687526384.506574	1687526384.431303	15.811334	-28.895256	-1.184704	0.298949	0.299323	0.246184	-0.050097	-0.051809	1.019496	0.400364	0.434823	0.254135	0.034819	0.009219	-0.488207	0.871984	
 1687526384.910352	1687526384.835443	15.880706	-29.015909	-1.193473	0.291463	0.291669	0.242328	-0.033327	-0.044422	1.004897	0.448275	0.422151	0.250147	0.027484	0.003906	-0.481712	0.875890	
 1687526385.320698	1687526385.239552	15.950602	-29.125340	-1.182165	0.296161	0.296362	0.244636	-0.039036	-0.052175	1.025864	0.351793	0.386109	0.252402	0.032298	0.004201	-0.490917	0.870597	
 1687526385.628973	1687526385.543693	16.015312	-29.196066	-1.175303	0.246971	0.247073	0.219012	-0.029270	-0.056685	1.024563	0.347565	0.388404	0.225788	0.031869	-0.001138	-0.490279	0.870982	
 1687526386.032351	1687526385.951180	16.074369	-29.270451	-1.174115	0.294978	0.295385	0.244117	-0.039123	-0.055981	1.013388	0.334323	0.456824	0.251714	0.033955	0.003517	-0.485485	0.873578	
 1687526386.441002	1687526386.355045	16.139982	-29.384045	-1.177814	0.288185	0.288469	0.240993	-0.036407	-0.037160	1.036017	0.374106	0.437831	0.248543	0.025150	0.006614	-0.495277	0.868346	
 1687526386.845017	1687526386.802712	16.203636	-29.504520	-1.171173	0.294825	0.294835	0.244173	-0.032216	-0.045828	1.036785	0.362603	0.344137	0.251812	0.027878	0.002636	-0.495611	0.868093	
 1687526387.248912	1687526387.205705	16.277208	-29.582391	-1.173028	0.295293	0.295332	0.244562	-0.034155	-0.050274	1.042941	0.345894	0.390568	0.252357	0.030295	0.002284	-0.498298	0.866473	
 1687526387.652616	1687526387.610703	16.349393	-29.669702	-1.175727	0.297994	0.297963	0.245709	-0.043544	-0.049945	1.012670	0.351773	0.406759	0.253595	0.032386	0.006926	-0.485185	0.873784	
 1687526388.061053	1687526388.014582	16.397447	-29.751173	-1.178634	0.286202	0.286076	0.240377	-0.047406	-0.048605	1.034710	0.394190	0.400587	0.247912	0.032832	0.008578	-0.494799	0.868345	
 1687526388.464351	1687526388.426280	16.430550	-29.815396	-1.180329	0.297336	0.297176	0.244971	-0.048135	-0.043170	1.029725	0.432228	0.405301	0.252783	0.030627	0.010315	-0.492610	0.869650	
 1687526388.868571	1687526388.829702	16.474448	-29.895665	-1.167617	0.296280	0.296117	0.244508	-0.049029	-0.046314	1.013042	0.432569	0.374582	0.252329	0.032130	0.010199	-0.485358	0.873665	
 1687526389.277499	1687526389.233768	16.526118	-29.952133	-1.161418	0.294010	0.294048	0.243808	-0.024154	-0.045086	1.032637	0.444346	0.396672	0.251763	0.025562	-0.000628	-0.493757	0.869224	
 1687526389.685756	1687526389.638390	16.578647	-30.033815	-1.146812	0.290027	0.290351	0.242602	-0.062171	-0.037268	0.995727	0.301881	0.373191	0.250201	0.031203	0.018409	-0.477745	0.877751	
 1687526390.093271	1687526390.042985	16.634412	-30.123322	-1.150079	0.300535	0.300360	0.246702	-0.050487	-0.041693	1.007898	0.527015	0.350930	0.254592	0.030434	0.012036	-0.483089	0.874959	
 1687526390.497071	1687526390.448478	16.696686	-30.190166	-1.162453	0.297440	0.297388	0.245572	-0.041894	-0.036150	1.041452	0.448358	0.370363	0.253393	0.026094	0.009177	-0.497648	0.866938	
 1687526390.900337	1687526390.851680	16.754784	-30.281445	-1.177687	0.297331	0.297411	0.245516	-0.046304	-0.033347	1.029239	0.384474	0.334854	0.253192	0.025902	0.011945	-0.492340	0.869936	
 1687526391.310897	1687526391.254095	16.796685	-30.354421	-1.177208	0.299766	0.299815	0.246230	-0.038781	-0.025737	1.034235	0.415384	0.328360	0.254136	0.020768	0.010492	-0.494460	0.868889	
 1687526391.713925	1687526391.658907	16.862787	-30.445329	-1.167014	0.301328	0.301458	0.247152	-0.032891	-0.038169	1.021907	0.373557	0.300934	0.255118	0.024684	0.005011	-0.489128	0.871848	
 1687526392.119946	1687526392.068198	16.932835	-30.529473	-1.166605	0.296758	0.297015	0.245584	-0.037309	-0.040734	1.024703	0.338166	0.342874	0.253571	0.026890	0.006273	-0.490372	0.871075	
 1687526392.526577	1687526392.477057	16.993469	-30.586713	-1.179776	0.298332	0.298573	0.245975	-0.042508	-0.038118	1.038279	0.363570	0.358165	0.253970	0.027085	0.008996	-0.496283	0.867692	
 1687526392.931971	1687526392.882223	17.047023	-30.678755	-1.197170	0.298534	0.298618	0.245482	-0.032887	-0.039686	1.025881	0.388559	0.343945	0.253544	0.025354	0.004588	-0.490863	0.870856	
 1687526393.337339	1687526393.289632	17.095299	-30.761756	-1.201884	0.299436	0.299513	0.245987	-0.042596	-0.052072	1.033868	0.340142	0.351464	0.254084	0.033148	0.005644	-0.494420	0.868573	
 1687526393.741116	1687526393.691790	17.142587	-30.823357	-1.208125	0.298972	0.299038	0.245740	-0.035052	-0.051495	1.031848	0.395050	0.417017	0.253968	0.031033	0.002540	-0.493492	0.869193	
 1687526394.147163	1687526394.095434	17.199631	-30.917289	-1.203767	0.296190	0.296306	0.244738	-0.036107	-0.052895	1.021265	0.348703	0.404779	0.252888	0.031887	0.002822	-0.488895	0.871755	
 1687526394.551729	1687526394.521698	17.266928	-31.018412	-1.217154	0.297861	0.298079	0.245635	-0.024534	-0.052568	1.042087	0.357147	0.418365	0.253762	0.028896	-0.002446	-0.497856	0.866775	
 1687526394.954716	1687526394.927061	17.323627	-31.103559	-1.232796	0.299693	0.299982	0.246346	-0.033765	-0.051023	1.047057	0.307864	0.416738	0.254362	0.030526	0.001865	-0.500078	0.865440	
 1687526395.359958	1687526395.330037	17.374146	-31.206423	-1.239410	0.293893	0.293864	0.243572	-0.036928	-0.055201	1.035211	0.338560	0.395296	0.251524	0.033110	0.002386	-0.494971	0.868275	
 1687526395.766827	1687526395.732998	17.411564	-31.276605	-1.236879	0.296579	0.296485	0.244628	-0.037108	-0.055459	1.035908	0.358150	0.424368	0.252697	0.033267	0.002388	-0.495275	0.868096	
 1687526396.174304	1687526396.136597	17.460654	-31.354997	-1.229773	0.300922	0.300855	0.246507	-0.044048	-0.053266	1.022411	0.357815	0.422383	0.254706	0.033990	0.006175	-0.489448	0.871348	
 1687526396.578857	1687526396.541137	17.518220	-31.430090	-1.223171	0.294082	0.294000	0.243805	-0.041573	-0.056270	1.014917	0.391371	0.411398	0.251841	0.034677	0.004491	-0.486171	0.873164	
 1687526396.984528	1687526396.949667	17.567981	-31.487651	-1.223968	0.297388	0.297336	0.245409	-0.046099	-0.051701	1.011324	0.383374	0.434323	0.253458	0.033767	0.007640	-0.484617	0.874041	
 1687526397.389122	1687526397.352812	17.616483	-31.560585	-1.229408	0.299642	0.299420	0.246419	-0.061183	-0.040416	1.001194	0.404991	0.406832	0.254394	0.032396	0.017135	-0.480169	0.876410	
 1687526397.792832	1687526397.756363	17.655888	-31.618452	-1.242589	0.296794	0.296343	0.245016	-0.048025	-0.039848	0.999286	0.497449	0.354190	0.252838	0.028983	0.011528	-0.479299	0.877097	
 1687526398.197023	1687526398.158606	17.710167	-31.686149	-1.249063	0.295764	0.295579	0.244559	-0.042780	-0.040883	1.020724	0.411396	0.348817	0.252339	0.028277	0.008677	-0.488661	0.871972	
 1687526398.600696	1687526398.562596	17.757686	-31.755045	-1.247830	0.296362	0.296471	0.244987	-0.036121	-0.047861	0.992156	0.384517	0.353015	0.252825	0.029634	0.004491	-0.476146	0.878855	
 1687526399.004528	1687526398.965989	17.811566	-31.811522	-1.249535	0.295659	0.295891	0.244620	-0.034348	-0.049281	1.013469	0.353530	0.390449	0.252610	0.029871	0.003055	-0.485476	0.873734	
 1687526399.408642	1687526399.371563	17.875551	-31.888591	-1.249866	0.297099	0.297357	0.245422	-0.033886	-0.049760	1.004574	0.341029	0.388778	0.253451	0.029956	0.002870	-0.481583	0.875884	
 1687526399.817220	1687526399.774923	17.946787	-31.977926	-1.262016	0.293985	0.294356	0.243696	-0.027031	-0.046219	1.034253	0.336269	0.388765	0.251583	0.026764	0.000322	-0.494479	0.868778	
 1687526400.221602	1687526400.198218	18.003294	-32.062184	-1.266104	0.299751	0.299955	0.246303	-0.038115	-0.041912	1.012963	0.311765	0.373817	0.254313	0.027563	0.006497	-0.485258	0.873912	
 1687526400.626832	1687526400.607847	18.076778	-32.142171	-1.272458	0.300962	0.300900	0.246814	-0.040980	-0.041583	1.013660	0.350393	0.347464	0.254929	0.028116	0.007820	-0.485574	0.873708	
 1687526401.030936	1687526401.012258	18.150268	-32.213932	-1.285961	0.295933	0.295860	0.244742	-0.029291	-0.049287	0.989475	0.362659	0.345412	0.252695	0.028635	0.001187	-0.474923	0.879560	
 1687526401.434730	1687526401.416975	18.228079	-32.284788	-1.301371	0.299722	0.299789	0.246429	-0.045972	-0.042130	1.000468	0.312621	0.373743	0.254318	0.029499	0.010063	-0.479823	0.876812	
 1687526401.739973	1687526401.720006	18.282487	-32.355882	-1.310693	0.239647	0.239580	0.214329	-0.020097	-0.055141	0.972441	0.335821	0.303174	0.220879	0.029065	-0.004000	-0.467332	0.883595	
 1687526402.144946	1687526402.123234	18.337142	-32.444788	-1.322729	0.292676	0.292974	0.242581	-0.029050	-0.043451	1.007552	0.279736	0.389973	0.250180	0.026033	0.002231	-0.482847	0.875315	
 1687526402.548913	1687526402.527717	18.387572	-32.540797	-1.321245	0.294604	0.294567	0.243866	-0.045246	-0.049870	0.971911	0.308516	0.345661	0.251667	0.032602	0.008354	-0.467287	0.883465	
 1687526402.851998	1687526402.829748	18.456487	-32.647744	-1.321644	0.236709	0.236689	0.212370	-0.034781	-0.043941	0.995447	0.330245	0.331012	0.218990	0.027601	0.004789	-0.477575	0.878144	
 1687526403.255753	1687526403.233790	18.508459	-32.736879	-1.328384	0.287705	0.287590	0.240629	-0.045013	-0.042259	0.996427	0.326817	0.346068	0.248254	0.029307	0.009671	-0.478047	0.877792	
 1687526403.661211	1687526403.637612	18.562357	-32.841674	-1.338366	0.295184	0.294992	0.244228	-0.046558	-0.038438	1.020810	0.370440	0.340312	0.252030	0.028133	0.010921	-0.488698	0.871931	
 1687526404.067835	1687526404.040971	18.610635	-32.959798	-1.345737	0.297351	0.297174	0.245098	-0.039358	-0.054463	0.962168	0.381909	0.328439	0.252995	0.033235	0.004841	-0.462954	0.885746	
 1687526404.471812	1687526404.444632	18.677982	-33.046216	-1.355693	0.293334	0.293371	0.243668	-0.037926	-0.029211	1.039837	0.351870	0.401249	0.251636	0.022092	0.009200	-0.496907	0.867474	
 1687526404.880026	1687526404.848993	18.739222	-33.153461	-1.359865	0.297805	0.297848	0.245704	-0.037537	-0.029097	1.020621	0.343779	0.298261	0.253419	0.021858	0.009270	-0.488549	0.872214	
 1687526405.285384	1687526405.252149	18.779778	-33.247946	-1.357918	0.300423	0.300204	0.246933	-0.046904	-0.029901	1.031928	0.347560	0.302193	0.254701	0.024568	0.013021	-0.493488	0.869308	
 1687526405.689898	1687526405.655123	18.829137	-33.348943	-1.359209	0.292703	0.292415	0.243323	-0.043083	-0.035522	1.016980	0.385336	0.300088	0.251072	0.025995	0.010167	-0.487003	0.872954	
 1687526406.093072	1687526406.060122	18.884997	-33.428602	-1.361979	0.292974	0.292899	0.243309	-0.027735	-0.023892	1.020353	0.368864	0.319929	0.251155	0.017195	0.006267	-0.488394	0.872431	
 1687526406.497459	1687526406.463151	18.930219	-33.495896	-1.347334	0.297448	0.297649	0.245564	-0.069658	-0.042467	0.991876	0.305163	0.284053	0.253432	0.035229	0.020523	-0.476111	0.878439	
 1687526406.905523	1687526406.867836	18.993742	-33.559251	-1.346436	0.296636	0.296717	0.245522	-0.063798	-0.043349	0.992182	0.509227	0.346630	0.253556	0.034228	0.017731	-0.476245	0.878467	
 1687526407.310530	1687526407.269446	19.062851	-33.643859	-1.359867	0.300915	0.301028	0.246523	-0.034051	-0.034164	0.987337	0.476991	0.351602	0.254664	0.023106	0.006897	-0.473978	0.880206	
 1687526407.716524	1687526407.673301	19.133124	-33.724811	-1.365527	0.297809	0.298155	0.245823	-0.033765	-0.041108	1.003491	0.327131	0.314571	0.253715	0.026134	0.004914	-0.481091	0.876267	
 1687526408.123327	1687526408.077256	19.203914	-33.827568	-1.371536	0.296094	0.296500	0.245031	-0.040377	-0.036207	1.009816	0.323066	0.334166	0.252919	0.025604	0.008911	-0.483869	0.874720	
 1687526408.527323	1687526408.483501	19.249761	-33.924008	-1.374819	0.297594	0.297738	0.245433	-0.042507	-0.035201	1.005910	0.353226	0.320823	0.253384	0.025659	0.010136	-0.482161	0.875648	
 1687526408.931305	1687526408.887454	19.304838	-34.021669	-1.378875	0.301514	0.301551	0.247039	-0.043688	-0.036105	1.012670	0.362861	0.318630	0.255179	0.026374	0.010346	-0.485126	0.873985	
 1687526409.338247	1687526409.291201	19.359562	-34.109140	-1.378261	0.298763	0.298820	0.245661	-0.040670	-0.051087	0.956366	0.368876	0.321324	0.253725	0.032025	0.006296	-0.460382	0.887120	
 1687526409.748981	1687526409.695439	19.430787	-34.175359	-1.381057	0.296843	0.296941	0.245189	-0.043461	-0.040813	0.990431	0.356890	0.384927	0.253363	0.028273	0.009420	-0.475400	0.879265	
 1687526410.154272	1687526410.098692	19.505727	-34.256822	-1.385149	0.295323	0.295611	0.244585	-0.043565	-0.030806	1.012339	0.363574	0.335689	0.252440	0.024027	0.011581	-0.484952	0.874134	
 1687526410.564306	1687526410.503410	19.565468	-34.353961	-1.389417	0.298219	0.298297	0.245742	-0.041059	-0.036217	1.017725	0.365717	0.303170	0.253631	0.025809	0.009104	-0.487326	0.872791	
 1687526410.968294	1687526410.911516	19.618386	-34.435470	-1.391775	0.302984	0.302953	0.247607	-0.044480	-0.041964	1.028870	0.361792	0.325151	0.255751	0.029200	0.009035	-0.492219	0.869934	
 1687526411.374143	1687526411.316794	19.679385	-34.528186	-1.394699	0.291891	0.291928	0.242965	-0.045285	-0.036627	1.005972	0.367033	0.336162	0.250925	0.026952	0.011008	-0.482203	0.875576	
 1687526411.780777	1687526411.736132	19.732292	-34.614143	-1.397805	0.292718	0.292729	0.243162	-0.047944	-0.038243	1.002851	0.374355	0.321372	0.251056	0.028281	0.011827	-0.480852	0.876266	
 1687526412.189097	1687526412.140726	19.796971	-34.706943	-1.401094	0.296139	0.296187	0.244480	-0.044306	-0.038601	1.001583	0.385364	0.326814	0.252556	0.027558	0.010164	-0.480288	0.876619	
 1687526412.592972	1687526412.544993	19.861308	-34.792758	-1.401316	0.297634	0.297739	0.245390	-0.044370	-0.038893	0.999550	0.370981	0.330006	0.253431	0.027692	0.010150	-0.479398	0.877102	
 1687526412.996408	1687526412.952209	19.909695	-34.869868	-1.404324	0.298038	0.298219	0.245610	-0.040991	-0.037565	1.001358	0.376127	0.334576	0.253698	0.026309	0.008962	-0.480174	0.876733	
 1687526413.400032	1687526413.356854	19.967575	-34.960121	-1.406215	0.297101	0.297356	0.245426	-0.040141	-0.044055	0.990902	0.357257	0.327086	0.253500	0.028913	0.007182	-0.475606	0.879154	
 1687526413.803619	1687526413.760664	20.040272	-35.052495	-1.416969	0.294334	0.294544	0.244042	-0.036371	-0.038975	1.004834	0.353302	0.351682	0.252117	0.025830	0.006552	-0.481685	0.875939	
 1687526414.210551	1687526414.163306	20.093248	-35.135822	-1.428225	0.299829	0.299914	0.246348	-0.046332	-0.044517	0.986587	0.342276	0.336208	0.254514	0.030564	0.009861	-0.473739	0.880080	
 1687526414.616133	1687526414.567284	20.148263	-35.222698	-1.433803	0.299946	0.299917	0.246131	-0.050062	-0.039574	1.006010	0.383466	0.355810	0.254304	0.029393	0.012389	-0.482249	0.875453	
 1687526415.019638	1687526414.972390	20.189421	-35.292308	-1.430722	0.298326	0.298271	0.245590	-0.045160	-0.040334	0.999918	0.405800	0.337775	0.253668	0.028514	0.010146	-0.479569	0.876982	
 1687526415.423587	1687526415.376409	20.241868	-35.382937	-1.428223	0.297750	0.297958	0.245606	-0.048824	-0.038705	1.010361	0.375534	0.336849	0.253672	0.028740	0.011994	-0.484144	0.874434	
 1687526415.829931	1687526415.779244	20.300419	-35.488749	-1.433820	0.297865	0.297981	0.245707	-0.045082	-0.036867	0.998600	0.396276	0.332477	0.253829	0.026968	0.010961	-0.478973	0.877347	
 1687526416.240133	1687526416.183774	20.356893	-35.573168	-1.441046	0.300007	0.300148	0.246535	-0.050280	-0.041851	1.012449	0.379040	0.327399	0.254701	0.030480	0.011837	-0.485079	0.873859	
 1687526416.651337	1687526416.586581	20.415916	-35.680090	-1.450963	0.300091	0.300236	0.246490	-0.045422	-0.056411	0.981723	0.400712	0.342360	0.254690	0.035566	0.006729	-0.471642	0.881047	
 1687526417.056270	1687526416.990750	20.470636	-35.791533	-1.457465	0.296893	0.297000	0.245188	-0.048360	-0.050211	0.989384	0.376618	0.404702	0.253395	0.033562	0.009358	-0.475006	0.879292	
 1687526417.460111	1687526417.434580	20.530780	-35.885068	-1.456085	0.303124	0.303200	0.247490	-0.059443	-0.047019	0.997922	0.396905	0.382599	0.255891	0.034848	0.014843	-0.478784	0.877115	
 1687526417.864250	1687526417.838398	20.603228	-35.988677	-1.456994	0.297547	0.297518	0.245295	-0.049761	-0.049044	0.992505	0.446632	0.361947	0.253507	0.033397	0.010200	-0.476379	0.878546	
 1687526418.272838	1687526418.246418	20.668134	-36.069869	-1.463162	0.297173	0.297190	0.245312	-0.047040	-0.044914	1.011010	0.399370	0.372971	0.253344	0.031027	0.009701	-0.484456	0.874212	
 1687526418.677254	1687526418.654937	20.733255	-36.156854	-1.471002	0.300696	0.300849	0.247010	-0.046036	-0.046300	0.997632	0.384028	0.353271	0.254929	0.031330	0.009135	-0.478599	0.877427	
 1687526419.083537	1687526419.060691	20.796362	-36.262369	-1.484063	0.299568	0.299823	0.246215	-0.027261	-0.040269	1.017431	0.380329	0.360580	0.254289	0.024219	0.002097	-0.487152	0.872979	
 1687526419.488321	1687526419.466388	20.858507	-36.357145	-1.486161	0.298380	0.299000	0.246510	-0.048682	-0.047071	1.025977	0.303160	0.333353	0.254176	0.032440	0.009654	-0.491001	0.870501	
 1687526419.892685	1687526419.872466	20.912494	-36.492399	-1.504755	0.292217	0.292503	0.242977	-0.024604	-0.037438	1.012687	0.373011	0.344410	0.250910	0.022333	0.001679	-0.485063	0.874193	
 1687526420.295868	1687526420.277676	20.967023	-36.592464	-1.506120	0.292328	0.292600	0.243101	-0.040619	-0.042064	1.033829	0.286305	0.310914	0.250728	0.028313	0.007260	-0.494360	0.868766	
 1687526420.702425	1687526420.681285	21.023077	-36.707078	-1.504497	0.291999	0.292109	0.242799	-0.030994	-0.047816	1.019081	0.339269	0.325981	0.250667	0.028423	0.001865	-0.487902	0.872434	
 1687526421.108182	1687526421.086822	21.071500	-36.815704	-1.498431	0.288600	0.288786	0.241264	-0.032925	-0.048104	1.029628	0.304585	0.344826	0.249052	0.029032	0.002484	-0.492508	0.869820	
 1687526421.514660	1687526421.489908	21.110023	-36.890603	-1.488825	0.298697	0.298834	0.245722	-0.035879	-0.047740	1.022650	0.319207	0.355737	0.253831	0.029587	0.003962	-0.489488	0.871499	
 1687526421.923691	1687526421.894248	21.158349	-36.983944	-1.484428	0.296431	0.296541	0.245050	-0.035290	-0.045278	1.020399	0.324008	0.346867	0.253173	0.028365	0.004340	-0.488499	0.872093	
 1687526422.331242	1687526422.298709	21.216077	-37.076078	-1.491681	0.301852	0.301963	0.247169	-0.034265	-0.047621	1.032442	0.325537	0.342719	0.255365	0.029156	0.003145	-0.493740	0.869115	
 1687526422.740978	1687526422.704892	21.263202	-37.143097	-1.495957	0.300004	0.300108	0.246450	-0.039094	-0.045018	1.038338	0.323830	0.352882	0.254613	0.029233	0.005801	-0.496320	0.867628	
 1687526423.149572	1687526423.133446	21.320411	-37.238825	-1.500074	0.300356	0.300454	0.246543	-0.031427	-0.046269	1.032626	0.340225	0.341772	0.254733	0.027869	0.002242	-0.493800	0.869126	
 1687526423.555775	1687526423.537212	21.385246	-37.344211	-1.498246	0.300458	0.300529	0.246599	-0.036674	-0.048728	1.039385	0.312825	0.345804	0.254782	0.030245	0.003814	-0.496770	0.867347	
 1687526423.958885	1687526423.941639	21.443619	-37.423807	-1.494544	0.298739	0.298711	0.245917	-0.035907	-0.049782	1.041530	0.333887	0.358305	0.254127	0.030515	0.003187	-0.497697	0.866808	
 1687526424.362313	1687526424.344870	21.509983	-37.517981	-1.495665	0.297243	0.297189	0.245330	-0.035481	-0.048109	1.031552	0.327775	0.357550	0.253474	0.029667	0.003566	-0.493361	0.869311	
 1687526424.769757	1687526424.747530	21.561595	-37.584241	-1.499250	0.297603	0.297528	0.245360	-0.038922	-0.044494	1.030571	0.327887	0.354236	0.253463	0.028940	0.005969	-0.492945	0.869559	
 1687526425.173293	1687526425.153250	21.619141	-37.672263	-1.502005	0.294832	0.294790	0.244179	-0.031844	-0.044751	1.027634	0.335077	0.335429	0.252237	0.027306	0.002866	-0.491630	0.870371	
 1687526425.577090	1687526425.556355	21.686458	-37.761654	-1.508400	0.301734	0.301805	0.247134	-0.038973	-0.044809	1.033449	0.314422	0.340419	0.255291	0.029098	0.005872	-0.494197	0.868843	
 1687526425.987087	1687526425.960350	21.742591	-37.832930	-1.515700	0.298696	0.298672	0.245853	-0.034822	-0.044990	1.034781	0.340304	0.341396	0.254035	0.028155	0.004004	-0.494754	0.868567	
 1687526426.394719	1687526426.366513	21.806577	-37.922569	-1.519714	0.300518	0.300518	0.246574	-0.040326	-0.046746	1.025719	0.322737	0.338588	0.254747	0.030250	0.006098	-0.490848	0.870699	
 1687526426.803264	1687526426.772847	21.856708	-37.991091	-1.514628	0.301087	0.301011	0.246761	-0.039596	-0.048544	1.022737	0.346858	0.349761	0.255028	0.030846	0.005385	-0.489550	0.871413	
 1687526427.206254	1687526427.178017	21.918929	-38.075687	-1.510777	0.295410	0.295381	0.244494	-0.057615	-0.055328	1.016674	0.337055	0.348426	0.252668	0.038167	0.011694	-0.487033	0.872471	
 1687526427.612425	1687526427.581231	21.990537	-38.160561	-1.517980	0.296321	0.296243	0.244782	-0.036540	-0.053244	1.027638	0.413682	0.374865	0.252987	0.032154	0.002823	-0.491674	0.870181	
 1687526428.018188	1687526427.988919	22.050755	-38.220643	-1.518804	0.298493	0.298568	0.245958	-0.041552	-0.050984	1.040223	0.330258	0.369632	0.254091	0.032435	0.005357	-0.497168	0.867031	
 1687526428.423549	1687526428.393848	22.122455	-38.299320	-1.541695	0.293045	0.293299	0.243577	0.003392	-0.042902	1.081579	0.339374	0.349609	0.251553	0.017516	-0.012496	-0.514663	0.857123	
 1687526428.727869	1687526428.698218	22.181803	-38.382082	-1.526891	0.241211	0.241568	0.215960	-0.037933	-0.061423	1.040499	0.219321	0.275781	0.222190	0.036063	0.001187	-0.497278	0.866841	
 1687526429.132737	1687526429.101564	22.240799	-38.496448	-1.532655	0.291289	0.291441	0.242255	-0.036283	-0.067995	1.015199	0.322767	0.378734	0.249905	0.038513	-0.000676	-0.486259	0.872965	
 1687526429.535947	1687526429.505318	22.315093	-38.572841	-1.540515	0.296901	0.296977	0.244510	-0.046118	-0.056133	1.054440	0.323090	0.413601	0.252584	0.035842	0.005803	-0.503360	0.863314	
 1687526429.941250	1687526429.910019	22.381002	-38.667342	-1.539277	0.295899	0.295836	0.244467	-0.038366	-0.051194	1.011152	0.352565	0.360472	0.252463	0.031675	0.004383	-0.484493	0.874210	
 1687526430.345374	1687526430.314119	22.440631	-38.758126	-1.534756	0.297173	0.297051	0.245293	-0.039141	-0.052148	1.039046	0.327594	0.349763	0.253185	0.032339	0.004040	-0.496645	0.867342	
 1687526430.754016	1687526430.720206	22.494690	-38.827022	-1.532429	0.293489	0.293346	0.243707	-0.040450	-0.051198	1.034446	0.331097	0.352558	0.251621	0.032240	0.004918	-0.494655	0.868477	
 1687526431.159719	1687526431.124916	22.551268	-38.907375	-1.532481	0.293608	0.293420	0.243672	-0.048873	-0.048826	1.019962	0.328310	0.340525	0.251046	0.033222	0.009406	-0.488390	0.871942	
 1687526431.566679	1687526431.527012	22.601811	-38.976107	-1.530194	0.299987	0.299663	0.246301	-0.053590	-0.047079	1.009595	0.364669	0.341407	0.254161	0.033548	0.012064	-0.483875	0.874411	
 1687526431.870672	1687526431.828849	22.640769	-39.019818	-1.527008	0.240693	0.240521	0.214982	-0.049791	-0.049177	0.996481	0.338631	0.297102	0.221659	0.033482	0.010114	-0.478126	0.877595	
 1687526432.276656	1687526432.231227	22.679179	-39.062425	-1.526494	0.295307	0.295193	0.244116	-0.049588	-0.045859	0.991548	0.371602	0.346688	0.251891	0.031951	0.010897	-0.475941	0.878829	
 1687526432.684177	1687526432.633281	22.732486	-39.124942	-1.531258	0.297662	0.297801	0.245499	-0.042092	-0.036313	1.024562	0.368669	0.335175	0.253305	0.026135	0.009443	-0.490311	0.871105	
 1687526433.088694	1687526433.036880	22.775534	-39.198674	-1.530877	0.299218	0.299319	0.246372	-0.047222	-0.045490	1.021354	0.341197	0.306396	0.254170	0.031372	0.009478	-0.488974	0.871683	
 1687526433.498360	1687526433.441844	22.811123	-39.258025	-1.533038	0.297720	0.297821	0.245221	-0.040623	-0.048212	1.026886	0.364570	0.335640	0.253055	0.030964	0.005850	-0.491362	0.870385	
 1687526433.804353	1687526433.744299	22.848307	-39.324574	-1.525167	0.241360	0.241426	0.215299	-0.031304	-0.041244	1.020706	0.296983	0.300064	0.222167	0.025635	0.003582	-0.488603	0.872122	
 1687526434.208535	1687526434.174348	22.904770	-39.398910	-1.512085	0.298023	0.298182	0.245159	-0.039275	-0.044601	1.016565	0.297827	0.307262	0.253121	0.029030	0.006300	-0.486845	0.872983	
 1687526437.019342	1687526437.015005	23.121883	-39.566694	-1.538156	0.295978	0.296549	0.245828	-0.219974	-0.239559	0.126797	0.310437	0.308537	0.253155	0.125437	0.101235	-0.075612	0.984022	
 1687526437.323538	1687526437.317549	23.154896	-39.738302	-1.538149	0.238857	0.246084	0.225268	-0.178324	-0.181838	-0.141054	0.443538	0.580450	0.213888	0.083959	0.094828	0.061834	0.990018	
 1687526437.627325	1687526437.619357	23.205961	-39.660513	-1.591849	0.234547	0.236092	0.215521	-0.117390	-0.111697	0.252169	0.451221	0.568005	0.213653	0.062646	0.051098	-0.128587	0.988398	
 1687526438.035159	1687526438.021497	23.309562	-39.571813	-1.649538	0.290105	0.291916	0.246078	-0.099786	-0.063428	0.750089	0.499084	0.549403	0.246418	0.047728	0.034782	-0.367146	0.928287	
 1687526438.443003	1687526438.424872	23.392725	-39.587376	-1.683620	0.296908	0.296086	0.253503	-0.082069	-0.034819	1.055224	0.508775	0.363760	0.247908	0.035679	0.026682	-0.503588	0.862794	
 1687526438.846457	1687526438.826779	23.432708	-39.698128	-1.703893	0.295023	0.295237	0.252674	-0.092833	-0.028978	1.135378	0.464598	0.284721	0.248211	0.037149	0.031336	-0.537616	0.841788	
 1687526439.255216	1687526439.230242	23.467116	-39.795777	-1.718244	0.295141	0.295740	0.250724	-0.085314	-0.043214	1.092599	0.534020	0.275913	0.249547	0.040594	0.025215	-0.519722	0.852998	
 1687526439.658650	1687526439.633321	23.506682	-39.912437	-1.714608	0.298604	0.300489	0.250339	-0.096725	-0.049488	1.002196	0.499429	0.312025	0.252763	0.044891	0.030515	-0.480729	0.875187	
 1687526440.066366	1687526440.037663	23.543154	-40.018037	-1.704265	0.295159	0.296324	0.247134	-0.083115	-0.051526	0.979428	0.553213	0.331371	0.252534	0.042248	0.024544	-0.470756	0.880910	
 1687526440.472414	1687526440.442025	23.574823	-40.089721	-1.698579	0.297956	0.299745	0.248335	-0.076045	-0.052375	0.995902	0.503013	0.347595	0.254132	0.041138	0.020888	-0.477992	0.877152	
 1687526440.876813	1687526440.846475	23.607865	-40.200107	-1.687400	0.298272	0.300059	0.248331	-0.097434	-0.064665	0.977718	0.466587	0.349430	0.254436	0.051364	0.027808	-0.470206	0.880622	
 1687526441.280744	1687526441.252403	23.637796	-40.278292	-1.702184	0.292923	0.293942	0.244569	-0.081393	-0.061793	0.989568	0.564142	0.385207	0.251632	0.046474	0.021132	-0.475328	0.878326	
 1687526441.689166	1687526441.657672	23.673763	-40.384641	-1.704141	0.290243	0.291417	0.243517	-0.060420	-0.066689	0.993937	0.490100	0.379242	0.250269	0.043685	0.010650	-0.477166	0.877662	
 1687526442.094938	1687526442.061264	23.711450	-40.501256	-1.704036	0.294511	0.296155	0.245592	-0.054262	-0.053446	0.984202	0.401843	0.408758	0.252314	0.036353	0.011280	-0.472775	0.880361	
 1687526442.502644	1687526442.463539	23.755108	-40.581531	-1.695979	0.297493	0.298879	0.246990	-0.074179	-0.054244	0.997684	0.384289	0.365472	0.253729	0.041531	0.019586	-0.478787	0.876729	
 1687526442.910973	1687526442.867528	23.797263	-40.700632	-1.694715	0.298083	0.298968	0.246632	-0.071969	-0.046059	0.980478	0.469418	0.361222	0.253888	0.037237	0.020896	-0.471138	0.881025	
 1687526443.318912	1687526443.275369	23.851736	-40.827259	-1.694868	0.299982	0.300638	0.247291	-0.061090	-0.041842	1.004674	0.465402	0.337949	0.254520	0.033028	0.016694	-0.481705	0.875552	
 1687526443.727236	1687526443.677482	23.895233	-40.930777	-1.692371	0.297856	0.298465	0.246710	-0.058184	-0.037978	1.002215	0.418736	0.325664	0.253860	0.030617	0.016389	-0.480592	0.876257	
 1687526444.133687	1687526444.082022	23.948519	-41.051408	-1.693076	0.301744	0.302304	0.248341	-0.057931	-0.037537	1.008917	0.400712	0.313004	0.255657	0.030418	0.016282	-0.483521	0.874652	
 1687526444.538227	1687526444.498552	23.993508	-41.138481	-1.700601	0.298253	0.298760	0.246688	-0.051107	-0.036844	1.008732	0.399504	0.310587	0.254160	0.028467	0.013466	-0.483425	0.874819	
 1687526444.944362	1687526444.902426	24.050198	-41.246439	-1.713363	0.290430	0.291179	0.243167	-0.062269	-0.040372	0.998058	0.361545	0.302259	0.250489	0.032609	0.017672	-0.478795	0.877143	
 1687526445.356251	1687526445.308043	24.112218	-41.368218	-1.724092	0.297555	0.297985	0.245520	-0.051297	-0.041040	1.009349	0.413586	0.316488	0.253294	0.030352	0.012526	-0.483722	0.874605	
 1687526445.764307	1687526445.711786	24.166619	-41.465410	-1.726322	0.298231	0.298720	0.245959	-0.051119	-0.038298	1.019891	0.371085	0.320223	0.253694	0.029179	0.012957	-0.488308	0.872087	
 1687526446.172025	1687526446.118790	24.238894	-41.580692	-1.717230	0.295020	0.295307	0.244656	-0.070003	-0.039583	1.040415	0.363389	0.307389	0.252417	0.034553	0.020528	-0.497259	0.866671	
 1687526446.580995	1687526446.522445	24.313081	-41.701475	-1.723270	0.298148	0.298300	0.245668	-0.029010	-0.051965	1.004257	0.450490	0.312800	0.253777	0.029749	0.000207	-0.481410	0.875991	
 1687526446.988069	1687526446.927007	24.387763	-41.789507	-1.725397	0.294009	0.294801	0.244585	-0.044890	-0.051548	1.017634	0.292845	0.351170	0.252103	0.033430	0.007043	-0.487365	0.872530	
 1687526447.394890	1687526447.330485	24.463622	-41.895163	-1.730246	0.295310	0.295758	0.244598	-0.040192	-0.048521	1.004912	0.334766	0.340379	0.252460	0.030930	0.005926	-0.481768	0.875733	
 1687526447.800749	1687526447.733282	24.521942	-41.979507	-1.729471	0.299568	0.299955	0.246419	-0.043962	-0.051205	1.027528	0.324800	0.337168	0.254296	0.033088	0.006557	-0.491669	0.870129	
 1687526448.205013	1687526448.173486	24.594883	-42.080309	-1.730377	0.297191	0.297501	0.245452	-0.032256	-0.053202	1.008064	0.333931	0.340674	0.253452	0.031073	0.001273	-0.483102	0.875012	
 1687526448.607826	1687526448.577470	24.683416	-42.186707	-1.728987	0.296831	0.297213	0.245345	-0.050112	-0.049795	1.021054	0.299283	0.347492	0.253189	0.033952	0.009691	-0.488877	0.871638	
 1687526449.011956	1687526448.982768	24.753770	-42.274549	-1.731251	0.297260	0.297291	0.245305	-0.043310	-0.051004	1.018092	0.358445	0.339417	0.253364	0.032810	0.006478	-0.487554	0.872452	
 1687526449.418418	1687526449.386883	24.836735	-42.381777	-1.728314	0.296527	0.296442	0.245561	-0.084614	-0.050970	1.068291	0.330542	0.338397	0.253330	0.043438	0.023429	-0.509413	0.859106	
 1687526449.821516	1687526449.790205	24.895794	-42.529967	-1.743153	0.297579	0.297429	0.245311	-0.030376	-0.050747	1.015744	0.500604	0.335233	0.253217	0.029550	0.000929	-0.486443	0.873212	
 1687526450.225646	1687526450.193151	24.961583	-42.638410	-1.737934	0.294768	0.295117	0.244695	-0.059094	-0.043379	1.061093	0.294670	0.338826	0.252086	0.033643	0.014506	-0.506218	0.861627	
 1687526450.630934	1687526450.596236	25.029004	-42.777969	-1.737570	0.292390	0.292413	0.243466	-0.038919	-0.050154	1.018805	0.385757	0.312932	0.251139	0.031372	0.004757	-0.487836	0.872358	
 1687526451.035733	1687526450.999074	25.089500	-42.878333	-1.751815	0.295066	0.295451	0.243501	-0.043749	-0.048594	1.056412	0.317503	0.335483	0.251551	0.031999	0.006645	-0.504174	0.862983	
 1687526451.440948	1687526451.404270	25.150746	-43.013155	-1.764756	0.299437	0.299842	0.245974	-0.018912	-0.038831	1.025250	0.333828	0.329924	0.253789	0.021555	-0.001283	-0.490512	0.871167	
 1687526451.848845	1687526451.809920	25.223985	-43.149622	-1.759192	0.295226	0.295851	0.244824	-0.034054	-0.050474	1.046084	0.268077	0.300122	0.252316	0.030360	0.002142	-0.499659	0.865688	
 1687526452.158201	1687526452.113100	25.290706	-43.252331	-1.757801	0.245607	0.245871	0.218513	-0.022693	-0.054605	1.053553	0.272925	0.301205	0.224930	0.029299	-0.003919	-0.502798	0.863899	
 1687526452.562485	1687526452.516893	25.362952	-43.377968	-1.762732	0.289686	0.289976	0.241751	-0.030505	-0.052182	1.042866	0.274221	0.342320	0.249081	0.030213	0.000227	-0.498241	0.866512	
 1687526452.966762	1687526452.922428	25.416759	-43.468330	-1.771557	0.300091	0.300227	0.246298	-0.033929	-0.048645	1.038952	0.299307	0.346069	0.254272	0.029528	0.002650	-0.496565	0.867493	
 1687526453.374220	1687526453.328527	25.470105	-43.581130	-1.773427	0.292547	0.292474	0.243187	-0.045696	-0.042552	1.016740	0.303664	0.329540	0.250963	0.029697	0.009600	-0.486941	0.872877	
 1687526453.778172	1687526453.762504	25.512156	-43.654377	-1.767026	0.300679	0.300343	0.246587	-0.049271	-0.041086	1.017780	0.347769	0.320821	0.254515	0.029932	0.011502	-0.487400	0.872590	
 1687526454.183766	1687526454.165617	25.560679	-43.746954	-1.754515	0.294611	0.294325	0.244337	-0.052985	-0.040651	1.000560	0.354652	0.312177	0.252189	0.030531	0.013493	-0.479876	0.876701	
 1687526454.587643	1687526454.570857	25.618021	-43.836309	-1.756070	0.300383	0.300258	0.246814	-0.039852	-0.038625	1.013803	0.374618	0.316802	0.254935	0.026551	0.008043	-0.485620	0.873730	
 1687526454.997001	1687526454.977561	25.673547	-43.901383	-1.766210	0.295895	0.296040	0.245047	-0.044310	-0.034758	1.020095	0.326665	0.308605	0.252838	0.025976	0.010848	-0.488361	0.872188	
 1687526455.407860	1687526455.378281	25.746421	-43.977061	-1.774136	0.302103	0.302134	0.247336	-0.047318	-0.032765	1.013998	0.342306	0.300109	0.255214	0.025802	0.012726	-0.485694	0.873655	
 1687526455.811806	1687526455.781792	25.822798	-44.049671	-1.770723	0.296166	0.296021	0.244841	-0.051070	-0.042824	1.017665	0.351263	0.293872	0.252806	0.031127	0.011866	-0.487365	0.872563	
 1687526456.217216	1687526456.185105	25.880382	-44.102874	-1.765735	0.300405	0.300442	0.246392	-0.029446	-0.034750	1.009532	0.373507	0.325312	0.254643	0.022324	0.004483	-0.483701	0.874937	
 1687526456.620148	1687526456.588544	25.958592	-44.158372	-1.756936	0.295866	0.296114	0.245109	-0.029043	-0.036328	1.021048	0.292928	0.294697	0.253060	0.022939	0.003793	-0.488732	0.872124	
 1687526457.025479	1687526456.992937	26.014990	-44.203708	-1.764318	0.294633	0.295097	0.244787	-0.017333	-0.044350	1.004770	0.292693	0.298785	0.252635	0.023605	-0.003083	-0.481549	0.876096	
 1687526457.432334	1687526457.395502	26.091753	-44.295163	-1.781230	0.301364	0.302099	0.247416	-0.030335	-0.046283	1.035207	0.269303	0.314204	0.255237	0.027608	0.001729	-0.494915	0.868501	
 1687526457.835731	1687526457.800273	26.159200	-44.405460	-1.791428	0.290937	0.291156	0.242375	-0.029148	-0.044256	1.038753	0.290765	0.315769	0.250324	0.026438	0.001667	-0.496445	0.867664	
 1687526458.241364	1687526458.203540	26.213551	-44.495512	-1.786384	0.297130	0.297144	0.244916	-0.036168	-0.051936	1.047790	0.292353	0.315837	0.252944	0.031522	0.002665	-0.500413	0.865209	
 1687526458.646119	1687526458.606440	26.272699	-44.610171	-1.779215	0.299093	0.299092	0.245865	-0.031378	-0.052461	1.037149	0.313011	0.338997	0.254059	0.030550	0.000623	-0.495768	0.867917	
 1687526459.049294	1687526459.009169	26.321007	-44.684022	-1.774185	0.298597	0.298560	0.245822	-0.047065	-0.049753	1.045894	0.301355	0.342828	0.253983	0.033292	0.007960	-0.499650	0.865551	
 1687526459.452524	1687526459.434732	26.369897	-44.789055	-1.774659	0.295032	0.294868	0.244278	-0.053044	-0.044710	1.030192	0.346012	0.332001	0.252227	0.032506	0.012065	-0.492838	0.869430	
 1687526459.856246	1687526459.837339	26.411467	-44.892924	-1.777554	0.294462	0.294150	0.243919	-0.055862	-0.042930	1.034532	0.367879	0.319877	0.251787	0.032455	0.013658	-0.494720	0.868339	
 1687526460.263420	1687526460.239238	26.447862	-44.957214	-1.779401	0.288516	0.288180	0.241270	-0.059689	-0.041329	1.023547	0.380034	0.314635	0.248846	0.032618	0.015897	-0.489939	0.871001	
 1687526460.666961	1687526460.643730	26.486442	-45.049408	-1.778519	0.294347	0.294006	0.243964	-0.058174	-0.039734	1.002764	0.396955	0.313434	0.251592	0.031389	0.015954	-0.480846	0.876098	
 1687526461.069590	1687526461.046413	26.524315	-45.135526	-1.781936	0.298656	0.298545	0.245802	-0.045706	-0.031416	1.033406	0.396366	0.314058	0.253718	0.024941	0.012108	-0.494138	0.868941	
 1687526461.475799	1687526461.449733	26.553782	-45.191481	-1.780197	0.295875	0.295915	0.244890	-0.057981	-0.027400	1.025072	0.347501	0.290417	0.252495	0.026148	0.018544	-0.490483	0.870861	
 1687526461.879545	1687526461.853708	26.592971	-45.284260	-1.782076	0.297907	0.297824	0.245511	-0.060007	-0.029906	1.012245	0.393338	0.283359	0.253143	0.027613	0.018990	-0.484909	0.873922	
 1687526462.283034	1687526462.257551	26.619403	-45.353048	-1.762207	0.292636	0.292474	0.243374	-0.061485	-0.032834	0.992483	0.401584	0.287773	0.251146	0.029062	0.019214	-0.476279	0.878604	
 1687526462.688419	1687526462.661901	26.682494	-45.445834	-1.771073	0.294610	0.294575	0.244282	-0.041196	-0.030012	1.040200	0.368664	0.283769	0.251573	0.023253	0.010415	-0.497074	0.867334	
 1687526463.091824	1687526463.066583	26.718854	-45.554117	-1.762561	0.293651	0.293966	0.243875	-0.082197	-0.030029	0.984640	0.311402	0.275928	0.251264	0.032638	0.029113	-0.472763	0.880104	
 1687526463.497245	1687526463.469584	26.779089	-45.623187	-1.785248	0.295140	0.295103	0.244921	-0.048004	-0.027462	1.012993	0.465067	0.286190	0.252471	0.023645	0.014325	-0.485219	0.873955	
 1687526463.900242	1687526463.878129	26.841769	-45.724564	-1.802336	0.290767	0.291417	0.242965	-0.038200	-0.018801	1.042943	0.332096	0.273275	0.249987	0.017663	0.011878	-0.498199	0.866801	
 1687526464.303863	1687526464.288764	26.903945	-45.836509	-1.814489	0.296657	0.297289	0.245445	-0.033020	-0.026938	1.069869	0.307682	0.262104	0.252923	0.020001	0.007336	-0.509860	0.859993	
 1687526464.707700	1687526464.692646	26.957687	-45.916067	-1.827548	0.297952	0.298539	0.246034	-0.034393	-0.028412	1.071689	0.299150	0.274929	0.253406	0.020991	0.007532	-0.510650	0.859499	
 1687526465.112333	1687526465.107198	27.012558	-46.033901	-1.834653	0.292749	0.293148	0.243272	-0.045390	-0.030488	1.032410	0.299437	0.274484	0.250679	0.024453	0.012212	-0.493700	0.869203	
 1687526465.519389	1687526465.511111	27.059375	-46.111678	-1.832119	0.297745	0.297878	0.245170	-0.045815	-0.029217	1.036461	0.338744	0.285132	0.253158	0.024031	0.012662	-0.495451	0.868211	
 1687526465.922845	1687526465.918643	27.114440	-46.214217	-1.825343	0.298685	0.298719	0.245822	-0.058161	-0.032845	1.015346	0.339896	0.282934	0.253789	0.028478	0.017426	-0.486291	0.873159	
 1687526466.326038	1687526466.321998	27.172299	-46.291718	-1.831163	0.296811	0.296759	0.245152	-0.055756	-0.032187	1.031680	0.389416	0.293818	0.253242	0.027741	0.016309	-0.493401	0.869207	
 1687526466.732161	1687526466.725242	27.221905	-46.320402	-1.846439	0.296411	0.296331	0.245031	-0.064680	-0.031669	1.012719	0.386079	0.293298	0.252887	0.029520	0.020598	-0.485130	0.873701	
 1687526467.135814	1687526467.127476	27.267964	-46.375315	-1.870942	0.298038	0.298038	0.245577	-0.040573	-0.023390	0.997750	0.418876	0.293185	0.253378	0.019972	0.012217	-0.478515	0.877767	
 1687526467.541954	1687526467.531231	27.299139	-46.412454	-1.889808	0.301015	0.301511	0.246890	-0.037520	-0.022917	1.000421	0.327734	0.275197	0.254594	0.019049	0.010965	-0.479683	0.877167	
 1687526467.947238	1687526467.933885	27.341976	-46.483170	-1.891959	0.297464	0.297913	0.245152	-0.038900	-0.027006	0.996249	0.314055	0.271341	0.252722	0.021151	0.010634	-0.477876	0.878108	
 1687526468.351515	1687526468.339241	27.398827	-46.552095	-1.883930	0.297822	0.298072	0.245467	-0.063537	-0.039607	1.012395	0.321953	0.280857	0.253546	0.032708	0.018178	-0.485065	0.873677	
 1687526468.758056	1687526468.741041	27.469627	-46.589369	-1.899872	0.298340	0.298521	0.245544	-0.020470	-0.027478	1.059129	0.422873	0.314784	0.253524	0.017026	0.001892	-0.505205	0.862830	
 1687526469.164251	1687526469.144000	27.531893	-46.674841	-1.904566	0.298667	0.299552	0.246616	-0.031170	-0.027149	1.036482	0.274328	0.276766	0.253851	0.019509	0.006814	-0.495431	0.868402	
 1687526469.570379	1687526469.549390	27.587022	-46.770498	-1.913525	0.297380	0.297894	0.245524	-0.033150	-0.032562	1.057756	0.299002	0.278296	0.253130	0.022416	0.006095	-0.504662	0.863005	
 1687526469.974317	1687526469.953840	27.627956	-46.835504	-1.916468	0.301181	0.301460	0.246806	-0.032892	-0.022479	1.046077	0.309788	0.292841	0.254453	0.017949	0.008633	-0.499576	0.866041	
 1687526470.378772	1687526470.357476	27.694652	-46.902092	-1.912551	0.292649	0.292736	0.243246	-0.043089	-0.029288	1.018711	0.300259	0.267697	0.250917	0.023285	0.011668	-0.487725	0.872609	
 1687526470.782760	1687526470.760243	27.752297	-46.938300	-1.911586	0.297777	0.297755	0.245329	-0.048310	-0.026972	1.008327	0.340314	0.287111	0.253448	0.023471	0.014633	-0.483176	0.875087	
 1687526471.186848	1687526471.163837	27.817534	-46.987304	-1.909252	0.296465	0.296393	0.244808	-0.055786	-0.021935	1.011031	0.353957	0.281313	0.252889	0.023097	0.019091	-0.484308	0.874384	
 1687526471.591172	1687526471.567245	27.886432	-47.031066	-1.908353	0.299338	0.299290	0.245874	-0.049675	-0.017441	1.028205	0.386108	0.274602	0.254007	0.019803	0.017337	-0.491772	0.870326	
 1687526471.995227	1687526471.969690	27.939518	-47.066007	-1.904501	0.294891	0.294881	0.244158	-0.042636	-0.022880	1.027512	0.361843	0.264703	0.252118	0.020436	0.012942	-0.491520	0.870530	
 1687526472.402193	1687526472.372220	28.006890	-47.117935	-1.900644	0.295130	0.295288	0.244359	-0.042512	-0.024529	1.025097	0.334500	0.272352	0.252396	0.021108	0.012509	-0.490479	0.871107	
 1687526472.806578	1687526472.776155	28.089011	-47.163466	-1.901250	0.293366	0.293552	0.243567	-0.040141	-0.022002	1.099523	0.335085	0.275120	0.251602	0.019863	0.011365	-0.522535	0.852310	
 1687526473.210203	1687526473.179693	28.139262	-47.202941	-1.905408	0.300804	0.301038	0.246879	-0.044041	-0.026521	1.141890	0.334195	0.272745	0.254978	0.023053	0.011361	-0.540494	0.840955	
 1687526473.616005	1687526473.585356	28.180805	-47.274141	-1.910104	0.296589	0.296716	0.244967	-0.046308	-0.019584	1.147019	0.345351	0.277668	0.253076	0.020784	0.014135	-0.542602	0.839614	
 1687526474.025850	1687526473.977787	28.220894	-47.317853	-1.909276	0.299301	0.299317	0.245888	-0.047757	-0.025503	1.202288	0.357219	0.267600	0.254006	0.024016	0.012479	-0.565630	0.824215	
 1687526474.433968	1687526474.381203	28.271450	-47.382202	-1.898466	0.297283	0.297314	0.245126	-0.049661	-0.031298	1.218903	0.361818	0.274862	0.253258	0.027037	0.011401	-0.572490	0.819387	
 1687526474.839676	1687526474.813022	28.319583	-47.445124	-1.889384	0.291872	0.291915	0.242993	-0.058963	-0.016630	1.245597	0.370213	0.283829	0.251049	0.023945	0.019094	-0.583236	0.811725	
 1687526475.244048	1687526475.218967	28.359769	-47.484240	-1.887016	0.300628	0.300580	0.246719	-0.057070	-0.016273	1.284085	0.420189	0.263405	0.254697	0.023598	0.017979	-0.598755	0.800383	
 1687526475.648905	1687526475.624891	28.396883	-47.552800	-1.888401	0.297531	0.297631	0.245359	-0.046951	-0.014270	1.309661	0.404691	0.260056	0.253259	0.019953	0.014273	-0.608974	0.792810	
 1687526476.053135	1687526476.029367	28.433465	-47.591240	-1.878314	0.297053	0.297116	0.245212	-0.076428	-0.022060	1.376629	0.362325	0.256855	0.253177	0.032780	0.022503	-0.635059	0.771439	
 1687526476.462201	1687526476.434313	28.465910	-47.651900	-1.881032	0.297670	0.297617	0.245477	-0.056368	-0.027124	1.401129	0.523586	0.266396	0.253490	0.028528	0.012802	-0.644626	0.763858	
 1687526476.866930	1687526476.806896	28.492047	-47.710562	-1.882540	0.296267	0.296426	0.244875	-0.059014	-0.028209	1.438751	0.409406	0.271794	0.252928	0.030042	0.012901	-0.658876	0.751541	
 1687526477.273769	1687526477.210246	28.513090	-47.745181	-1.877455	0.295508	0.295651	0.244662	-0.065471	-0.027710	1.472235	0.427253	0.272419	0.252572	0.032235	0.014956	-0.671328	0.740308	
 1687526477.680895	1687526477.615084	28.520899	-47.807621	-1.880566	0.301019	0.301209	0.246662	-0.032818	-0.024131	1.493564	0.461057	0.271429	0.254785	0.019998	0.003847	-0.679285	0.733592	
 1687526478.089503	1687526478.032131	28.533585	-47.869229	-1.877905	0.298867	0.299368	0.246238	-0.012845	-0.036271	1.509514	0.307465	0.264869	0.254087	0.017609	-0.007747	-0.685070	0.728223	
 1687526478.495806	1687526478.435697	28.559741	-47.898178	-1.869316	0.299189	0.299880	0.246900	-0.029946	-0.033262	1.560372	0.258385	0.284555	0.254397	0.022349	-0.001056	-0.703413	0.710429	
 1687526478.900836	1687526478.839610	28.570875	-47.958457	-1.868169	0.299060	0.299666	0.246068	-0.027762	-0.024268	1.599300	0.286322	0.268745	0.253537	0.018409	0.000973	-0.717108	0.696719	
 1687526479.307348	1687526479.244738	28.571016	-47.985632	-1.864146	0.299653	0.299895	0.245994	-0.036378	-0.033720	1.631964	0.282361	0.259054	0.253904	0.024795	0.000181	-0.728385	0.684720	
 1687526479.719353	1687526479.649744	28.583365	-48.042162	-1.853603	0.298346	0.298586	0.246003	-0.050636	-0.013706	1.714409	0.304162	0.267689	0.253633	0.023622	0.011390	-0.755869	0.654197	
 1687526480.125511	1687526480.053925	28.575112	-48.086756	-1.853931	0.302756	0.302722	0.247659	-0.061063	-0.018369	1.738313	0.349699	0.250849	0.255596	0.029240	0.012692	-0.763578	0.644929	
 1687526480.530035	1687526480.457932	28.593172	-48.109639	-1.829985	0.298119	0.297808	0.246658	-0.096135	-0.023843	1.767551	0.388519	0.250489	0.253887	0.044698	0.021266	-0.772554	0.633016	
 1687526480.933382	1687526480.863067	28.563769	-48.148713	-1.856686	0.298077	0.297879	0.245710	-0.041281	-0.010775	1.779178	0.496483	0.248660	0.253182	0.019424	0.008813	-0.776706	0.629502	
 1687526481.341029	1687526481.267878	28.553135	-48.188982	-1.856314	0.297719	0.297904	0.245899	-0.061047	-0.015943	1.757015	0.308796	0.247147	0.252914	0.028578	0.013346	-0.769559	0.637796	
 1687526481.744530	1687526481.671426	28.543314	-48.202647	-1.858320	0.300403	0.300492	0.246933	-0.070392	-0.004642	1.834359	0.384019	0.249503	0.254440	0.029346	0.019556	-0.793446	0.607619	
 1687526482.151413	1687526482.077146	28.529239	-48.244064	-1.872843	0.292972	0.293167	0.243743	-0.042391	-0.004382	1.864396	0.421613	0.245966	0.250901	0.018323	0.010874	-0.802777	0.595898	
 1687526482.557346	1687526482.542488	28.518910	-48.283812	-1.870443	0.296465	0.297125	0.245333	-0.076932	0.012542	1.887954	0.322490	0.246707	0.252508	0.027470	0.027632	-0.809141	0.586322	
 1687526482.962703	1687526482.948632	28.494545	-48.300015	-1.886260	0.295700	0.295819	0.244920	-0.031417	0.000100	1.927884	0.480473	0.258192	0.252142	0.012875	0.008999	-0.821344	0.570217	
 1687526483.374332	1687526483.353044	28.466949	-48.336688	-1.898861	0.297083	0.297642	0.245549	-0.022838	0.008687	1.944524	0.294135	0.247377	0.252520	0.006986	0.010022	-0.826073	0.563431	
 1687526483.783416	1687526483.755767	28.449223	-48.351988	-1.893576	0.296461	0.297103	0.245639	-0.050680	-0.015126	1.962174	0.280540	0.250553	0.252952	0.025262	0.007807	-0.830918	0.555766	
 1687526484.188560	1687526484.160521	28.425048	-48.376879	-1.910364	0.301265	0.301436	0.247034	-0.038503	0.002434	1.980586	0.346683	0.248876	0.254572	0.015429	0.011575	-0.836018	0.548362	
 1687526484.595926	1687526484.562985	28.411996	-48.392514	-1.916001	0.296614	0.296803	0.244744	-0.053666	-0.018641	1.995595	0.316555	0.248931	0.252418	0.027595	0.006716	-0.840076	0.541726	
 1687526485.001475	1687526484.966754	28.398183	-48.393335	-1.924593	0.301993	0.302157	0.247058	-0.030434	0.001898	2.052828	0.364529	0.249723	0.254913	0.012525	0.008692	-0.855341	0.517842	
 1687526485.404546	1687526485.369628	28.381754	-48.409232	-1.930530	0.294068	0.294354	0.244056	-0.028253	-0.001101	2.081278	0.295438	0.247588	0.251562	0.012465	0.006668	-0.862645	0.505612	
 1687526485.809067	1687526485.775746	28.374528	-48.432925	-1.931803	0.294992	0.295327	0.244446	-0.054856	0.006815	2.131132	0.290539	0.247002	0.252167	-0.022350	-0.016254	0.874684	-0.483906	
 1687526486.216792	1687526486.181346	28.348059	-48.436242	-1.949413	0.300482	0.300586	0.246437	-0.038204	0.004210	2.162336	0.381779	0.258823	0.254373	-0.015867	-0.010840	0.882326	-0.470246	
 1687526486.623789	1687526486.586040	28.322143	-48.460215	-1.953543	0.298377	0.298612	0.245489	-0.043367	-0.000135	2.174447	0.320012	0.252422	0.253273	-0.019227	-0.010021	0.885132	-0.464835	
 1687526487.030153	1687526486.988158	28.292985	-48.470523	-1.947640	0.298731	0.298866	0.245741	-0.046364	0.003553	2.201313	0.336292	0.250913	0.253837	-0.019860	-0.012084	0.891245	-0.452925	
 1687526487.434454	1687526487.391346	28.279723	-48.505693	-1.942237	0.299183	0.299353	0.246259	-0.047686	-0.005298	2.265337	0.347486	0.254741	0.254224	-0.022712	-0.007716	0.905314	-0.424065	
 1687526487.838340	1687526487.795903	28.257771	-48.529479	-1.950035	0.296469	0.296588	0.244428	-0.041027	-0.005218	2.275176	0.339849	0.247330	0.252115	-0.019712	-0.006243	0.907452	-0.419646	
 1687526488.244756	1687526488.226058	28.221873	-48.532742	-1.961880	0.298489	0.298626	0.245262	-0.037306	-0.009873	2.271860	0.322561	0.247950	0.253374	-0.018995	-0.003381	0.906796	-0.421127	
 1687526488.651654	1687526488.629592	28.193196	-48.555944	-1.961715	0.301016	0.301136	0.246430	-0.030868	-0.010431	2.273295	0.308691	0.248457	0.254603	-0.016195	-0.001761	0.907142	-0.420510	
 1687526489.056880	1687526489.033870	28.183830	-48.581765	-1.946764	0.297338	0.297491	0.245215	-0.046127	-0.011156	2.297064	0.291514	0.247583	0.253311	-0.023321	-0.004364	0.911959	-0.409594	
 1687526489.460027	1687526489.440965	28.175796	-48.589387	-1.944232	0.299670	0.299826	0.246481	-0.053352	-0.000154	2.361665	0.335968	0.248455	0.254489	-0.024700	-0.010068	0.924594	-0.380018	
 1687526489.867388	1687526489.844162	28.164556	-48.592870	-1.954754	0.295510	0.295564	0.244489	-0.043981	-0.003168	2.404292	0.358731	0.250958	0.252491	-0.021082	-0.006447	0.932600	-0.360236	
 1687526490.270843	1687526490.248509	28.148716	-48.607928	-1.960009	0.300771	0.301013	0.246633	-0.059163	0.004816	2.473416	0.328274	0.249836	0.254779	-0.027152	-0.011972	0.944270	-0.327831	
 1687526490.674958	1687526490.654939	28.126315	-48.611373	-1.967515	0.298935	0.298991	0.245638	-0.021414	-0.010271	2.463183	0.375601	0.257744	0.253861	-0.011805	0.001280	0.942971	-0.332662	
 1687526491.079395	1687526491.057623	28.111915	-48.619937	-1.955279	0.297254	0.297532	0.245306	-0.036349	-0.003310	2.491737	0.268473	0.248718	0.253306	-0.017751	-0.004233	0.947526	-0.319159	
 1687526491.483551	1687526491.461357	28.092757	-48.630722	-1.948704	0.296983	0.297169	0.245339	-0.041233	0.001463	2.541207	0.301507	0.247578	0.253438	-0.019477	-0.006794	0.955072	-0.295656	
 1687526491.888636	1687526491.865684	28.069796	-48.636979	-1.953496	0.295522	0.295672	0.244338	-0.033312	-0.001687	2.559867	0.311371	0.249197	0.252404	-0.016197	-0.003969	0.957868	-0.286725	
 1687526492.292928	1687526492.272224	28.015858	-48.630422	-1.934567	0.296732	0.297012	0.245136	-0.056350	0.002700	2.527359	0.291145	0.247551	0.253222	-0.026445	-0.009803	0.952819	-0.302227	
 1687526492.700567	1687526492.677771	27.973686	-48.635880	-1.940746	0.298234	0.298326	0.245497	-0.031073	0.006936	2.559527	0.355105	0.252457	0.253725	-0.013887	-0.007780	0.957811	-0.286957	
 1687526493.109260	1687526493.083400	27.934075	-48.650020	-1.945556	0.299851	0.300112	0.246462	-0.036282	0.005499	2.559222	0.286924	0.253702	0.254557	-0.016587	-0.007841	0.957729	-0.287087	
 1687526493.514959	1687526493.486552	27.879670	-48.664601	-1.956282	0.299540	0.299660	0.246204	-0.026716	0.008279	2.550738	0.299578	0.252986	0.254284	-0.011574	-0.007849	0.956568	-0.291173	
 1687526493.919270	1687526493.888440	27.830429	-48.688349	-1.963285	0.298793	0.298982	0.245789	-0.023475	0.004542	2.557379	0.277869	0.253660	0.253830	-0.010586	-0.005555	0.957563	-0.287975	
 1687526494.323618	1687526494.291742	27.776576	-48.710987	-1.961342	0.299062	0.299257	0.246114	-0.042783	0.007606	2.543498	0.271603	0.250500	0.254222	-0.019320	-0.009935	0.955368	-0.294618	
 1687526494.727148	1687526494.696981	27.714028	-48.736910	-1.970281	0.296797	0.296889	0.244964	-0.025408	0.009189	2.551688	0.316478	0.254022	0.253021	-0.010820	-0.008089	0.956712	-0.290724	
 1687526495.031853	1687526494.998158	27.651212	-48.765765	-1.974156	0.240044	0.240154	0.214639	-0.031994	0.016197	2.554230	0.240036	0.221674	0.221185	-0.012967	-0.012381	0.956993	-0.289555	
 1687526495.441948	1687526495.400316	27.584842	-48.802828	-1.983768	0.294827	0.294954	0.243423	-0.027867	0.015706	2.553833	0.285426	0.260845	0.251338	-0.011061	-0.011551	0.956973	-0.289736	
 1687526495.846026	1687526495.806098	27.505749	-48.857023	-1.990905	0.295952	0.296082	0.244307	-0.028809	0.011037	2.550997	0.278351	0.260492	0.252221	-0.012175	-0.009471	0.956579	-0.291066	
 1687526496.251056	1687526496.213174	27.431292	-48.899383	-1.998379	0.291162	0.291296	0.242482	-0.028737	0.010304	2.546941	0.277774	0.252549	0.250312	-0.012228	-0.009135	0.955990	-0.293001	
 1687526496.654642	1687526496.618416	27.351885	-48.945941	-2.009141	0.298852	0.298971	0.245716	-0.016457	0.000012	2.535553	0.279940	0.254616	0.253794	-0.007852	-0.002461	0.954407	-0.298394	
 1687526497.058141	1687526497.021438	27.270547	-49.011839	-2.006805	0.291037	0.291199	0.242533	-0.046137	0.008135	2.565985	0.255696	0.244465	0.250250	-0.020963	-0.010446	0.958580	-0.283859	
 1687526497.463166	1687526497.425667	27.182489	-49.068660	-2.010743	0.292798	0.292869	0.243058	-0.026793	0.004357	2.532209	0.320780	0.250879	0.250899	-0.012125	-0.006097	0.953843	-0.299999	
 1687526497.869854	1687526497.830411	27.103478	-49.138075	-2.010489	0.298605	0.298827	0.245768	-0.042368	0.003432	2.568960	0.274862	0.249287	0.253631	-0.019836	-0.007628	0.959064	-0.282391	
 1687526498.274731	1687526498.233872	27.023280	-49.193553	-2.016725	0.297601	0.297688	0.245263	-0.035185	0.006565	2.551233	0.311265	0.249020	0.253232	-0.015876	-0.008258	0.956580	-0.290921	
 1687526498.678849	1687526498.637053	26.940553	-49.258358	-2.018885	0.298992	0.299243	0.246220	-0.052909	0.011346	2.578168	0.293284	0.251393	0.254134	-0.023832	-0.012801	0.960187	-0.278043	
 1687526499.087679	1687526499.039753	26.847247	-49.318668	-2.027159	0.298706	0.298825	0.245576	-0.022293	0.009057	2.541518	0.343848	0.256073	0.253603	-0.009310	-0.007620	0.955241	-0.295583	
 1687526499.491209	1687526499.444651	26.765818	-49.370461	-2.019736	0.296491	0.296935	0.245148	-0.045722	0.009910	2.558909	0.267083	0.251315	0.252867	-0.020473	-0.011311	0.957565	-0.287267	
 1687526499.897603	1687526499.864476	26.688182	-49.415222	-2.021002	0.297283	0.297475	0.245277	-0.023743	0.001771	2.542055	0.320031	0.253199	0.253207	-0.011081	-0.004352	0.955334	-0.295289	
 1687526500.302647	1687526500.267391	26.607804	-49.461090	-2.025261	0.297349	0.297609	0.245277	-0.032515	0.001668	2.562931	0.268407	0.247401	0.252996	-0.015343	-0.005438	0.958304	-0.285286	
 1687526500.705875	1687526500.671609	26.518513	-49.509167	-2.030271	0.294573	0.294703	0.243806	-0.020826	0.005113	2.554230	0.284561	0.246162	0.251613	-0.009227	-0.005461	0.957122	-0.289487	
 1687526501.109249	1687526501.076076	26.427899	-49.568098	-2.027756	0.298285	0.298558	0.245633	-0.035016	0.004479	2.563321	0.263498	0.248895	0.253461	-0.016142	-0.007138	0.958330	-0.285117	
 1687526501.515682	1687526501.479713	26.330928	-49.628423	-2.027390	0.295443	0.295587	0.244409	-0.035694	0.008414	2.549574	0.290173	0.247758	0.252259	-0.015843	-0.009229	0.956326	-0.291728	
 1687526501.919891	1687526501.883225	26.219113	-49.703761	-2.029508	0.300654	0.300845	0.246575	-0.033599	0.009135	2.558592	0.293605	0.252159	0.254441	-0.014777	-0.009202	0.957647	-0.287419	
 1687526502.330961	1687526502.294335	26.106983	-49.780849	-2.031736	0.297148	0.297376	0.245158	-0.036063	0.009980	2.552913	0.287425	0.251162	0.252952	-0.015808	-0.010005	0.956800	-0.290143	
 1687526502.738203	1687526502.696234	26.006424	-49.843848	-2.040167	0.300944	0.301153	0.246706	-0.025275	0.005312	2.548139	0.296893	0.253663	0.254796	-0.011308	-0.006235	0.956209	-0.292400	
 1687526503.142327	1687526503.101003	25.906382	-49.915822	-2.046546	0.300638	0.300906	0.246671	-0.027254	0.003668	2.555149	0.271300	0.249926	0.254645	-0.012515	-0.005694	0.957220	-0.289035	
 1687526503.546879	1687526503.504310	25.817853	-49.974455	-2.045784	0.299457	0.299691	0.246021	-0.026053	0.002520	2.550770	0.275233	0.248742	0.253979	-0.012095	-0.004997	0.956596	-0.291124	
 1687526503.950776	1687526503.908602	25.734069	-50.043601	-2.040511	0.292713	0.292973	0.243242	-0.019259	0.009556	2.629806	0.269235	0.245517	0.251107	-0.008106	-0.007059	0.967370	-0.253140	
 1687526504.354849	1687526504.312736	25.665873	-50.107490	-2.033882	0.296836	0.297121	0.245059	-0.023852	0.001043	2.656782	0.260720	0.250682	0.252980	-0.011452	-0.003369	0.970693	-0.240027	
 1687526504.761073	1687526504.716526	25.598046	-50.154500	-2.032254	0.298214	0.298389	0.245560	-0.016971	-0.004590	2.681542	0.269134	0.247621	0.253729	-0.008785	0.000300	0.973627	-0.227974	
 1687526505.168623	1687526505.121507	25.517116	-50.219858	-2.032364	0.299128	0.299339	0.245790	-0.020538	-0.014791	2.763788	0.258082	0.248412	0.253902	-0.011474	0.005335	0.982147	-0.187691	
 1687526505.572371	1687526505.531620	25.445370	-50.274555	-2.019146	0.293363	0.293603	0.243320	-0.027039	-0.016454	2.778910	0.260236	0.253157	0.251295	-0.014780	0.005653	0.983500	-0.180217	
 1687526505.977763	1687526505.935129	25.386870	-50.290934	-2.017491	0.298378	0.298539	0.245782	0.008997	-0.028019	2.770037	0.275204	0.258094	0.254050	0.001833	0.014598	0.982675	-0.184753	
 1687526506.381328	1687526506.338895	25.325799	-50.338775	-2.016443	0.287640	0.287803	0.240975	-0.000241	-0.024616	2.831255	0.245553	0.269271	0.248800	-0.002021	0.012141	0.987911	-0.154534	
 1687526506.789168	1687526506.743706	25.269509	-50.380726	-2.009823	0.297463	0.297584	0.244977	-0.010414	-0.030378	2.846840	0.246884	0.268229	0.253072	-0.007380	0.014259	0.989044	-0.146746	
 1687526507.194366	1687526507.147430	25.201853	-50.426397	-2.000424	0.299435	0.299526	0.245709	-0.002357	-0.024538	2.894543	0.251655	0.278882	0.253955	-0.002681	0.012030	0.992307	-0.123187	
 1687526507.598820	1687526507.549908	25.144987	-50.473700	-1.977982	0.294333	0.294532	0.244059	-0.033959	-0.024849	2.979677	0.246160	0.266578	0.252074	-0.017926	0.011009	0.996521	-0.080641	
 1687526508.003258	1687526507.954600	25.102981	-50.485647	-1.970460	0.295858	0.295881	0.244631	-0.005494	-0.026801	2.973514	0.289573	0.267987	0.252849	-0.003862	0.013122	0.996381	-0.083896	
 1687526508.407479	1687526508.360261	25.057729	-50.506861	-1.964576	0.301135	0.301219	0.246830	-0.009575	-0.025555	3.042901	0.250030	0.273115	0.255082	-0.005412	0.012525	0.998693	-0.049260	
 1687526508.816294	1687526508.765470	25.014510	-50.517865	-1.958621	0.295553	0.295586	0.244309	0.009399	-0.018703	3.068231	0.249916	0.268573	0.252486	0.004353	0.009517	0.999271	-0.036714	
 1687526509.220038	1687526509.168404	24.980362	-50.517182	-1.946382	0.299454	0.299624	0.246232	-0.041949	-0.025074	3.127766	0.251671	0.260223	0.254427	-0.021057	0.012388	0.999679	-0.006648	
 1687526509.625687	1687526509.573948	24.953295	-50.527777	-1.933252	0.294997	0.295015	0.244361	-0.043437	-0.011113	-3.085127	0.307785	0.263758	0.252515	-0.021551	0.006166	0.999347	0.028342	
 1687526510.028609	1687526509.980483	24.924633	-50.507147	-1.952544	0.285293	0.285335	0.239561	0.036312	-0.016478	-3.131608	0.309854	0.244636	0.247428	0.018195	0.008147	0.999790	0.004842	
 1687526510.432554	1687526510.383788	24.893958	-50.503267	-1.937077	0.293668	0.294142	0.243749	-0.029121	-0.024834	-3.070974	0.295089	0.252369	0.251102	-0.014112	0.012921	0.999187	0.035476	
 1687526510.836094	1687526510.789452	24.867349	-50.501509	-1.933380	0.299352	0.299453	0.246307	0.009721	-0.004748	-3.011572	0.280937	0.265204	0.254259	0.005005	0.002053	0.997874	0.064952	
 1687526511.241591	1687526511.194237	24.846939	-50.488271	-1.933326	0.298540	0.298684	0.246036	0.006004	-0.007402	-2.991310	0.251941	0.248099	0.254095	0.003271	0.003465	0.997168	0.075058	
 1687526511.644916	1687526511.632146	24.819018	-50.475074	-1.938110	0.295424	0.295545	0.244714	-0.021233	-0.016698	-2.953286	0.248246	0.248021	0.252819	-0.009784	0.009310	0.995472	0.094094	
 1687526512.053832	1687526512.036119	24.787597	-50.470279	-1.958834	0.294197	0.294274	0.243583	0.016126	-0.012783	-2.912468	0.263197	0.252782	0.251723	0.008741	0.005427	0.993398	0.114255	
 1687526512.461022	1687526512.442416	24.755190	-50.459592	-1.959261	0.299444	0.299555	0.245693	0.009953	-0.013666	-2.903233	0.259046	0.252602	0.253907	0.005754	0.006193	0.992875	0.118860	
 1687526512.865359	1687526512.845840	24.725938	-50.456871	-1.939819	0.300465	0.300545	0.246664	-0.015956	-0.006529	-2.816074	0.253732	0.254516	0.255031	-0.007344	0.004514	0.986743	0.162061	
 1687526513.268411	1687526513.250435	24.705075	-50.443280	-1.943709	0.295727	0.295768	0.244896	0.008734	-0.013350	-2.804491	0.257964	0.247647	0.253179	0.005425	0.005848	0.985802	0.167720	
 1687526513.674230	1687526513.656278	24.674962	-50.420688	-1.960591	0.297594	0.297557	0.245229	0.008739	-0.015035	-2.792731	0.251798	0.252772	0.253504	0.005608	0.006645	0.984794	0.173508	
 1687526514.080993	1687526514.062239	24.622849	-50.420183	-1.965821	0.300350	0.300371	0.246204	-0.006222	-0.015546	-2.728159	0.253122	0.255525	0.254587	-0.001449	0.008246	0.978671	0.205264	
 1687526514.488024	1687526514.466320	24.589067	-50.409170	-1.968116	0.298475	0.298471	0.245124	0.001487	-0.015480	-2.724438	0.249587	0.254014	0.253318	0.002330	0.007418	0.978298	0.207056	
 1687526514.897523	1687526514.869504	24.546620	-50.405326	-1.963680	0.291167	0.291156	0.242214	-0.001281	-0.010557	-2.677031	0.246062	0.251268	0.250402	0.000592	0.005284	0.973129	0.230198	
 1687526515.301210	1687526515.275326	24.508263	-50.407451	-1.960671	0.302743	0.302713	0.247141	-0.006771	-0.011365	-2.626388	0.251120	0.252463	0.255593	-0.001826	0.006357	0.966978	0.254776	
 1687526515.705176	1687526515.680488	24.460562	-50.403606	-1.964323	0.293201	0.293163	0.243060	0.002290	-0.019033	-2.608448	0.248409	0.248261	0.251219	0.003611	0.008879	0.964638	0.263404	
 1687526516.108457	1687526516.085290	24.404756	-50.397505	-1.957278	0.293275	0.293284	0.243266	-0.015797	-0.000842	-2.538919	0.248124	0.256252	0.251443	-0.007418	0.002746	0.954910	0.296791	
 1687526516.515229	1687526516.490098	24.372147	-50.371675	-1.968476	0.295816	0.295792	0.244493	0.012309	-0.011829	-2.546523	0.258185	0.246444	0.252735	0.007618	0.003850	0.956038	0.293119	
 1687526516.921057	1687526516.895547	24.333797	-50.360883	-1.964086	0.295582	0.295703	0.244488	-0.031014	-0.010468	-2.480260	0.253753	0.250230	0.252489	-0.012967	0.009985	0.945673	0.324706	
 1687526517.327602	1687526517.306566	24.290779	-50.351838	-1.970802	0.296158	0.296196	0.244760	-0.012351	-0.007937	-2.447517	0.272391	0.247454	0.252706	-0.004458	0.005832	0.940351	0.340128	
 1687526517.731891	1687526517.710794	24.263949	-50.326653	-1.972468	0.292596	0.292585	0.242776	0.017623	-0.017222	-2.455864	0.251084	0.245661	0.250704	0.011193	0.005147	0.941750	0.336089	
 1687526518.135542	1687526518.115470	24.226807	-50.305190	-1.964307	0.292173	0.292222	0.242813	0.029834	-0.028698	-2.405246	0.257658	0.253980	0.250757	0.019079	0.008017	0.932864	0.359635	
 1687526518.540234	1687526518.518646	24.192525	-50.288806	-1.959754	0.298595	0.298689	0.245770	0.008565	-0.015181	-2.336368	0.280676	0.275538	0.253898	0.006914	0.005305	0.920018	0.391778	
 1687526518.947027	1687526518.923596	24.161764	-50.264338	-1.966116	0.288281	0.288231	0.241185	0.034454	-0.024942	-2.342933	0.248117	0.250137	0.249083	0.020717	0.004791	0.921197	0.388515	
 1687526519.354370	1687526519.327102	24.123803	-50.249611	-1.969276	0.299603	0.299575	0.245859	0.009049	-0.023024	-2.284978	0.287603	0.270431	0.253883	0.008897	0.008593	0.909622	0.415252	
 1687526519.761323	1687526519.730191	24.075021	-50.246478	-1.952050	0.293448	0.293399	0.243262	-0.017238	-0.011501	-2.193332	0.250847	0.262410	0.251338	-0.005042	0.009051	0.889620	0.456585	
 1687526520.166499	1687526520.133041	24.054745	-50.215402	-1.948883	0.298844	0.298940	0.245869	0.018247	-0.015679	-2.242953	0.256498	0.250597	0.253922	0.011622	0.003098	0.900709	0.434257	
 1687526520.570952	1687526520.535045	24.027629	-50.180119	-1.948623	0.297180	0.297196	0.245400	-0.002142	-0.020446	-2.189762	0.259974	0.256479	0.253481	0.003732	0.009577	0.888822	0.458138	
 1687526520.975175	1687526520.941508	24.011384	-50.137821	-1.965104	0.297297	0.297278	0.244892	0.016056	-0.017255	-2.183869	0.248191	0.260251	0.252879	0.011100	0.003958	0.887490	0.460676	
 1687526521.381839	1687526521.345825	23.984918	-50.098667	-1.984479	0.292880	0.292835	0.243148	0.031313	-0.033446	-2.178622	0.254958	0.255968	0.251233	0.021617	0.007570	0.886197	0.462743	
 1687526521.789167	1687526521.753694	23.956511	-50.045175	-1.989786	0.293416	0.293274	0.243098	0.026450	-0.038552	-2.181457	0.279011	0.286291	0.251035	0.020629	0.010988	0.886839	0.461487	
 1687526522.193212	1687526522.156748	23.910887	-49.992528	-1.977443	0.296305	0.296193	0.244656	0.028558	-0.029241	-2.198662	0.269118	0.292719	0.252773	0.019359	0.006539	0.890813	0.453911	
 1687526522.597178	1687526522.509778	23.858122	-49.928554	-1.978648	0.297819	0.297743	0.245357	0.016851	-0.016802	-2.194551	0.273055	0.275681	0.253464	0.011329	0.003634	0.889938	0.455927	
 1687526523.001489	1687526522.984787	23.821770	-49.846755	-1.991506	0.292482	0.292410	0.242854	0.026026	-0.018651	-2.213225	0.254559	0.254573	0.250592	0.015810	0.002513	0.894127	0.447527	
 1687526523.408499	1687526523.389068	23.760258	-49.778755	-1.995374	0.298701	0.298621	0.245504	0.015371	-0.011472	-2.195460	0.268590	0.259603	0.253375	0.009455	0.001605	0.890155	0.455558	
 1687526523.813396	1687526523.794250	23.699457	-49.715096	-1.994043	0.295953	0.295883	0.244475	0.014232	-0.007730	-2.226022	0.254401	0.251103	0.252247	0.008091	0.000322	0.897016	0.441923	
 1687526524.219933	1687526524.196591	23.657332	-49.643353	-1.992392	0.294433	0.294384	0.243890	0.006477	-0.010100	-2.228987	0.253017	0.248175	0.251457	0.005132	0.003106	0.897679	0.440610	
 1687526524.627867	1687526524.599822	23.604410	-49.586516	-1.989904	0.295169	0.295145	0.244177	0.001012	-0.007355	-2.202833	0.248074	0.249544	0.251734	0.002115	0.003051	0.891844	0.452328	
 1687526525.030866	1687526525.002914	23.566410	-49.522587	-1.989376	0.297508	0.297481	0.245058	0.006849	-0.011857	-2.203839	0.247527	0.248861	0.252867	0.005734	0.003741	0.892065	0.451856	
 1687526525.435390	1687526525.408430	23.527091	-49.458035	-1.984966	0.303298	0.303268	0.247496	0.027031	-0.027282	-2.187007	0.251635	0.254490	0.255477	0.018269	0.005907	0.888163	0.459128	
 1687526525.844033	1687526525.812128	23.502740	-49.379814	-1.979335	0.293521	0.293452	0.243328	0.020786	-0.033883	-2.245274	0.269797	0.271364	0.251143	0.016705	0.010764	0.901144	0.433063	
 1687526526.248679	1687526526.215851	23.487654	-49.309853	-1.966616	0.297786	0.297768	0.245301	0.006395	-0.021789	-2.265328	0.263277	0.287473	0.253328	0.007517	0.008509	0.905502	0.424190	
 1687526526.655700	1687526526.621604	23.462809	-49.255734	-1.964853	0.299956	0.299930	0.246197	0.008970	-0.019488	-2.263087	0.250017	0.263817	0.254279	0.008203	0.006912	0.905036	0.425199	
 1687526527.060270	1687526527.026156	23.450807	-49.192262	-1.956401	0.297291	0.297260	0.244941	0.010575	-0.019543	-2.354886	0.250138	0.259890	0.252905	0.008628	0.006999	0.923592	0.383216	
 1687526527.463752	1687526527.430076	23.436677	-49.140117	-1.940668	0.300972	0.300945	0.246504	0.008309	-0.015296	-2.365607	0.252877	0.261828	0.254620	0.006739	0.005508	0.925647	0.378287	
 1687526527.871964	1687526527.833777	23.407798	-49.096620	-1.928127	0.295091	0.295034	0.244026	0.009478	-0.021995	-2.394267	0.248650	0.253969	0.251860	0.008426	0.008509	0.930949	0.364953	
 1687526528.276221	1687526528.237626	23.406113	-49.036942	-1.924784	0.299783	0.299751	0.246070	0.011463	-0.024301	-2.470489	0.251930	0.265382	0.254302	0.009412	0.009585	0.944166	0.329195	
 1687526528.682378	1687526528.645705	23.388684	-48.994414	-1.922965	0.296407	0.296358	0.244425	-0.001156	-0.022909	-2.474805	0.251274	0.265624	0.252380	0.003202	0.011013	0.944873	0.327237	
 1687526529.088885	1687526529.051972	23.358367	-48.968440	-1.925146	0.294802	0.294751	0.243752	0.006298	-0.033025	-2.498324	0.245920	0.262855	0.251868	0.008207	0.014670	0.948603	0.316023	
 1687526529.495773	1687526529.457793	23.348267	-48.932675	-1.914671	0.299765	0.299719	0.245818	0.003340	-0.036679	-2.567502	0.249782	0.284349	0.253856	0.006793	0.017115	0.958931	0.283042	
 1687526529.902105	1687526529.861330	23.320034	-48.912396	-1.901201	0.298137	0.298050	0.245481	0.010403	-0.032472	-2.563943	0.248234	0.290152	0.253549	0.009609	0.014081	0.958464	0.284704	
 1687526530.307019	1687526530.264342	23.309668	-48.874203	-1.893746	0.297063	0.296966	0.245260	-0.006918	-0.028892	-2.623878	0.251933	0.282946	0.253439	0.000354	0.014849	0.966564	0.255996	
 1687526530.715355	1687526530.666687	23.289025	-48.841674	-1.902796	0.298154	0.297984	0.245535	0.003477	-0.030884	-2.666626	0.249015	0.275484	0.253615	0.005322	0.014599	0.971822	0.235203	
 1687526531.120385	1687526531.072806	23.256852	-48.832006	-1.902777	0.297750	0.297593	0.245060	0.004361	-0.037818	-2.678439	0.247788	0.277618	0.253212	0.006461	0.017903	0.973139	0.229431	
 1687526531.426037	1687526531.375594	23.244807	-48.814711	-1.889761	0.241090	0.240938	0.215466	-0.005774	-0.036973	-2.715563	0.217827	0.258103	0.221771	0.001087	0.018678	0.977216	0.211423	
 1687526531.834277	1687526531.778740	23.222830	-48.803469	-1.888226	0.292094	0.291981	0.242424	0.010868	-0.035411	-2.756685	0.245354	0.283719	0.250116	0.008719	0.016338	0.981388	0.191141	
 1687526532.240273	1687526532.181569	23.207464	-48.788799	-1.889562	0.296888	0.296719	0.244731	0.007931	-0.035156	-2.763628	0.251830	0.285827	0.252833	0.007196	0.016519	0.982050	0.187761	
 1687526532.645054	1687526532.586568	23.207987	-48.743637	-1.889648	0.298777	0.298583	0.245667	-0.006622	-0.034407	-2.844416	0.250624	0.283088	0.253785	-0.000727	0.017503	0.988821	0.148076	
 1687526533.051163	1687526532.990227	23.198537	-48.715229	-1.893501	0.297472	0.297254	0.245201	0.019597	-0.037560	-2.847465	0.248381	0.281290	0.253272	0.012442	0.017140	0.989011	0.146320	
 1687526533.456953	1687526533.393443	23.186718	-48.695516	-1.886131	0.299051	0.298964	0.245889	-0.011995	-0.033010	-2.850969	0.262819	0.289055	0.254036	-0.003543	0.017199	0.989294	0.144877	
 1687526536.264415	1687526536.229540	23.108295	-48.657752	-1.890980	0.284875	0.301244	0.265721	0.736953	-0.086702	-2.893728	0.253713	0.276861	0.254222	0.362094	-0.004365	0.926782	0.099720	
 1687526536.669508	1687526536.633816	23.081068	-48.603085	-1.863952	0.284876	0.297994	0.267226	0.291041	-0.053672	-2.926391	0.447003	0.206042	0.237902	0.146968	0.010828	0.983772	0.102351	
 1687526537.077588	1687526537.037566	23.057491	-48.589184	-1.799623	0.290597	0.295325	0.251479	0.061317	-0.053223	-3.029731	0.731207	0.228443	0.243778	0.032081	0.024841	0.997659	0.055041	
 1687526537.383539	1687526537.344920	23.040521	-48.630213	-1.808263	0.242208	0.246201	0.222287	0.065642	-0.020661	-2.974582	0.277463	0.238647	0.220601	0.033560	0.007552	0.995954	0.083021	
 1687526537.788542	1687526537.749214	23.034223	-48.637850	-1.793409	0.284793	0.291280	0.244207	-0.020274	-0.017312	-2.959630	0.321552	0.240157	0.246110	-0.009308	0.009541	0.995768	0.090935	
 1687526538.192410	1687526538.157422	23.020845	-48.642530	-1.810519	0.286597	0.292383	0.244918	0.019202	-0.032609	-2.926116	0.251434	0.242483	0.248203	0.011297	0.015177	0.994041	0.107355	
 1687526538.597041	1687526538.561211	23.028253	-48.628562	-1.815477	0.292801	0.295944	0.245417	-0.011743	-0.024642	-2.958033	0.254841	0.259943	0.251343	-0.004717	0.012807	0.995692	0.091714	
 1687526539.000633	1687526538.967325	23.031432	-48.619174	-1.829465	0.294314	0.296721	0.246060	0.005790	-0.027529	-2.967618	0.250072	0.255093	0.252653	0.004080	0.013460	0.996124	0.086829	
 1687526539.404698	1687526539.377592	23.045558	-48.594196	-1.838469	0.297496	0.298883	0.246227	-0.029298	-0.026285	-3.000884	0.249119	0.259396	0.253688	-0.013687	0.014138	0.997319	0.070475	
 1687526539.809355	1687526539.783552	23.062243	-48.554929	-1.845837	0.290853	0.291791	0.243294	-0.045290	-0.034851	-3.075074	0.265779	0.254939	0.250785	-0.022048	0.018163	0.999026	0.033634	
 1687526540.216083	1687526540.188368	23.069963	-48.567836	-1.870533	0.297000	0.298306	0.246126	0.046489	-0.035519	-3.005747	0.300821	0.266397	0.253251	0.024390	0.016135	0.997295	0.067430	
 1687526540.619654	1687526540.592849	23.088270	-48.519863	-1.860810	0.297908	0.298393	0.245975	-0.023724	-0.025448	-3.085759	0.308233	0.269403	0.253333	-0.011501	0.013049	0.999455	0.028060	
 1687526541.022991	1687526540.996594	23.077799	-48.501515	-1.884998	0.296149	0.296544	0.245549	0.019307	-0.032949	-3.132715	0.263307	0.257030	0.252768	0.009725	0.016430	0.999809	0.004279	
 1687526541.427305	1687526541.400606	23.072265	-48.487420	-1.900553	0.300013	0.300256	0.246226	-0.002196	-0.026156	3.112358	0.259171	0.265681	0.253863	-0.001289	0.013060	0.999807	-0.014601	
 1687526541.831100	1687526541.806158	23.070045	-48.480669	-1.905862	0.297669	0.297867	0.245404	0.009409	-0.021977	3.118053	0.247446	0.259018	0.253378	0.004575	0.011043	0.999859	-0.011820	
 1687526542.239151	1687526542.209816	23.069770	-48.484804	-1.904967	0.296546	0.296659	0.245079	0.004130	-0.018674	3.117304	0.249958	0.255769	0.253042	0.001951	0.009361	0.999880	-0.012163	
 1687526542.649831	1687526542.623865	23.069870	-48.469994	-1.913768	0.303275	0.303330	0.247709	0.012757	-0.023892	3.119620	0.250204	0.255925	0.255663	0.006246	0.012015	0.999847	-0.011061	
 1687526543.058673	1687526543.027612	23.039491	-48.465636	-1.922226	0.300975	0.300828	0.247046	-0.013238	-0.041936	3.058010	0.254646	0.259405	0.255025	-0.007488	0.020671	0.998891	-0.041630	
 1687526543.462903	1687526543.431299	23.005395	-48.488728	-1.939084	0.300353	0.300512	0.246373	0.038644	-0.030894	3.084234	0.255685	0.281864	0.254265	0.018868	0.015991	0.999274	-0.028965	
 1687526543.866076	1687526543.836625	22.987599	-48.470092	-1.926457	0.298577	0.298679	0.245825	-0.011479	-0.017660	2.994204	0.298995	0.263005	0.253791	-0.006374	0.008383	0.997234	-0.073573	
 1687526544.272030	1687526544.241488	22.956528	-48.467041	-1.938146	0.296526	0.296778	0.245151	0.029271	-0.003343	2.963687	0.252959	0.252508	0.252742	0.014428	0.002965	0.995936	-0.088850	
 1687526544.681717	1687526544.649550	22.930337	-48.461069	-1.936056	0.296200	0.296249	0.244621	0.013611	0.001073	2.960719	0.277702	0.246053	0.252163	0.006826	0.000080	0.995891	-0.090308	
 1687526545.086079	1687526545.052830	22.899387	-48.450787	-1.933946	0.301614	0.301644	0.246814	0.006164	0.007654	2.914114	0.257153	0.248673	0.254882	0.003496	-0.003453	0.993528	-0.113481	
 1687526545.492548	1687526545.455117	22.858632	-48.464571	-1.933904	0.289193	0.289154	0.241628	0.003073	0.004088	2.884538	0.247210	0.244718	0.249326	0.001786	-0.001830	0.991749	-0.128170	
 1687526545.896463	1687526545.859662	22.785976	-48.501522	-1.936871	0.301863	0.301886	0.246752	0.005695	0.002719	2.861525	0.251887	0.249075	0.254701	0.003009	-0.000949	0.990207	-0.139572	
 1687526546.305537	1687526546.263073	22.717867	-48.541926	-1.934432	0.291917	0.291940	0.242607	0.009878	0.002647	2.849934	0.249131	0.244840	0.250562	0.005079	-0.000592	0.989374	-0.145304	
 1687526546.711706	1687526546.668344	22.641970	-48.585705	-1.927945	0.292452	0.292460	0.243024	0.004965	0.002656	2.846083	0.252384	0.245357	0.251139	0.002651	-0.000948	0.989101	-0.147214	
 1687526547.115839	1687526547.073754	22.570690	-48.628143	-1.929169	0.293697	0.293707	0.243541	-0.004382	-0.006554	2.819910	0.250304	0.245823	0.251687	-0.002687	0.002884	0.987086	-0.160141	
 1687526547.523580	1687526547.479380	22.503118	-48.653151	-1.934138	0.291726	0.291737	0.242552	-0.008905	-0.001338	2.754105	0.249840	0.245644	0.250696	-0.004498	-0.000201	0.981281	-0.192529	
 1687526547.929422	1687526547.881680	22.427532	-48.697498	-1.941446	0.301253	0.301251	0.246243	-0.005418	-0.005491	2.743093	0.256752	0.248055	0.254201	-0.003199	0.002155	0.980210	-0.197925	
 1687526548.332555	1687526548.303543	22.361203	-48.724183	-1.917134	0.297774	0.297852	0.245021	-0.071182	-0.007091	2.638674	0.254211	0.247709	0.252999	-0.035346	-0.005422	0.967962	-0.248536	
 1687526548.737739	1687526548.708906	22.312397	-48.753068	-1.910971	0.296557	0.296603	0.245150	-0.040258	-0.006805	2.628041	0.423867	0.255717	0.253130	-0.020331	-0.001822	0.967030	-0.253844	
 1687526549.140973	1687526549.114056	22.260529	-48.797631	-1.921365	0.294881	0.294913	0.243990	-0.007591	0.005820	2.632468	0.312758	0.250557	0.252101	-0.002940	-0.003772	0.967760	-0.251830	
 1687526549.547676	1687526549.518319	22.208316	-48.815810	-1.914711	0.292072	0.292283	0.242993	-0.054269	-0.002330	2.548365	0.254376	0.245090	0.250899	-0.026287	-0.006816	0.955988	-0.292146	
 1687526549.954780	1687526549.922864	22.165329	-48.835010	-1.920729	0.299749	0.299808	0.246087	-0.027494	-0.010676	2.549052	0.352757	0.251930	0.254253	-0.014706	0.001092	0.956349	-0.291853	
 1687526550.361324	1687526550.326650	22.136420	-48.858881	-1.916842	0.299552	0.299809	0.246079	-0.072528	0.007300	2.485322	0.286554	0.254591	0.254153	-0.033146	-0.015138	0.945974	-0.322190	
 1687526550.769007	1687526550.730151	22.111385	-48.880514	-1.914340	0.286751	0.286713	0.240708	-0.056745	-0.000047	2.440529	0.408162	0.243740	0.248517	-0.026652	-0.009720	0.938813	-0.343258	
 1687526551.175044	1687526551.134076	22.087255	-48.910548	-1.921624	0.300850	0.300934	0.246513	-0.018139	0.007830	2.433630	0.359054	0.252024	0.254769	-0.007150	-0.006816	0.937942	-0.346651	
 1687526551.582634	1687526551.537367	22.051569	-48.922683	-1.912984	0.298504	0.299010	0.246192	-0.068426	0.006703	2.354702	0.265982	0.248194	0.254054	-0.030308	-0.016207	0.923004	-0.383252	
 1687526551.993573	1687526551.939916	22.021943	-48.937436	-1.920879	0.294666	0.294763	0.244383	-0.049147	0.003593	2.336417	0.392044	0.247172	0.252445	-0.021903	-0.011279	0.919754	-0.391722	
 1687526552.396834	1687526552.344048	21.999184	-48.954583	-1.930933	0.300802	0.301021	0.246437	-0.049416	0.005633	2.301542	0.330007	0.249158	0.254628	-0.021410	-0.012645	0.912768	-0.407721	
 1687526552.800471	1687526552.747640	21.976714	-48.977080	-1.931438	0.290554	0.290696	0.242282	-0.049570	0.000009	2.250380	0.324391	0.244446	0.250321	-0.022360	-0.010686	0.902072	-0.430873	
 1687526553.206448	1687526553.151360	21.972833	-49.008507	-1.939744	0.299918	0.300063	0.246095	-0.016301	-0.001387	2.248207	0.332877	0.250694	0.254434	-0.007650	-0.002895	0.901853	-0.431966	
 1687526553.615970	1687526553.555915	21.958702	-49.027467	-1.930539	0.298994	0.299474	0.246247	-0.062149	0.002128	2.173912	0.262915	0.248487	0.254257	-0.027008	-0.015394	0.884772	-0.464986	
 1687526554.022961	1687526553.958781	21.937884	-49.048113	-1.928904	0.299078	0.299204	0.246224	-0.060472	0.005624	2.132685	0.369329	0.249913	0.254493	-0.025107	-0.017072	0.874994	-0.483181	
 1687526554.427831	1687526554.390408	21.926657	-49.075551	-1.944194	0.294568	0.294703	0.243422	-0.021034	0.006757	2.140182	0.351111	0.245390	0.251344	-0.007604	-0.008012	0.877174	-0.480046	
 1687526554.837026	1687526554.794552	21.901506	-49.097999	-1.937599	0.297373	0.297791	0.245206	-0.062716	-0.004304	2.059791	0.263849	0.247416	0.253237	0.027985	0.014300	-0.856856	0.514596	
 1687526555.241224	1687526555.198014	21.889679	-49.126109	-1.946668	0.298987	0.299117	0.245830	-0.039038	-0.001919	2.045150	0.365945	0.252976	0.254119	0.017158	0.009353	-0.853300	0.521054	
 1687526555.645905	1687526555.603291	21.881951	-49.151588	-1.950344	0.291861	0.292108	0.242744	-0.042927	-0.005643	2.008284	0.292462	0.245960	0.250755	0.019622	0.009141	-0.843536	0.536636	
 1687526556.054181	1687526556.007384	21.870399	-49.176204	-1.947116	0.298110	0.298279	0.245514	-0.055870	-0.011758	1.956944	0.305956	0.251518	0.253778	0.026453	0.010718	-0.829399	0.557927	
 1687526556.458700	1687526556.411980	21.863460	-49.207737	-1.958072	0.298471	0.298563	0.245556	-0.013309	-0.004099	1.944912	0.342504	0.258875	0.253853	0.006653	0.002055	-0.826259	0.563247	
 1687526556.862417	1687526556.814718	21.853522	-49.240407	-1.948581	0.299763	0.300170	0.246226	-0.059289	-0.007267	1.909497	0.254807	0.248770	0.254056	0.026290	0.014162	-0.815867	0.577468	
 1687526557.270465	1687526557.222533	21.842526	-49.274175	-1.935784	0.297567	0.297657	0.245361	-0.059161	-0.011224	1.882973	0.350846	0.252261	0.253608	0.027212	0.012873	-0.808165	0.588186	
 1687526557.677046	1687526557.625483	21.839314	-49.306324	-1.934010	0.288952	0.289065	0.241383	-0.037322	-0.011633	1.885572	0.340966	0.251257	0.249335	0.018516	0.006257	-0.809107	0.587336	
 1687526558.083939	1687526558.031801	21.832348	-49.344365	-1.935000	0.298670	0.298919	0.245884	-0.048945	0.002092	1.889760	0.291995	0.255436	0.254033	0.019218	0.015183	-0.810169	0.585685	
 1687526558.494547	1687526558.435895	21.816137	-49.390373	-1.954487	0.297966	0.298117	0.245430	-0.014237	-0.011053	1.874539	0.321094	0.247413	0.253710	0.009008	-0.000240	-0.805935	0.591935	
 1687526558.899374	1687526558.839472	21.802775	-49.451920	-1.961629	0.302450	0.302874	0.247438	-0.033836	-0.018998	1.902748	0.256468	0.254680	0.255504	0.019287	0.002088	-0.814154	0.580325	
 1687526559.304645	1687526559.246197	21.787729	-49.516402	-1.961447	0.291152	0.291297	0.242490	-0.024949	-0.024845	1.895677	0.282029	0.260922	0.250604	0.017377	-0.002811	-0.812121	0.583224	
 1687526559.711062	1687526559.651535	21.781041	-49.578331	-1.959689	0.289457	0.289602	0.241673	-0.025121	-0.022641	1.909040	0.265621	0.270516	0.249721	0.016791	-0.001978	-0.816002	0.577802	
 1687526560.118125	1687526560.070856	21.758125	-49.645032	-1.961456	0.298858	0.298964	0.245667	-0.006319	-0.026872	1.879884	0.269286	0.269007	0.253913	0.010476	-0.008986	-0.807472	0.589744	
 1687526560.522126	1687526560.478858	21.745308	-49.727439	-1.959698	0.298634	0.298876	0.245725	-0.031019	-0.020956	1.918858	0.249563	0.276888	0.253836	0.018713	0.000323	-0.818814	0.573754	
 1687526560.926757	1687526560.882842	21.721708	-49.804859	-1.958495	0.294381	0.294447	0.243971	-0.026485	-0.022661	1.893159	0.277280	0.263239	0.252133	0.017366	-0.001454	-0.811385	0.584252	
 1687526561.332759	1687526561.292919	21.700517	-49.880558	-1.962601	0.292988	0.293062	0.243140	-0.028923	-0.021616	1.914776	0.268533	0.265063	0.251224	0.018045	-0.000512	-0.817647	0.575436	
 1687526561.740918	1687526561.695780	21.680717	-49.953273	-1.962826	0.301835	0.301893	0.246820	-0.028277	-0.022998	1.905034	0.278046	0.267767	0.255068	0.018184	-0.001175	-0.814836	0.579405	
 1687526562.147132	1687526562.100294	21.653712	-50.026440	-1.961995	0.299449	0.299528	0.246106	-0.028128	-0.023563	1.907950	0.274504	0.267609	0.254321	0.018285	-0.001475	-0.815680	0.578213	
 1687526562.551147	1687526562.505061	21.632684	-50.097695	-1.966332	0.297670	0.297727	0.245395	-0.028776	-0.028040	1.915609	0.274292	0.268123	0.253563	0.019832	-0.003189	-0.817881	0.575036	
 1687526562.958715	1687526562.914677	21.613205	-50.164449	-1.970334	0.300297	0.300357	0.246425	-0.033751	-0.025348	1.910625	0.277269	0.277801	0.254663	0.021093	-0.000605	-0.816436	0.577050	
 1687526563.362387	1687526563.319984	21.588396	-50.245833	-1.974461	0.298802	0.298877	0.245658	-0.034859	-0.025197	1.906503	0.285347	0.270195	0.253855	0.021502	-0.000179	-0.815241	0.578722	
 1687526563.769531	1687526563.724608	21.557620	-50.335746	-1.979443	0.298183	0.298266	0.245488	-0.031763	-0.023770	1.896831	0.288828	0.270061	0.253675	0.019830	-0.000397	-0.812443	0.582703	
 1687526564.175745	1687526564.128551	21.520009	-50.431690	-1.985910	0.297263	0.297375	0.245209	-0.036858	-0.022338	1.898858	0.280899	0.266379	0.253370	0.021483	0.001647	-0.813014	0.581845	
 1687526564.583155	1687526564.531873	21.474934	-50.537078	-1.994566	0.300803	0.300851	0.246222	-0.030999	-0.016005	1.899063	0.294438	0.265180	0.254235	0.017260	0.002515	-0.813091	0.581875	
 1687526564.987820	1687526564.936678	21.441309	-50.643690	-1.998012	0.291706	0.291722	0.242647	-0.032999	-0.023329	1.904982	0.278131	0.253336	0.250502	0.020203	0.000059	-0.814807	0.579380	
 1687526565.394158	1687526565.341013	21.420935	-50.742687	-2.006159	0.293707	0.293772	0.243610	-0.025723	-0.027963	1.891054	0.281984	0.262924	0.251451	0.018609	-0.003808	-0.810764	0.585064	
 1687526565.810044	1687526565.745053	21.402011	-50.837517	-2.014422	0.281807	0.281934	0.237999	-0.024952	-0.025054	1.891258	0.261881	0.264597	0.245349	0.017446	-0.002856	-0.810830	0.585015	
 1687526566.215962	1687526566.160646	21.374559	-50.924263	-2.014355	0.294046	0.294222	0.243409	-0.020166	-0.026216	1.891773	0.266705	0.265410	0.251035	0.015845	-0.004732	-0.810982	0.584837	
 1687526566.623852	1687526566.564776	21.344035	-51.003927	-2.007955	0.298857	0.299084	0.245679	-0.020611	-0.032372	1.903420	0.260952	0.268412	0.253459	0.017783	-0.007202	-0.814356	0.580049	
 1687526567.027541	1687526566.966893	21.320219	-51.079539	-2.006790	0.299494	0.299650	0.246108	-0.016501	-0.041366	1.895799	0.262252	0.280413	0.254086	0.018765	-0.011985	-0.812090	0.583107	
 1687526567.434363	1687526567.370301	21.277722	-51.159025	-1.997109	0.297220	0.297346	0.245233	-0.018789	-0.044992	1.899527	0.255453	0.296307	0.253188	0.020727	-0.012828	-0.813159	0.581531	
 1687526567.842693	1687526567.776415	21.267245	-51.253920	-2.003264	0.299035	0.299236	0.245727	-0.006459	-0.028852	2.004816	0.258464	0.305747	0.253748	0.010486	-0.010419	-0.842703	0.538177	
 1687526568.249577	1687526568.180562	21.240338	-51.321769	-1.985008	0.299575	0.299686	0.246445	-0.046491	-0.034808	1.951084	0.249412	0.273631	0.254433	0.028998	-0.001375	-0.827884	0.560148	
 1687526568.654284	1687526568.584173	21.229318	-51.406367	-1.989229	0.300571	0.300513	0.246619	-0.023818	-0.025712	2.071223	0.315082	0.278684	0.254704	0.016799	-0.004984	-0.860121	0.509790	
 1687526569.063551	1687526568.988328	21.220477	-51.483340	-1.986797	0.297649	0.297779	0.245389	-0.041416	-0.015244	2.082882	0.264639	0.264728	0.253141	0.021720	0.003879	-0.863002	0.504718	
 1687526569.468822	1687526569.393882	21.203870	-51.539567	-1.979911	0.302032	0.301871	0.247331	-0.040285	-0.023583	2.107648	0.306368	0.254198	0.255328	-0.023334	0.000294	0.869200	-0.493909	
 1687526569.873311	1687526569.799514	21.192648	-51.608105	-1.974619	0.297752	0.297678	0.245770	-0.038555	-0.024370	2.151025	0.298818	0.261099	0.253786	-0.022749	0.001557	0.879717	-0.474951	
 1687526570.279560	1687526570.205004	21.188579	-51.666021	-1.979000	0.289502	0.289571	0.241858	-0.027310	-0.015089	2.191092	0.291173	0.258748	0.249754	-0.015593	0.000460	0.889117	-0.457414	
 1687526570.685851	1687526570.615375	21.174539	-51.720213	-1.981028	0.302165	0.302311	0.247201	-0.019465	-0.024696	2.202661	0.273137	0.254537	0.255298	-0.014265	0.006609	0.891754	-0.452247	
 1687526571.093374	1687526571.018740	21.177240	-51.780849	-1.975001	0.294543	0.294801	0.244003	-0.015013	-0.017294	2.276843	0.257745	0.263278	0.251972	-0.010439	0.004706	0.907941	-0.418942	
 1687526571.496704	1687526571.426001	21.181795	-51.814599	-1.957198	0.298373	0.298682	0.245803	-0.032898	-0.015815	2.283898	0.255294	0.256664	0.253839	-0.018246	0.000351	0.909348	-0.415635	
 1687526571.907166	1687526571.839611	21.182214	-51.850588	-1.948790	0.290004	0.290086	0.242250	-0.034906	-0.016331	2.330057	0.277631	0.249990	0.250239	-0.019257	0.000613	0.918685	-0.394520	
 1687526572.314658	1687526572.246643	21.175484	-51.890312	-1.956214	0.303359	0.303437	0.247531	-0.009415	-0.020127	2.381238	0.287727	0.255998	0.255842	-0.008105	0.007598	0.928559	-0.371018	
 1687526572.720199	1687526572.649499	21.165765	-51.917261	-1.952339	0.295791	0.296093	0.244708	-0.023103	-0.023114	2.379040	0.249519	0.259431	0.252723	-0.015021	0.006428	0.928116	-0.371932	
 1687526573.126820	1687526573.073613	21.165493	-51.954334	-1.949166	0.296345	0.296452	0.244679	-0.011567	-0.023267	2.437227	0.262380	0.261718	0.252924	-0.009441	0.008924	0.938566	-0.344855	
 1687526573.534196	1687526573.481087	21.161662	-51.984585	-1.940297	0.296433	0.296625	0.244852	-0.009948	-0.015049	2.480039	0.250873	0.264008	0.252993	-0.007148	0.005501	0.945764	-0.324729	
 1687526573.942213	1687526573.883154	21.139031	-52.007918	-1.934621	0.299253	0.299334	0.245933	-0.018812	-0.013735	2.505538	0.251021	0.254753	0.254223	-0.011081	0.003582	0.949810	-0.312611	
 1687526574.350777	1687526574.289465	21.121854	-52.048983	-1.934921	0.298541	0.298624	0.245889	-0.032178	-0.018301	2.578375	0.258556	0.253261	0.254091	-0.017996	0.004318	0.960486	-0.277712	
 1687526574.761078	1687526574.692198	21.097902	-52.075099	-1.945369	0.301081	0.301107	0.246579	-0.015254	-0.013786	2.588246	0.279726	0.258260	0.254968	-0.009220	0.004547	0.961933	-0.273092	
 1687526575.166091	1687526575.097796	21.069859	-52.103778	-1.931896	0.301634	0.301962	0.247373	-0.065679	-0.016001	2.630138	0.256026	0.254781	0.255445	-0.033787	-0.000569	0.966993	-0.252551	
 1687526575.573021	1687526575.500652	21.040839	-52.123114	-1.938801	0.288988	0.289046	0.241629	-0.005171	-0.009296	2.677266	0.359936	0.249139	0.249576	-0.003585	0.003928	0.973160	-0.230069	
 1687526575.975839	1687526575.905047	21.010105	-52.129771	-1.941594	0.296558	0.296872	0.245257	-0.013739	-0.007230	2.694426	0.247930	0.249396	0.253154	-0.007500	0.002002	0.975085	-0.221694	
 1687526576.378701	1687526576.310630	20.970440	-52.144531	-1.954259	0.296174	0.296290	0.244632	-0.023027	-0.016752	2.758113	0.252365	0.247955	0.252786	-0.012898	0.006028	0.981593	-0.190453	
 1687526576.783116	1687526576.714984	20.929892	-52.168006	-1.961541	0.295818	0.295976	0.244488	-0.025390	-0.017733	2.801821	0.262724	0.255220	0.252661	-0.014010	0.006592	0.985505	-0.168938	
 1687526577.187641	1687526577.120950	20.880746	-52.167045	-1.972574	0.297642	0.297716	0.245020	-0.011132	0.000553	2.783028	0.266639	0.256748	0.253292	-0.005428	-0.001265	0.983956	-0.178322	
 1687526577.591987	1687526577.524556	20.839694	-52.184890	-1.977821	0.298302	0.298418	0.245711	-0.017961	-0.004697	2.862352	0.251629	0.247626	0.253878	-0.009220	0.001076	0.990229	-0.139140	
 1687526577.997233	1687526577.982623	20.793016	-52.191853	-1.992524	0.292834	0.292864	0.242733	-0.006128	-0.000188	2.862970	0.255075	0.245172	0.250574	-0.003048	-0.000333	0.990307	-0.138860	
 1687526578.400208	1687526578.388555	20.754637	-52.190690	-2.004852	0.301225	0.301320	0.246374	-0.001506	-0.009567	2.898722	0.249622	0.248356	0.254685	-0.001327	0.004657	0.992625	-0.121132	
 1687526578.807274	1687526578.791869	20.721367	-52.195660	-2.006445	0.297852	0.297929	0.245199	-0.022414	0.004258	2.979538	0.247272	0.250209	0.253458	-0.010998	-0.003029	0.996652	-0.080957	
 1687526579.211818	1687526579.196275	20.693461	-52.176580	-2.012916	0.299900	0.299912	0.246050	-0.008601	0.003190	2.981040	0.265627	0.248506	0.254335	-0.004159	-0.001934	0.996769	-0.080196	
 1687526579.616384	1687526579.601546	20.661718	-52.170284	-2.008399	0.298228	0.298279	0.245412	-0.024177	0.001883	3.066790	0.249998	0.247642	0.253614	-0.012045	-0.001393	0.999227	-0.037401	
 1687526580.021454	1687526580.006084	20.622081	-52.167984	-2.009721	0.298108	0.298118	0.245406	-0.007949	-0.002277	3.085976	0.268568	0.247398	0.253657	-0.004005	0.001027	0.999605	-0.027800	
 1687526580.424742	1687526580.408269	20.585715	-52.151277	-2.014335	0.296399	0.296452	0.244764	-0.019694	0.000403	3.096425	0.249043	0.246861	0.252974	-0.009840	-0.000424	0.999696	-0.022583	
 1687526580.831357	1687526580.813574	20.542276	-52.147593	-2.022724	0.296458	0.296481	0.244672	-0.020638	0.003829	3.140217	0.261099	0.246665	0.252894	-0.010318	-0.001922	0.999945	-0.000707	
 1687526581.236100	1687526581.217784	20.493245	-52.147590	-2.028842	0.291138	0.291165	0.242116	-0.006411	-0.001261	-3.110537	0.260318	0.244541	0.250197	-0.003195	0.000680	0.999874	0.015529	
 1687526581.641527	1687526581.619783	20.449155	-52.144417	-2.026651	0.298423	0.298511	0.245405	-0.009568	-0.008642	-3.093681	0.248933	0.247418	0.253629	-0.004679	0.004435	0.999692	0.023974	
 1687526582.045607	1687526582.025016	20.409400	-52.132387	-2.026130	0.292245	0.292300	0.242892	-0.004486	-0.013974	-3.093149	0.247996	0.246695	0.251018	-0.002073	0.007039	0.999679	0.024235	
 1687526582.451123	1687526582.428029	20.361996	-52.124049	-2.025882	0.298774	0.298814	0.245489	0.000506	-0.018619	-3.091029	0.248190	0.251781	0.253730	0.000488	0.009300	0.999637	0.025276	
 1687526582.854905	1687526582.831588	20.292255	-52.141482	-2.018685	0.294404	0.294467	0.243725	-0.004880	-0.014503	-3.031836	0.245755	0.251494	0.251747	-0.002038	0.007374	0.998464	0.054867	
 1687526583.257791	1687526583.234218	20.245694	-52.150576	-2.009989	0.296645	0.296670	0.244922	-0.003840	-0.013269	-3.012633	0.247574	0.249912	0.252869	-0.001488	0.006745	0.997897	0.064446	
 1687526583.664437	1687526583.639107	20.190834	-52.156239	-2.008551	0.290897	0.290918	0.242364	0.015998	-0.026223	-3.020352	0.245083	0.246410	0.250173	0.008778	0.012602	0.998052	0.060471	
 1687526584.068718	1687526584.044793	20.130044	-52.180526	-2.012707	0.298010	0.297951	0.245290	0.023633	-0.032177	-2.978433	0.254670	0.256258	0.253253	0.013086	0.015070	0.996491	0.081284	
 1687526584.473039	1687526584.448711	20.078400	-52.205231	-2.010433	0.298195	0.298171	0.245446	0.012808	-0.016186	-2.885746	0.263894	0.261373	0.253379	0.007384	0.007209	0.991783	0.127517	
 1687526584.879304	1687526584.852076	20.024014	-52.212434	-2.004181	0.297160	0.297110	0.245046	0.015842	-0.011389	-2.893675	0.253969	0.250369	0.252933	0.008564	0.004671	0.992285	0.123591	
 1687526585.286011	1687526585.257123	19.986215	-52.202514	-1.999918	0.295126	0.295039	0.244110	0.018514	-0.015717	-2.902038	0.255460	0.248122	0.252023	0.010129	0.006696	0.992771	0.119410	
 1687526585.693019	1687526585.658904	19.937849	-52.205093	-1.993694	0.292223	0.292169	0.242846	0.028516	-0.020431	-2.911865	0.257128	0.248628	0.250725	0.015333	0.008513	0.993274	0.114449	
 1687526586.100314	1687526586.062735	19.899414	-52.217957	-1.986745	0.298105	0.298041	0.245217	0.025459	-0.028594	-2.860637	0.272043	0.253570	0.253121	0.014604	0.012373	0.989993	0.139811	
 1687526586.506215	1687526586.465194	19.877135	-52.227486	-1.964685	0.290576	0.290604	0.242486	-0.022609	-0.017678	-2.768025	0.268108	0.256756	0.250104	-0.009466	0.010784	0.982487	0.185779	
 1687526586.911844	1687526586.867754	19.851879	-52.219230	-1.969533	0.297576	0.297679	0.245500	0.036244	-0.038016	-2.779940	0.264448	0.249427	0.253097	0.021240	0.015435	0.983418	0.179442	
 1687526587.315267	1687526587.272109	19.806258	-52.234885	-1.971819	0.297105	0.297178	0.245276	0.024182	-0.036452	-2.711274	0.297760	0.274331	0.253062	0.015701	0.015223	0.976756	0.213237	
 1687526587.723243	1687526587.676424	19.787691	-52.220006	-1.983077	0.297971	0.297969	0.245595	0.026792	-0.022025	-2.710029	0.279324	0.275124	0.253535	0.015442	0.007888	0.976694	0.213935	
 1687526588.126212	1687526588.080332	19.743328	-52.234584	-1.982964	0.300250	0.300173	0.246301	-0.020911	-0.015798	-2.608752	0.282266	0.260888	0.254057	-0.008007	0.010373	0.964615	0.263337	
 1687526588.531265	1687526588.483439	19.723087	-52.241443	-1.992315	0.298184	0.298427	0.245719	0.029725	-0.002508	-2.591097	0.266610	0.249539	0.253386	0.014643	-0.002833	0.962256	0.271737	
 1687526588.935406	1687526588.888157	19.696429	-52.234675	-1.988142	0.292946	0.292886	0.243074	-0.009083	-0.009453	-2.582624	0.281326	0.246054	0.250603	-0.003062	0.005796	0.961171	0.275875	
 1687526589.341906	1687526589.328301	19.690758	-52.230408	-1.955469	0.295989	0.295989	0.244805	-0.064527	-0.005813	-2.493135	0.257402	0.247802	0.252830	-0.029651	0.013030	0.947369	0.318500	
 1687526589.747587	1687526589.732920	19.700100	-52.180487	-1.988034	0.299284	0.300011	0.247154	0.074976	-0.013313	-2.537951	0.379040	0.249387	0.254299	0.037762	-0.004790	0.954179	0.296805	
 1687526590.150704	1687526590.136368	19.721227	-52.139334	-1.999653	0.294396	0.294834	0.244693	-0.031306	-0.022203	-2.470475	0.428210	0.261398	0.251145	-0.011124	0.015635	0.943995	0.329400	
 1687526590.558693	1687526590.545859	19.712609	-52.118577	-1.990929	0.295737	0.295848	0.245082	-0.046869	0.009395	-2.346485	0.279763	0.251183	0.252356	-0.023423	0.004742	0.921790	0.386952	
 1687526590.962747	1687526590.951014	19.732410	-52.059443	-2.011197	0.299772	0.300188	0.246900	0.029885	-0.006772	-2.427461	0.328033	0.257933	0.254467	0.015183	-0.002051	0.936834	0.349438	
 1687526591.366908	1687526591.355905	19.740768	-52.014944	-2.020899	0.295098	0.295333	0.244716	0.023151	-0.007983	-2.422089	0.286584	0.249829	0.252134	0.012239	-0.000339	0.935930	0.351972	
 1687526591.777316	1687526591.759141	19.736803	-51.979796	-2.028081	0.293251	0.293288	0.243534	0.018215	-0.010573	-2.419887	0.273902	0.249749	0.251373	0.010387	0.001730	0.935561	0.353008	
 1687526592.181822	1687526592.163235	19.717372	-51.956974	-2.029109	0.298510	0.298549	0.245477	0.015611	-0.011418	-2.396959	0.268787	0.253483	0.253506	0.009347	0.002478	0.931460	0.363716	
 1687526592.589689	1687526592.568049	19.677949	-51.948833	-2.020428	0.297964	0.297990	0.245103	0.015876	-0.002743	-2.341676	0.264942	0.253852	0.253254	0.007845	-0.001828	0.921052	0.389357	
 1687526592.993784	1687526592.973146	19.659606	-51.924273	-2.010312	0.298187	0.298163	0.245456	0.028990	-0.011415	-2.319048	0.263476	0.248471	0.253610	0.015567	-0.000564	0.916535	0.399652	
 1687526593.401440	1687526593.375682	19.639169	-51.893042	-2.008105	0.298567	0.298424	0.245677	0.027734	-0.020506	-2.288108	0.284401	0.256686	0.253760	0.016865	0.003593	0.910242	0.413717	
 1687526593.805984	1687526593.780564	19.599781	-51.872007	-2.005340	0.288997	0.288952	0.241420	0.005826	-0.013382	-2.209192	0.278964	0.264949	0.249434	0.005610	0.004667	0.893268	0.449466	
 1687526594.211440	1687526594.184254	19.579528	-51.843365	-2.013379	0.298707	0.298677	0.245568	0.024867	-0.022315	-2.221118	0.254172	0.255339	0.253755	0.016094	0.004474	0.895884	0.443975	
 1687526594.616367	1687526594.594680	19.545750	-51.830247	-2.012176	0.297590	0.297635	0.245119	0.009037	-0.021230	-2.197724	0.268965	0.265048	0.253116	0.008850	0.007400	0.890653	0.454537	
 1687526595.023282	1687526594.996886	19.516993	-51.811524	-2.000693	0.298883	0.298844	0.245693	0.002821	-0.021594	-2.166554	0.254160	0.261614	0.253739	0.006304	0.008878	0.883452	0.468394	
 1687526595.430410	1687526595.402458	19.482744	-51.795748	-1.990043	0.299264	0.299216	0.245948	0.010104	-0.025054	-2.160835	0.250890	0.259527	0.253809	0.010356	0.008671	0.882104	0.470861	
 1687526595.833480	1687526595.807444	19.438829	-51.780573	-1.973982	0.300133	0.300106	0.246413	-0.009948	-0.016613	-2.109093	0.253726	0.264684	0.254400	-0.000226	0.009679	0.869615	0.493635	
 1687526596.237243	1687526596.213821	19.426826	-51.725807	-1.981669	0.295604	0.295608	0.244568	0.023666	-0.022683	-2.176795	0.249721	0.252991	0.252370	0.015743	0.004558	0.885828	0.463724	
 1687526596.645556	1687526596.618668	19.395370	-51.673742	-1.982317	0.291050	0.291005	0.242390	0.009941	-0.021994	-2.147338	0.261016	0.260338	0.250152	0.009613	0.007295	0.878918	0.476820	
 1687526597.049549	1687526597.021781	19.362254	-51.618629	-1.986563	0.296592	0.296529	0.244719	0.013132	-0.014201	-2.169439	0.251721	0.261877	0.252703	0.009122	0.003211	0.884153	0.467098	
 1687526597.458763	1687526597.426831	19.312264	-51.574996	-1.987182	0.294144	0.294074	0.243656	0.013861	-0.018463	-2.170349	0.252341	0.252527	0.251473	0.010437	0.004929	0.884356	0.466671	
 1687526597.863534	1687526597.832357	19.250049	-51.537711	-1.983526	0.298785	0.298736	0.245590	0.005477	-0.008673	-2.168026	0.255400	0.259615	0.253552	0.004449	0.002552	0.883836	0.467769	
 1687526598.269940	1687526598.237592	19.207940	-51.476785	-1.988992	0.287713	0.287680	0.240804	0.021820	-0.011147	-2.201632	0.244938	0.245358	0.248269	0.012251	0.000028	0.891538	0.452781	
 1687526598.676352	1687526598.644857	19.145983	-51.429937	-1.986956	0.297423	0.297369	0.245010	0.012838	0.001297	-2.179850	0.263172	0.252237	0.252688	0.005391	-0.003544	0.886572	0.462546	
 1687526599.079696	1687526599.048830	19.115950	-51.354943	-1.991726	0.300009	0.299946	0.246361	0.026578	0.004197	-2.209536	0.254321	0.248250	0.254223	0.010929	-0.007846	0.893267	0.449326	
 1687526599.483699	1687526599.451501	19.092913	-51.270207	-2.000572	0.298008	0.297879	0.245417	0.026610	0.004938	-2.184763	0.270768	0.247545	0.253107	0.010674	-0.008316	0.887629	0.460360	
 1687526599.892844	1687526599.857153	19.060770	-51.190594	-2.007886	0.292635	0.292524	0.242990	0.034188	0.001519	-2.175061	0.267193	0.245276	0.250752	0.014783	-0.008615	0.885347	0.464617	
 1687526600.305118	1687526600.262347	19.021510	-51.103931	-2.009987	0.299773	0.299672	0.245936	0.024575	0.006451	-2.176853	0.285542	0.247954	0.253935	0.009389	-0.008557	0.885808	0.463877	
 1687526600.712766	1687526600.665408	18.972640	-51.011793	-2.005043	0.291044	0.291034	0.242301	0.031869	0.009919	-2.178601	0.262277	0.245070	0.250036	0.011826	-0.011774	0.886143	0.463111	
 1687526601.120919	1687526601.068208	18.921718	-50.916960	-1.998722	0.297822	0.297792	0.245201	0.025132	0.016175	-2.178971	0.278204	0.249502	0.253163	0.007394	-0.012985	0.886243	0.462980	
 1687526601.530437	1687526601.471378	18.882495	-50.819240	-1.994658	0.296505	0.296513	0.244743	0.028026	0.013330	-2.183120	0.266092	0.254361	0.252609	0.009360	-0.012375	0.887197	0.461129	
 1687526601.941094	1687526601.876799	18.843132	-50.727446	-1.987298	0.293776	0.293792	0.243643	0.028827	0.007802	-2.166455	0.269197	0.250398	0.251400	0.010906	-0.010198	0.883350	0.468477	
 1687526602.344617	1687526602.282019	18.799169	-50.633643	-1.981915	0.300661	0.300589	0.246106	0.054558	-0.009205	-2.171699	0.274392	0.249499	0.253906	0.026275	-0.008644	0.884420	0.465872	
 1687526602.752659	1687526602.692548	18.752216	-50.543625	-1.958536	0.296433	0.296293	0.245147	-0.000015	0.017535	-2.162259	0.339009	0.251135	0.252886	-0.004130	-0.007733	0.882456	0.470314	
 1687526603.161264	1687526603.096580	18.708677	-50.450359	-1.962238	0.299778	0.299948	0.246484	0.018040	0.007963	-2.166978	0.248453	0.257590	0.254198	0.006106	-0.007741	0.883537	0.468257	
 1687526603.565537	1687526603.501203	18.667566	-50.355127	-1.972608	0.299426	0.299449	0.245890	0.016916	0.005183	-2.158178	0.257935	0.249480	0.253791	0.006233	-0.006278	0.881483	0.472132	
 1687526603.976763	1687526603.906365	18.622769	-50.274237	-1.978580	0.299175	0.299216	0.245880	0.022690	-0.002467	-2.153499	0.257172	0.248582	0.253837	0.010573	-0.004294	0.880370	0.474149	
 1687526604.379680	1687526604.310131	18.566730	-50.195353	-1.981903	0.301339	0.301343	0.246613	0.040104	-0.014299	-2.175047	0.265260	0.248906	0.254680	0.021075	-0.002987	0.885345	0.464447	
 1687526604.784451	1687526604.715580	18.497907	-50.117703	-1.960159	0.290141	0.290103	0.241943	-0.000941	0.005287	-2.151076	0.294614	0.251245	0.249700	-0.001670	-0.002102	0.879843	0.475256	
 1687526605.195052	1687526605.122238	18.439726	-50.027886	-1.938659	0.299063	0.299231	0.245782	0.018278	0.001921	-2.176032	0.247728	0.248361	0.253654	0.007648	-0.005093	0.885666	0.464232	
 1687526605.604465	1687526605.525603	18.382341	-49.936719	-1.922263	0.302583	0.302607	0.247268	0.014291	0.001629	-2.137025	0.260057	0.249229	0.255341	0.005871	-0.004154	0.876460	0.481421	
 1687526606.008310	1687526605.930500	18.336951	-49.849372	-1.913530	0.300919	0.300918	0.246760	0.020985	-0.010011	-2.145498	0.255663	0.248812	0.254828	0.011609	-0.000615	0.878483	0.477633	
 1687526606.412225	1687526606.334728	18.280801	-49.764338	-1.907063	0.295865	0.295818	0.244749	0.015633	0.010353	-2.086013	0.260644	0.249989	0.252637	0.004146	-0.008409	0.863864	0.503638	
 1687526606.816507	1687526606.756870	18.246078	-49.656688	-1.915156	0.293743	0.293708	0.243769	0.027206	-0.013636	-2.213217	0.253505	0.249148	0.251576	0.015215	0.000006	0.894124	0.447562	
 1687526607.224256	1687526607.161603	18.200633	-49.572718	-1.922616	0.293190	0.293188	0.243261	0.021645	-0.002267	-2.158122	0.269497	0.251245	0.251108	0.010075	-0.004110	0.881468	0.472118	
 1687526607.628251	1687526607.565402	18.141594	-49.491092	-1.933928	0.293742	0.293681	0.243568	0.023895	-0.007155	-2.187547	0.260261	0.245523	0.251463	0.012256	-0.002307	0.888316	0.459063	
 1687526608.036502	1687526607.968075	18.080734	-49.421683	-1.944066	0.296100	0.296053	0.244313	0.025764	-0.009412	-2.158059	0.265306	0.247954	0.252165	0.013577	-0.001934	0.881446	0.472086	
 1687526608.444804	1687526608.371175	18.008377	-49.352034	-1.940368	0.301145	0.301067	0.246354	0.021757	-0.013591	-2.159004	0.270109	0.251170	0.254478	0.012797	0.000859	0.881685	0.471664	
 1687526608.849332	1687526608.777487	17.933352	-49.270519	-1.917300	0.298068	0.298026	0.245095	0.018291	-0.011549	-2.153969	0.263252	0.253304	0.253175	0.010789	0.000750	0.880506	0.473911	
 1687526609.256382	1687526609.181252	17.875886	-49.186284	-1.886861	0.297741	0.297735	0.245127	0.019610	-0.009600	-2.150934	0.259191	0.251860	0.253289	0.010907	-0.000438	0.879782	0.475252	
 1687526609.659600	1687526609.586187	17.827665	-49.089352	-1.862215	0.297227	0.297230	0.245171	0.021348	-0.004473	-2.140803	0.260170	0.250143	0.253297	0.010438	-0.003159	0.877353	0.479722	
 1687526610.063938	1687526609.989063	17.788125	-48.996307	-1.855281	0.293095	0.293056	0.243355	0.020748	-0.011020	-2.136480	0.261339	0.246017	0.251317	0.011745	-0.000168	0.876321	0.481584	
 1687526610.467312	1687526610.395294	17.746453	-48.917765	-1.861958	0.298360	0.298323	0.245684	0.025828	-0.016095	-2.121320	0.263230	0.251868	0.253830	0.015198	0.000717	0.872628	0.488149	
 1687526610.874733	1687526610.798175	17.684613	-48.834305	-1.879052	0.296048	0.296012	0.244719	0.023360	-0.016689	-2.147624	0.269110	0.254847	0.252753	0.014244	0.001766	0.878980	0.476642	
 1687526611.280845	1687526611.235060	17.616459	-48.754626	-1.900081	0.299269	0.299252	0.245935	0.025492	-0.013170	-2.154158	0.267147	0.257175	0.254054	0.014344	-0.000242	0.880526	0.473780	
 1687526611.684040	1687526611.639064	17.544571	-48.676861	-1.919117	0.294765	0.294733	0.243915	0.021035	-0.009218	-2.170207	0.268177	0.251310	0.251958	0.011452	-0.000834	0.884316	0.466748	
 1687526612.092081	1687526612.045158	17.466430	-48.609266	-1.920881	0.297331	0.297301	0.244654	0.020478	-0.012956	-2.160410	0.262399	0.249344	0.252699	0.012083	0.000889	0.882021	0.471054	
 1687526612.499935	1687526612.449083	17.398944	-48.552919	-1.898026	0.299293	0.299284	0.245204	0.017303	-0.009046	-2.162579	0.262562	0.252811	0.253310	0.009762	-0.000076	0.882541	0.470134	
 1687526612.905172	1687526612.852793	17.333293	-48.464761	-1.857109	0.304456	0.304572	0.247814	0.022754	-0.003659	-2.145405	0.260282	0.252293	0.256008	0.010868	-0.003828	0.878447	0.477702	
 1687526613.310793	1687526613.262152	17.292449	-48.350726	-1.822335	0.291019	0.291015	0.242569	0.019478	-0.012406	-2.151644	0.262841	0.244906	0.250534	0.011516	0.000832	0.879951	0.474924	
 1687526613.720607	1687526613.665786	17.263567	-48.243234	-1.807613	0.294455	0.294461	0.244172	0.021087	-0.010837	-2.125791	0.259698	0.251056	0.252299	0.011847	-0.000394	0.873734	0.486260	
 1687526614.126655	1687526614.068801	17.234773	-48.128450	-1.817696	0.299344	0.299318	0.246314	0.022534	-0.010188	-2.144448	0.263493	0.251739	0.254547	0.012331	-0.000914	0.878227	0.478085	
 1687526614.529828	1687526614.472912	17.204971	-48.037584	-1.848698	0.288819	0.288791	0.241576	0.026075	-0.017848	-2.153576	0.260743	0.246454	0.249471	0.015709	0.001675	0.880385	0.473997	
 1687526614.935984	1687526614.875770	17.154257	-47.944319	-1.880875	0.301879	0.301782	0.246756	0.038368	-0.022970	-2.154528	0.270987	0.257806	0.254945	0.022332	0.001025	0.880549	0.473427	
 1687526615.343194	1687526615.279713	17.080286	-47.863945	-1.891260	0.294473	0.294483	0.243777	0.009193	-0.014849	-2.144775	0.292324	0.259932	0.251758	0.007586	0.004324	0.878327	0.477980	
 1687526615.746800	1687526615.683167	17.004065	-47.797053	-1.887005	0.300451	0.300417	0.246079	0.019733	-0.013555	-2.133943	0.251080	0.254991	0.254218	0.011912	0.001172	0.875712	0.482685	
 1687526616.150174	1687526616.088206	16.901611	-47.721281	-1.857583	0.296704	0.296748	0.244618	0.004578	-0.010708	-2.135111	0.258743	0.251272	0.252701	0.004587	0.003586	0.876015	0.482248	
 1687526616.553137	1687526616.493381	16.808388	-47.632050	-1.810134	0.298701	0.298754	0.245255	-0.011012	-0.013965	-2.131913	0.248230	0.250578	0.253281	-0.001442	0.008774	0.875199	0.483682	
 1687526616.962237	1687526616.898171	16.750925	-47.543502	-1.760125	0.296672	0.296784	0.245183	-0.007160	-0.014300	-2.131486	0.252166	0.253707	0.253134	0.000326	0.007989	0.875108	0.483861	
 1687526617.366368	1687526617.304260	16.697808	-47.438019	-1.739022	0.295032	0.295100	0.244569	0.012262	-0.019125	-2.117703	0.249013	0.253068	0.252503	0.010029	0.005333	0.871766	0.489791	
 1687526617.770056	1687526617.711799	16.663321	-47.334478	-1.750848	0.291213	0.291204	0.242887	0.011264	-0.025423	-2.130689	0.249995	0.255744	0.250716	0.011082	0.008395	0.874906	0.484093	
 1687526618.175525	1687526618.121877	16.616004	-47.213693	-1.784284	0.297100	0.297124	0.245373	0.012776	-0.017251	-2.152823	0.251291	0.265421	0.253419	0.009715	0.004562	0.880236	0.474415	
 1687526618.582280	1687526618.527194	16.532652	-47.117791	-1.833467	0.298033	0.298031	0.245411	0.021939	-0.022443	-2.174174	0.252749	0.255634	0.253385	0.014928	0.004832	0.885224	0.464900	
 1687526618.888539	1687526618.829828	16.445329	-47.044585	-1.864167	0.242848	0.242763	0.216445	0.036616	-0.021748	-2.192703	0.231178	0.229926	0.222627	0.021251	0.001308	0.889436	0.456564	
 1687526619.298887	1687526619.234738	16.358217	-46.979766	-1.874602	0.295101	0.295087	0.243123	0.020858	-0.011361	-2.183922	0.287477	0.256751	0.250752	0.011873	0.000236	0.887497	0.460661	
 1687526619.703526	1687526619.638117	16.272952	-46.907456	-1.852535	0.288959	0.288862	0.240912	0.020372	-0.007913	-2.176418	0.256990	0.245839	0.248572	0.010859	-0.001223	0.885763	0.464009	
 1687526620.107840	1687526620.043352	16.193016	-46.830706	-1.816532	0.295118	0.294959	0.243858	0.043506	-0.026631	-2.122727	0.260274	0.247136	0.251640	0.025480	0.001015	0.872879	0.487271	
 1687526620.521564	1687526620.448447	16.144612	-46.738684	-1.766886	0.300218	0.300150	0.246199	0.007390	-0.021432	-2.154755	0.311384	0.266314	0.254336	0.008329	0.007687	0.880681	0.473574	
 1687526620.928327	1687526620.852401	16.101515	-46.630157	-1.732295	0.300567	0.300610	0.246806	0.014534	-0.021578	-2.132244	0.250913	0.262353	0.254933	0.011577	0.005930	0.875296	0.483413	
 1687526621.331446	1687526621.259257	16.067001	-46.514806	-1.732941	0.292493	0.292496	0.243510	0.016635	-0.015690	-2.152695	0.252623	0.258901	0.251544	0.011044	0.002958	0.880204	0.474458	
 1687526621.738574	1687526621.663107	16.038438	-46.411313	-1.759343	0.284733	0.284730	0.239886	0.020747	-0.016141	-2.157915	0.251698	0.248806	0.247744	0.012954	0.002215	0.881429	0.472133	
 1687526622.143268	1687526622.066974	15.982570	-46.311070	-1.802622	0.299139	0.299019	0.246050	0.037954	-0.027415	-2.184166	0.262459	0.254731	0.254135	0.023154	0.003424	0.887465	0.460280	
 1687526622.555926	1687526622.472409	15.910233	-46.230819	-1.841330	0.297346	0.297344	0.244948	0.015157	-0.014132	-2.174151	0.293101	0.266067	0.252829	0.009995	0.002731	0.885248	0.465004	
 1687526622.960481	1687526622.879030	15.825055	-46.155464	-1.847068	0.303914	0.303846	0.247524	0.016734	-0.011939	-2.197212	0.257623	0.254832	0.255606	0.010166	0.001510	0.890550	0.454770	
 1687526623.366422	1687526623.283477	15.733397	-46.095011	-1.825078	0.299874	0.299853	0.246011	0.018212	-0.018487	-2.107580	0.258142	0.251743	0.253956	0.012484	0.003534	0.869271	0.494165	
 1687526623.773608	1687526623.689165	15.682571	-46.015008	-1.787041	0.293032	0.292976	0.243147	0.022864	-0.013034	-2.163731	0.257100	0.254929	0.251190	0.013153	0.000384	0.882794	0.469576	
 1687526624.177848	1687526624.105102	15.621721	-45.917148	-1.751827	0.300389	0.300298	0.246399	0.009095	-0.015006	-2.111400	0.266873	0.252521	0.254618	0.007653	0.004289	0.870229	0.492570	
 1687526624.581997	1687526624.508481	15.569479	-45.799336	-1.732855	0.296065	0.296070	0.244587	0.014719	-0.017047	-2.147961	0.250004	0.253259	0.252653	0.010532	0.003985	0.879079	0.476544	
 1687526624.986769	1687526624.913077	15.535760	-45.686624	-1.725259	0.294825	0.294801	0.243999	0.010685	-0.019362	-2.140268	0.254210	0.254682	0.252189	0.009333	0.005928	0.877236	0.479932	
 1687526625.391103	1687526625.317932	15.485763	-45.563971	-1.734943	0.297091	0.297052	0.245166	0.039324	-0.023363	-2.147227	0.251536	0.258299	0.253359	0.022849	0.000889	0.878809	0.476625	
 1687526625.796005	1687526625.721300	15.437662	-45.450187	-1.754949	0.297235	0.297227	0.245362	0.021259	-0.016983	-2.165629	0.300884	0.260798	0.253406	0.013369	0.002516	0.883241	0.468721	
 1687526626.200735	1687526626.127192	15.364067	-45.336026	-1.781771	0.297662	0.297487	0.245223	0.014116	-0.023285	-2.164540	0.262909	0.254632	0.253234	0.011696	0.006968	0.882982	0.469209	
 1687526626.606705	1687526626.530689	15.267431	-45.238970	-1.797660	0.299891	0.299836	0.246035	0.019817	-0.012656	-2.163996	0.255060	0.264042	0.254126	0.011719	0.000934	0.882866	0.469477	
 1687526627.011046	1687526626.936285	15.195167	-45.155175	-1.797121	0.290070	0.290007	0.241657	0.019611	-0.009835	-2.204394	0.258225	0.247715	0.249511	0.010969	-0.000041	0.892170	0.451567	
 1687526627.415416	1687526627.339265	15.116310	-45.057979	-1.776059	0.298086	0.298131	0.245064	0.021522	-0.008752	-2.157816	0.259775	0.248892	0.253005	0.011551	-0.001225	0.881405	0.472218	
 1687526627.820568	1687526627.743054	15.051705	-44.954234	-1.747391	0.294276	0.294267	0.243691	0.017611	-0.005903	-2.151376	0.261617	0.247127	0.251591	0.009150	-0.001587	0.879892	0.475083	
 1687526628.224277	1687526628.146561	15.011663	-44.854039	-1.729171	0.296476	0.296442	0.244758	0.016704	-0.015024	-2.129184	0.258704	0.247391	0.252858	0.010946	0.002520	0.874567	0.484775	
 1687526628.629589	1687526628.550327	14.944847	-44.734332	-1.723894	0.290257	0.290203	0.241943	0.018161	-0.021348	-2.103802	0.253615	0.249481	0.249940	0.013178	0.004766	0.868330	0.495788	
 1687526629.033792	1687526628.954513	14.893788	-44.611743	-1.725210	0.299289	0.299262	0.245722	0.019489	-0.011210	-2.176081	0.259209	0.259992	0.253958	0.011233	0.000441	0.885688	0.464144	
 1687526629.440915	1687526629.359455	14.825484	-44.482796	-1.730745	0.298571	0.298502	0.245449	0.020068	-0.014981	-2.150452	0.260240	0.250001	0.253643	0.012388	0.001818	0.879664	0.475430	
 1687526629.843971	1687526629.771334	14.755800	-44.346799	-1.727826	0.295405	0.295379	0.244526	-0.012242	-0.013601	-2.199088	0.260110	0.251695	0.252592	-0.002366	0.008838	0.890944	0.454020	
 1687526630.247607	1687526630.175135	14.681071	-44.244393	-1.729174	0.298325	0.298393	0.245477	0.006632	-0.014485	-2.157991	0.255098	0.253994	0.253547	0.006343	0.004818	0.881467	0.472178	
 1687526630.659136	1687526630.579979	14.598045	-44.129982	-1.731353	0.300030	0.300047	0.246039	0.013820	-0.020258	-2.167035	0.250511	0.253388	0.254208	0.010848	0.005715	0.883577	0.468126	
 1687526631.067181	1687526630.985920	14.523075	-44.025265	-1.723510	0.302987	0.302990	0.247346	0.016581	-0.020143	-2.133523	0.256075	0.260062	0.255534	0.012123	0.004815	0.875607	0.482848	
 1687526631.472640	1687526631.393226	14.464417	-43.945505	-1.715248	0.299988	0.299951	0.246247	0.020605	-0.024903	-2.129060	0.257943	0.258977	0.254495	0.015047	0.005893	0.874509	0.484740	
 1687526631.879423	1687526631.797844	14.390552	-43.838087	-1.702840	0.298712	0.298669	0.245649	0.015953	-0.021764	-2.137979	0.261512	0.263553	0.253890	0.012227	0.005704	0.876677	0.480890	
 1687526632.285321	1687526632.202760	14.324921	-43.735468	-1.693239	0.295642	0.295602	0.244176	0.018351	-0.018818	-2.140931	0.255178	0.258972	0.252323	0.012564	0.003854	0.877390	0.479599	
 1687526632.689358	1687526632.614041	14.244114	-43.618272	-1.678646	0.296779	0.296733	0.244744	0.021711	-0.019348	-2.139488	0.257953	0.255164	0.252983	0.014167	0.003270	0.877035	0.480206	
 1687526633.097489	1687526633.018172	14.166916	-43.511302	-1.665889	0.297766	0.297737	0.245284	0.019943	-0.021291	-2.142218	0.263085	0.256260	0.253478	0.013852	0.004566	0.877690	0.479007	
 1687526633.503803	1687526633.426239	14.105363	-43.431421	-1.656224	0.296907	0.296883	0.244873	0.019084	-0.030972	-2.136359	0.260634	0.258588	0.253105	0.015820	0.008974	0.876251	0.481511	
 1687526633.907421	1687526633.831098	14.035669	-43.336188	-1.647299	0.297737	0.297717	0.245199	0.028560	-0.018820	-2.137376	0.258712	0.272601	0.253428	0.017045	0.001375	0.876506	0.481087	
 1687526634.313675	1687526634.235190	13.977982	-43.235956	-1.644184	0.297757	0.297708	0.245472	0.023847	-0.018155	-2.140357	0.275736	0.255656	0.253641	0.014816	0.002241	0.877240	0.479819	
 1687526634.717042	1687526634.637377	13.929571	-43.166058	-1.648586	0.295951	0.295820	0.244631	0.025431	-0.027326	-2.130385	0.267297	0.254858	0.252812	0.017740	0.005795	0.874814	0.484100	
 1687526635.120382	1687526635.045894	13.848017	-43.079692	-1.648985	0.295975	0.295910	0.244399	0.025728	-0.024836	-2.121585	0.267140	0.264839	0.252618	0.017287	0.004557	0.872681	0.487963	
 1687526635.524465	1687526635.458759	13.786930	-42.979562	-1.642266	0.297060	0.296964	0.244909	0.024955	-0.026511	-2.150904	0.269315	0.262362	0.253092	0.017276	0.005731	0.879738	0.475111	
 1687526635.928206	1687526635.861138	13.687716	-42.871916	-1.630815	0.284305	0.284276	0.238925	0.026951	-0.013549	-2.102957	0.260405	0.257805	0.246846	0.015060	-0.000807	0.868104	0.496152	
 1687526636.333693	1687526636.265360	13.609769	-42.757862	-1.603678	0.297843	0.297811	0.244901	0.011604	-0.017907	-2.162462	0.273061	0.250622	0.253099	0.009331	0.005173	0.882511	0.470170	
 1687526636.741166	1687526636.668583	13.551837	-42.672852	-1.581539	0.292707	0.292768	0.243339	0.021204	-0.021431	-2.109123	0.251000	0.254292	0.251414	0.014508	0.004085	0.869641	0.493454	
 1687526637.145945	1687526637.072391	13.490192	-42.570398	-1.579525	0.298499	0.298532	0.245788	0.028276	-0.027978	-2.158163	0.261948	0.257786	0.253884	0.019065	0.005656	0.881443	0.471871	
 1687526637.549380	1687526637.476920	13.433754	-42.482435	-1.577160	0.297381	0.297382	0.245072	0.019883	-0.017243	-2.118191	0.271356	0.264962	0.253144	0.012889	0.002649	0.871879	0.489544	
 1687526637.961545	1687526637.881513	13.372298	-42.382709	-1.575687	0.289544	0.289486	0.242002	0.030732	-0.010363	-2.140387	0.257240	0.250428	0.250014	0.015966	-0.002829	0.877216	0.479822	
 1687526638.365524	1687526638.289491	13.290676	-42.280241	-1.591806	0.285005	0.284857	0.239739	0.025578	-0.014590	-2.141169	0.273585	0.243149	0.247491	0.014720	0.000267	0.877431	0.479478	
 1687526638.774268	1687526638.714171	13.211145	-42.180744	-1.612747	0.296862	0.296781	0.244575	0.036233	-0.012371	-2.169054	0.269537	0.250888	0.252700	0.018905	-0.002998	0.883973	0.467146	
 1687526639.179024	1687526639.124443	13.120771	-42.063316	-1.618501	0.295492	0.295432	0.244004	0.024738	-0.005785	-2.161216	0.288777	0.248116	0.252086	0.012274	-0.003271	0.882190	0.470723	
 1687526639.583089	1687526639.527917	13.039515	-41.952054	-1.609135	0.293197	0.293188	0.243222	0.029653	-0.008575	-2.152596	0.267329	0.245508	0.251197	0.015085	-0.003263	0.880132	0.474478	
 1687526639.986569	1687526639.934055	12.971695	-41.867334	-1.594833	0.297447	0.297432	0.245013	0.027289	-0.014176	-2.141368	0.279097	0.248018	0.253211	0.015371	-0.000323	0.877471	0.479383	
 1687526640.394245	1687526640.337054	12.896729	-41.757206	-1.581270	0.296954	0.297037	0.244910	0.039564	-0.001358	-2.131118	0.272800	0.250761	0.253033	0.017638	-0.008980	0.874895	0.483909	
 1687526640.798535	1687526640.741941	12.855707	-41.654108	-1.568833	0.299097	0.299083	0.245485	0.010790	-0.006785	-2.154752	0.305648	0.247633	0.253448	0.006358	0.000432	0.880709	0.473615	
 1687526641.203179	1687526641.146923	12.803314	-41.536806	-1.561712	0.299514	0.299600	0.245905	0.021766	-0.011606	-2.141650	0.253739	0.248794	0.254183	0.012332	-0.000125	0.877560	0.479308	
 1687526641.607212	1687526641.551292	12.746987	-41.419612	-1.559191	0.290933	0.290963	0.242239	0.024063	-0.010575	-2.150792	0.261598	0.246870	0.250304	0.013098	-0.001068	0.879733	0.475287	
 1687526642.012474	1687526641.956024	12.707267	-41.323203	-1.562271	0.291981	0.292008	0.242708	0.026198	-0.011163	-2.143685	0.266538	0.246813	0.250860	0.014172	-0.001367	0.878030	0.478395	
 1687526642.416916	1687526642.361260	12.651543	-41.193331	-1.568679	0.293311	0.293268	0.242949	0.029444	-0.016391	-2.151007	0.268866	0.246961	0.250930	0.016847	0.000213	0.879762	0.475116	
 1687526642.822749	1687526642.764268	12.580217	-41.071256	-1.573932	0.290805	0.290798	0.241998	0.032312	-0.016120	-2.137027	0.273230	0.249273	0.250115	0.018039	-0.000714	0.876406	0.481235	
 1687526643.230967	1687526643.167621	12.520862	-40.990085	-1.579132	0.291459	0.291456	0.242416	0.031185	-0.015710	-2.140009	0.280430	0.249365	0.250559	0.017448	-0.000596	0.877128	0.479940	
 1687526643.635566	1687526643.572166	12.445788	-40.890095	-1.577879	0.302877	0.302858	0.247006	0.015573	-0.018748	-2.141502	0.283044	0.253797	0.255399	0.011327	0.004493	0.877531	0.479365	
 1687526644.039939	1687526643.975011	12.379625	-40.814620	-1.564468	0.296543	0.296600	0.244389	0.027012	-0.019519	-2.133881	0.255752	0.255449	0.252531	0.016538	0.002026	0.875670	0.482623	
 1687526644.443522	1687526644.378284	12.307265	-40.708958	-1.537550	0.299190	0.299213	0.245839	0.023375	-0.014451	-2.133834	0.272929	0.256193	0.254163	0.013723	0.000684	0.875674	0.482707	
 1687526644.853057	1687526644.780366	12.245044	-40.595395	-1.519971	0.291901	0.291923	0.242966	0.023625	-0.018616	-2.124210	0.264737	0.249343	0.251070	0.014849	0.002376	0.873337	0.486884	
 1687526645.257734	1687526645.184705	12.190086	-40.501967	-1.515187	0.296851	0.296833	0.244766	0.025544	-0.033213	-2.109005	0.267129	0.254922	0.253009	0.019302	0.008136	0.869569	0.493368	
 1687526645.661149	1687526645.587291	12.121958	-40.378688	-1.505398	0.297569	0.297563	0.245111	0.013996	-0.016279	-2.128786	0.267255	0.273485	0.253390	0.010067	0.003723	0.874472	0.484958	
 1687526646.066054	1687526645.990484	12.055228	-40.251993	-1.512770	0.292459	0.292439	0.243077	0.033166	-0.025265	-2.137929	0.252824	0.251432	0.251161	0.020612	0.003097	0.876613	0.480744	
 1687526646.470968	1687526646.393830	11.996626	-40.165491	-1.518791	0.298021	0.298009	0.245441	0.033587	-0.033398	-2.157407	0.283120	0.261135	0.253735	0.022687	0.006782	0.881231	0.472092	
 1687526646.876570	1687526646.797066	11.918387	-40.061909	-1.524276	0.298071	0.297938	0.245290	0.059569	-0.034593	-2.159335	0.279767	0.271204	0.253467	0.034410	0.001202	0.881521	0.470888	
 1687526647.279887	1687526647.201112	11.834990	-39.990003	-1.506599	0.294393	0.294463	0.244150	0.001963	-0.031383	-2.109995	0.344580	0.266021	0.252165	0.008593	0.013165	0.869799	0.493156	
 1687526647.684634	1687526647.605280	11.748527	-39.885819	-1.502520	0.289972	0.290160	0.241957	0.035407	-0.031392	-2.132020	0.246096	0.267341	0.249730	0.023082	0.005175	0.875167	0.483242	
 1687526648.088466	1687526648.008793	11.667657	-39.781513	-1.489476	0.298774	0.298808	0.245353	0.021371	-0.030488	-2.106733	0.282726	0.266355	0.253424	0.016825	0.007962	0.869023	0.494421	
 1687526648.491462	1687526648.413055	11.605977	-39.702613	-1.468132	0.291615	0.291680	0.242572	0.026275	-0.033868	-2.111684	0.258450	0.265496	0.250577	0.019770	0.008267	0.870225	0.492189	
 1687526648.898387	1687526648.817863	11.541379	-39.608182	-1.447476	0.293586	0.293621	0.243467	0.021070	-0.033435	-2.114827	0.264804	0.269478	0.251571	0.017385	0.009388	0.871004	0.490878	
 1687526649.304940	1687526649.220469	11.486337	-39.518192	-1.429598	0.297519	0.297547	0.245216	0.016192	-0.033164	-2.125642	0.260233	0.272195	0.253388	0.015138	0.010550	0.873648	0.486209	
 1687526649.708837	1687526649.626156	11.446679	-39.450708	-1.426434	0.298319	0.298311	0.245602	0.035279	-0.034447	-2.114410	0.255745	0.272798	0.253844	0.023821	0.006333	0.870870	0.490895	
 1687526650.115537	1687526650.028669	11.383538	-39.361399	-1.429803	0.292730	0.292655	0.243074	0.029419	-0.035936	-2.107153	0.279809	0.268277	0.251154	0.021666	0.008343	0.869094	0.494103	
 1687526650.523036	1687526650.431876	11.340698	-39.277816	-1.434442	0.292509	0.292462	0.243083	0.026204	-0.029466	-2.130286	0.270202	0.273053	0.251179	0.018596	0.006543	0.874782	0.484116	
 1687526650.930890	1687526650.933871	11.274356	-39.187322	-1.442891	0.297780	0.297672	0.245271	0.022559	-0.035653	-2.122260	0.266766	0.264519	0.253450	0.018540	0.010057	0.872811	0.487602	
 1687526651.338000	1687526651.337043	11.199857	-39.115869	-1.438419	0.295502	0.295456	0.244072	0.016975	-0.037674	-2.149115	0.260353	0.273512	0.252224	0.016430	0.012523	0.879268	0.475879	
 1687526651.743827	1687526651.740203	11.146666	-39.061802	-1.424382	0.301780	0.301767	0.246920	0.034133	-0.026554	-2.131438	0.257608	0.282787	0.255202	0.021357	0.003360	0.875042	0.483564	
 1687526652.150977	1687526652.142792	11.077174	-38.984027	-1.417130	0.296814	0.296705	0.244965	0.036372	-0.029008	-2.105455	0.280760	0.259708	0.253063	0.022978	0.003594	0.868673	0.494840	
 1687526652.556923	1687526652.546514	11.024658	-38.901470	-1.407959	0.302143	0.302071	0.247068	0.014492	-0.028595	-2.111141	0.288248	0.264802	0.255386	0.013349	0.008871	0.870121	0.492578	
 1687526652.959893	1687526652.948825	10.996401	-38.840709	-1.401821	0.296308	0.296352	0.244859	0.023212	-0.029963	-2.114207	0.254287	0.266136	0.252994	0.017468	0.007344	0.870865	0.491157	
 1687526653.369188	1687526653.351690	10.960922	-38.756323	-1.399069	0.299842	0.299816	0.246110	0.030442	-0.029858	-2.126842	0.264259	0.266997	0.254350	0.020554	0.005652	0.873935	0.485576	
 1687526653.774876	1687526653.755361	10.935612	-38.689675	-1.394167	0.299466	0.299383	0.246059	0.032246	-0.033765	-2.140011	0.275891	0.266194	0.254279	0.022245	0.007067	0.877095	0.479750	
 1687526654.180289	1687526654.158778	10.876037	-38.599225	-1.395755	0.293554	0.293444	0.243652	0.037907	-0.034075	-2.127520	0.272665	0.266303	0.251706	0.024837	0.005689	0.874061	0.485148	
 1687526654.586190	1687526654.561854	10.806460	-38.508693	-1.401038	0.298671	0.298604	0.245617	0.025996	-0.030900	-2.132491	0.286337	0.268447	0.253783	0.018844	0.007241	0.875310	0.483140	
 1687526654.992322	1687526654.964752	10.741570	-38.444404	-1.402170	0.299589	0.299535	0.246032	0.031842	-0.031349	-2.121544	0.267683	0.267566	0.254123	0.021543	0.005906	0.872637	0.487859	
 1687526655.400885	1687526655.367561	10.667394	-38.346858	-1.395910	0.299074	0.299065	0.245854	0.031436	-0.023259	-2.137826	0.274355	0.264751	0.254000	0.019372	0.002633	0.876599	0.480825	
 1687526655.806861	1687526655.770922	10.610646	-38.265027	-1.393158	0.292061	0.292042	0.242675	0.031409	-0.021538	-2.126405	0.272489	0.253351	0.250330	0.018957	0.001777	0.873840	0.485840	
 1687526656.209895	1687526656.173423	10.551544	-38.162980	-1.407717	0.293638	0.293545	0.243671	0.040157	-0.032402	-2.162844	0.274861	0.253273	0.251740	0.025332	0.004859	0.882486	0.469630	
 1687526656.615839	1687526656.577749	10.476169	-38.064487	-1.417112	0.298244	0.298284	0.245205	0.021689	-0.018162	-2.120109	0.288751	0.264580	0.253344	0.013898	0.002621	0.872343	0.488690	
 1687526657.020548	1687526656.980991	10.437904	-37.968957	-1.426755	0.298015	0.298074	0.245170	0.029995	-0.012574	-2.155919	0.262294	0.252857	0.253226	0.016186	-0.001557	0.880922	0.472981	
 1687526657.427171	1687526657.384712	10.377475	-37.858698	-1.417548	0.299735	0.299706	0.245949	0.014659	-0.017977	-2.114077	0.274949	0.249666	0.254082	0.010800	0.004226	0.870878	0.491363	
 1687526657.830830	1687526657.787871	10.307668	-37.747676	-1.401043	0.298260	0.298358	0.245497	0.033755	-0.018029	-2.144510	0.255598	0.253739	0.253525	0.019132	-0.000153	0.878193	0.477924	
 1687526658.233965	1687526658.190192	10.253415	-37.651414	-1.389032	0.297664	0.297631	0.245508	0.029552	-0.014852	-2.149597	0.282718	0.252264	0.253641	0.016528	-0.000501	0.879426	0.475748	
 1687526658.641410	1687526658.593720	10.174924	-37.527655	-1.394738	0.295908	0.295863	0.244744	0.028511	-0.016636	-2.138602	0.273271	0.249661	0.252843	0.016497	0.000440	0.876802	0.480568	
 1687526659.047829	1687526658.995497	10.103042	-37.425940	-1.413399	0.299270	0.299260	0.245768	0.031434	-0.015192	-2.139523	0.272983	0.251948	0.253939	0.017432	-0.000887	0.877010	0.480155	
 1687526659.454501	1687526659.398072	10.017134	-37.311448	-1.418946	0.292176	0.292164	0.243072	0.001819	-0.016363	-2.135162	0.272259	0.247743	0.251112	0.004742	0.006729	0.876010	0.482222	
 1687526659.859348	1687526659.800901	9.929930	-37.190345	-1.431182	0.298771	0.298954	0.245775	0.033598	-0.009653	-2.162138	0.251018	0.253489	0.253697	0.017093	-0.003643	0.882365	0.470242	
 1687526660.263252	1687526660.203015	9.858318	-37.099285	-1.434164	0.293796	0.293825	0.243419	0.025356	-0.007525	-2.156057	0.279082	0.245939	0.251436	0.012949	-0.002683	0.880972	0.472983	
 1687526660.667791	1687526660.605074	9.786140	-36.997158	-1.425872	0.298946	0.299032	0.245422	0.021257	-0.009110	-2.160398	0.266771	0.247682	0.253480	0.011521	-0.000990	0.882015	0.471079	
 1687526661.073103	1687526661.008665	9.734139	-36.898330	-1.399969	0.293533	0.293592	0.242508	0.021146	-0.009800	-2.150857	0.258844	0.245134	0.249968	0.011631	-0.000715	0.879759	0.475277	
 1687526661.480762	1687526661.412343	9.699888	-36.810847	-1.381995	0.291133	0.291092	0.242257	0.037461	-0.027909	-2.171175	0.259211	0.245470	0.250336	0.023073	0.003607	0.884458	0.466035	
 1687526661.884279	1687526661.816983	9.617405	-36.698624	-1.376727	0.299007	0.298967	0.245629	0.011843	-0.018646	-2.119197	0.282142	0.258982	0.253799	0.009725	0.005234	0.872133	0.489144	
 1687526662.287280	1687526662.220779	9.534495	-36.595020	-1.373802	0.297481	0.297508	0.245303	0.018697	-0.012351	-2.152459	0.253342	0.253588	0.253373	0.011159	0.000998	0.880146	0.474570	
 1687526662.691238	1687526662.623767	9.441712	-36.469478	-1.382232	0.290422	0.290417	0.242019	0.004758	-0.012743	-2.116927	0.255177	0.245955	0.249904	0.005197	0.004387	0.871591	0.490187	
 1687526663.097394	1687526663.026553	9.356791	-36.341155	-1.384185	0.294082	0.294137	0.243499	0.021487	-0.014443	-2.158073	0.249155	0.248411	0.251392	0.012880	0.001292	0.881466	0.472070	
 1687526663.503690	1687526663.430098	9.283516	-36.248219	-1.373287	0.295042	0.295057	0.243932	0.010382	-0.012518	-2.130965	0.259832	0.248664	0.251927	0.007572	0.002964	0.875009	0.484038	
 1687526663.907382	1687526663.833988	9.202879	-36.145010	-1.360632	0.299566	0.299766	0.246501	0.025239	-0.015959	-2.160694	0.253469	0.249803	0.254051	0.014889	0.001094	0.882070	0.470881	
 1687526664.311991	1687526664.238320	9.127202	-36.047805	-1.351950	0.296267	0.296274	0.244589	0.020592	-0.019900	-2.139127	0.260939	0.248817	0.252305	0.013809	0.003779	0.876950	0.480368	
 1687526664.719763	1687526664.641326	9.073519	-35.975236	-1.334145	0.297711	0.297695	0.245007	0.046993	-0.025406	-2.169683	0.257292	0.251061	0.252901	0.026704	0.000257	0.884053	0.466622	
 1687526665.124937	1687526665.043388	8.998255	-35.862829	-1.314835	0.297582	0.297578	0.245126	0.022699	-0.015358	-2.144748	0.278485	0.250549	0.252685	0.013639	0.001319	0.878297	0.477919	
 1687526665.531470	1687526665.448802	8.927716	-35.766296	-1.286214	0.299000	0.298998	0.246035	0.024757	-0.020246	-2.149838	0.259455	0.249632	0.253634	0.015703	0.003013	0.879499	0.475632	
 1687526665.937821	1687526665.851547	8.839576	-35.633042	-1.275664	0.300641	0.300690	0.247071	0.015142	0.001996	-2.097704	0.259557	0.251159	0.254314	0.006065	-0.004640	0.866822	0.498559	
 1687526666.340988	1687526666.257640	8.749243	-35.473488	-1.280121	0.293577	0.293706	0.244103	0.011274	-0.001990	-2.123880	0.253857	0.246151	0.251234	0.005408	-0.001878	0.873291	0.487166	
 1687526666.744273	1687526666.660401	8.676657	-35.354665	-1.300455	0.292379	0.292427	0.243033	0.045797	-0.005828	-2.139081	0.251775	0.244885	0.250237	0.021480	-0.008448	0.876778	0.480341	
 1687526667.147836	1687526667.063310	8.574024	-35.215362	-1.304021	0.297538	0.297498	0.245017	0.035732	-0.022490	-2.191372	0.288878	0.246810	0.252320	0.021028	0.001826	0.889136	0.457156	
 1687526667.551260	1687526667.465845	8.459132	-35.083323	-1.283763	0.296721	0.296710	0.244713	0.035760	-0.001214	-2.125299	0.273926	0.251307	0.252105	0.015915	-0.008169	0.873513	0.486472	
 1687526667.956271	1687526667.868839	8.405024	-34.975822	-1.275787	0.298603	0.298608	0.246058	0.040424	-0.015948	-2.167969	0.283177	0.248364	0.253715	0.021592	-0.002408	0.883696	0.467557	
 1687526668.360836	1687526668.271976	8.325662	-34.855474	-1.280301	0.296368	0.296285	0.245073	0.044956	-0.023143	-2.148801	0.284039	0.248357	0.252442	0.025272	-0.000532	0.879148	0.475878	
 1687526668.767651	1687526668.675095	8.260432	-34.778891	-1.277809	0.292553	0.292501	0.242965	0.026814	-0.014841	-2.158330	0.287771	0.249094	0.250247	0.015321	0.000212	0.881507	0.471922	
 1687526669.175050	1687526669.178984	8.179820	-34.669250	-1.272881	0.301673	0.301634	0.247074	0.057461	-0.021385	-2.174571	0.265728	0.250490	0.254399	0.030401	-0.003891	0.885095	0.464400	
 1687526669.578108	1687526669.582203	8.077364	-34.544827	-1.258867	0.292107	0.292106	0.243055	0.027616	-0.020728	-2.147572	0.304313	0.246806	0.250019	0.017077	0.002526	0.878949	0.476603	
 1687526669.981462	1687526669.984590	7.993936	-34.442587	-1.243410	0.296259	0.296354	0.245000	0.026684	-0.011802	-2.152691	0.264840	0.250866	0.251996	0.014544	-0.001137	0.880173	0.474429	
 1687526670.388765	1687526670.388004	7.889498	-34.302234	-1.230556	0.292011	0.292134	0.242903	0.003682	0.004413	-2.135508	0.263136	0.245651	0.249962	0.000549	-0.002820	0.876114	0.482095	
 1687526670.800380	1687526670.791265	7.825503	-34.177290	-1.228773	0.296575	0.296854	0.244918	0.033118	-0.007744	-2.180462	0.252151	0.247113	0.252023	0.016473	-0.004222	0.886635	0.462157	
 1687526671.205339	1687526671.193140	7.725500	-34.026796	-1.227483	0.303822	0.304037	0.247905	0.017772	-0.011992	-2.150918	0.277937	0.249443	0.254977	0.010668	0.001052	0.879783	0.475254	
 1687526671.610187	1687526671.596056	7.616490	-33.882299	-1.226401	0.289867	0.289935	0.242776	0.030692	0.006836	-2.187663	0.256189	0.246116	0.249600	0.012064	-0.010081	0.888259	0.459075	
 1687526672.012927	1687526671.999079	7.564551	-33.765039	-1.252153	0.296382	0.296388	0.244971	0.026369	0.008114	-2.201904	0.281127	0.250096	0.252241	0.009919	-0.009586	0.891530	0.452752	
 1687526672.416323	1687526672.401813	7.479099	-33.630251	-1.269569	0.295566	0.295559	0.244083	0.012727	0.004783	-2.158299	0.273811	0.249789	0.251487	0.004481	-0.005112	0.881529	0.472081	
 1687526672.822818	1687526672.803198	7.383141	-33.515640	-1.265236	0.298121	0.298134	0.244905	0.025598	-0.005835	-2.172349	0.257623	0.248053	0.252387	0.012684	-0.003381	0.884792	0.465801	
 1687526673.226276	1687526673.206018	7.311453	-33.433937	-1.240008	0.298135	0.298116	0.245318	0.020321	-0.011440	-2.156022	0.276798	0.247448	0.252899	0.011657	0.000232	0.880986	0.472998	
 1687526673.630239	1687526673.610380	7.209176	-33.282796	-1.221569	0.296204	0.296260	0.244886	0.018340	0.009323	-2.138871	0.266701	0.249443	0.252456	0.005801	-0.008495	0.876862	0.480632	
 1687526674.033953	1687526674.014936	7.156444	-33.137597	-1.225713	0.297358	0.297391	0.244993	0.010042	0.003422	-2.139887	0.268916	0.252245	0.252700	0.003583	-0.003912	0.877157	0.480175	
 1687526674.438981	1687526674.417923	7.079433	-32.965553	-1.219549	0.299974	0.299998	0.246001	0.031100	-0.009473	-2.136317	0.257070	0.248881	0.253660	0.015907	-0.003340	0.876235	0.481610	
 1687526674.842792	1687526674.821436	6.992801	-32.810563	-1.207758	0.298120	0.298189	0.245334	0.016689	-0.006331	-2.157601	0.295560	0.248409	0.253099	0.008850	-0.001152	0.881369	0.472344	
 1687526675.249409	1687526675.225648	6.921507	-32.707100	-1.197571	0.296366	0.296405	0.245254	0.024713	-0.008465	-2.171413	0.264402	0.247987	0.253050	0.012904	-0.002017	0.884582	0.466202	
 1687526675.652966	1687526675.628303	6.827998	-32.578225	-1.206103	0.298535	0.298534	0.245996	-0.005290	0.009798	-2.123578	0.278654	0.249083	0.253796	-0.004697	-0.002989	0.873221	0.487292	
 1687526676.062231	1687526676.032185	6.760415	-32.443209	-1.224102	0.291838	0.291944	0.242709	0.016373	0.003986	-2.134432	0.248817	0.247662	0.250303	0.006208	-0.005696	0.875821	0.482562	
 1687526676.465943	1687526676.435858	6.712211	-32.350481	-1.224015	0.302095	0.302078	0.246552	0.026138	-0.006858	-2.132593	0.266205	0.249899	0.254347	0.013098	-0.003315	0.875358	0.483286	
 1687526676.869725	1687526676.838374	6.641694	-32.227779	-1.204030	0.295358	0.295330	0.244196	0.037214	-0.030904	-2.193011	0.273389	0.246470	0.251807	0.023606	0.005247	0.889488	0.456318	
 1687526677.278507	1687526677.240326	6.569502	-32.122466	-1.196876	0.299101	0.299146	0.246008	0.043608	-0.013738	-2.148813	0.293278	0.268364	0.253604	0.022441	-0.004345	0.879149	0.475998	
 1687526677.682270	1687526677.647498	6.481511	-31.994419	-1.192321	0.297071	0.297084	0.245130	0.017406	-0.026335	-2.191556	0.316155	0.248960	0.252674	0.013761	0.007729	0.889226	0.457196	
 1687526678.091025	1687526678.052868	6.387307	-31.870748	-1.183388	0.299692	0.299614	0.245886	0.012992	-0.033755	-2.187568	0.259132	0.265550	0.253500	0.013518	0.012011	0.888276	0.458955	
 1687526678.499419	1687526678.455642	6.277047	-31.790278	-1.147629	0.293615	0.293650	0.243145	0.014800	-0.020876	-2.137423	0.251918	0.277283	0.250630	0.011509	0.005588	0.876547	0.481147	
 1687526678.906435	1687526678.857938	6.166203	-31.639772	-1.111948	0.299123	0.299162	0.246134	0.026604	-0.011715	-2.155537	0.257615	0.259269	0.253793	0.014489	-0.001136	0.880848	0.473177	
 1687526679.310062	1687526679.263345	6.087206	-31.503957	-1.122439	0.293487	0.293465	0.244159	0.023579	-0.010148	-2.106641	0.275195	0.248359	0.251689	0.012755	-0.001423	0.869029	0.494595	
 1687526679.713694	1687526679.669058	6.000453	-31.358170	-1.155679	0.297808	0.297755	0.245690	0.009777	-0.000735	-2.142276	0.271314	0.249253	0.253324	0.004467	-0.002020	0.877737	0.479118	
 1687526680.117005	1687526680.079747	5.921146	-31.235877	-1.179932	0.293845	0.293882	0.243453	0.018389	-0.008979	-2.170136	0.251843	0.245281	0.250767	0.010227	-0.000322	0.884308	0.466792	
 1687526680.522841	1687526680.486700	5.857730	-31.146322	-1.177803	0.294811	0.294781	0.243591	0.036407	-0.014729	-2.175107	0.259337	0.246651	0.250970	0.019539	-0.001938	0.885384	0.464445	
 1687526680.930212	1687526680.890749	5.763678	-31.030169	-1.152909	0.293735	0.293713	0.243515	0.006709	-0.012889	-2.205956	0.282185	0.247581	0.250816	0.005900	0.004239	0.892540	0.450909	
 1687526681.337147	1687526681.295896	5.676070	-30.904986	-1.134662	0.300167	0.300168	0.246555	0.003828	-0.018185	-2.272626	0.253104	0.251909	0.253957	0.005563	0.007442	0.907056	0.420908	
 1687526681.743748	1687526681.699429	5.606291	-30.822351	-1.130824	0.301088	0.301106	0.246483	0.023352	-0.020977	-2.272759	0.252367	0.257062	0.253962	0.015005	0.004600	0.907055	0.420719	
 1687526682.149503	1687526682.102914	5.525263	-30.708038	-1.108719	0.300345	0.300327	0.245986	0.012780	-0.013535	-2.282426	0.264133	0.256351	0.253444	0.008628	0.003491	0.909118	0.416435	
 1687526682.558251	1687526682.506436	5.464432	-30.563188	-1.088507	0.300176	0.300205	0.246485	0.028319	-0.007940	-2.331802	0.255521	0.252361	0.253979	0.014578	-0.001929	0.919066	0.393828	
 1687526682.963933	1687526682.918637	5.426797	-30.476224	-1.080883	0.297332	0.297300	0.245668	0.010934	-0.038176	-2.389996	0.275284	0.248180	0.253051	0.012089	0.015749	0.930070	0.366846	
 1687526683.367199	1687526683.321860	5.351937	-30.355524	-1.077226	0.294059	0.293987	0.243938	0.001588	-0.035862	-2.449970	0.249971	0.289858	0.251165	0.006824	0.016600	0.940654	0.338892	
 1687526683.775314	1687526683.725929	5.313831	-30.269797	-1.070485	0.291627	0.291747	0.242556	0.016015	-0.014882	-2.502252	0.246689	0.285925	0.249601	0.009940	0.004547	0.949301	0.314178	
 1687526684.180668	1687526684.135213	5.251562	-30.185851	-1.056249	0.301897	0.301881	0.246749	0.009937	-0.016054	-2.493889	0.255876	0.253848	0.253918	0.007264	0.006029	0.947987	0.318169	
 1687526684.584741	1687526684.538714	5.208514	-30.111588	-1.039046	0.297509	0.297507	0.245782	-0.003878	-0.022241	-2.596789	0.251097	0.254637	0.253032	0.001125	0.011232	0.963060	0.269049	
 1687526684.989204	1687526684.944156	5.179513	-30.090503	-1.051189	0.296948	0.296926	0.245564	-0.000007	-0.014206	-2.594998	0.248629	0.263938	0.252280	0.001914	0.006841	0.962862	0.269901	
 1687526685.392607	1687526685.350334	5.133222	-30.033461	-1.058395	0.298314	0.298508	0.245976	-0.004700	-0.016421	-2.588275	0.247974	0.253024	0.252549	-0.000018	0.008540	0.961933	0.273152	
 1687526685.796663	1687526685.753235	5.124436	-30.028150	-1.056938	0.292196	0.292329	0.243808	-0.018779	-0.017577	-2.583404	0.245516	0.252136	0.249545	-0.006605	0.011035	0.961203	0.275541	
 1687526686.200843	1687526686.163427	5.085481	-29.985074	-1.050183	0.297783	0.297727	0.245203	-0.009553	-0.021012	-2.587461	0.258601	0.257728	0.251768	-0.001720	0.011411	0.961784	0.273565	
 1687526686.606143	1687526686.568887	5.042224	-29.948188	-1.033717	0.292708	0.292937	0.244523	-0.018249	-0.019942	-2.585723	0.248254	0.259450	0.250111	-0.006038	0.012091	0.961511	0.274433	
 1687526687.011068	1687526686.991945	5.026638	-29.959879	-1.039162	0.295639	0.295371	0.244512	-0.000307	-0.018029	-2.565205	0.259145	0.262046	0.250721	0.002415	0.008686	0.958719	0.284211	
 1687526687.417795	1687526687.396195	5.004588	-29.906942	-1.041402	0.294784	0.295009	0.245150	-0.006683	-0.006232	-2.572588	0.246166	0.257891	0.250414	-0.002333	0.003929	0.959789	0.280687	
 1687526687.821784	1687526687.799438	5.007136	-29.863416	-1.072237	0.295311	0.294973	0.245251	0.006852	-0.019408	-2.606506	0.247998	0.247749	0.251015	0.005869	0.008453	0.964381	0.264317	
 1687526688.227561	1687526688.203328	5.039916	-29.891262	-1.098561	0.294635	0.294206	0.243972	0.014097	-0.021507	-2.636552	0.247402	0.261839	0.249566	0.009511	0.008651	0.968225	0.249751	
 1687526688.632371	1687526688.605947	5.044365	-29.877430	-1.112383	0.294836	0.295200	0.244545	-0.003277	-0.021624	-2.616188	0.254377	0.265599	0.250004	0.001226	0.010866	0.965629	0.259693	
 1687526689.037348	1687526689.008971	5.076755	-29.920174	-1.128547	0.299470	0.299307	0.246016	0.011986	-0.021046	-2.616072	0.247881	0.268444	0.252119	0.008520	0.008605	0.965622	0.259667	
 1687526689.441594	1687526689.413217	5.082584	-29.926856	-1.111676	0.299146	0.299342	0.246346	0.013741	-0.018230	-2.615938	0.253618	0.265759	0.251173	0.009002	0.007017	0.965613	0.259734	
 1687526689.844755	1687526689.818092	5.083314	-29.942411	-1.081689	0.299344	0.299245	0.246316	0.011826	-0.015989	-2.600079	0.256307	0.261971	0.252139	0.007836	0.006122	0.963534	0.267402	
 1687526690.252606	1687526690.226416	5.119774	-29.977632	-1.062651	0.297425	0.297399	0.245838	0.016751	-0.009737	-2.585382	0.254590	0.259455	0.251565	0.009390	0.002382	0.961543	0.274482	
 1687526690.656947	1687526690.630883	5.143360	-29.982936	-1.068552	0.293242	0.293374	0.244324	0.023777	-0.000605	-2.607537	0.258098	0.249759	0.249794	0.011547	-0.002845	0.964492	0.263843	
 1687526691.063105	1687526691.037499	5.180411	-30.004137	-1.096196	0.294523	0.294429	0.244199	0.044422	0.006271	-2.619208	0.272394	0.245880	0.250631	0.020646	-0.008763	0.965822	0.258235	
 1687526691.467098	1687526691.443431	5.230079	-30.060539	-1.117120	0.303778	0.303671	0.247744	0.052306	0.008892	-2.634073	0.344426	0.250393	0.254111	0.024196	-0.010867	0.967606	0.251070	
 1687526691.870717	1687526691.847117	5.260036	-30.111246	-1.114060	0.293734	0.294346	0.244353	0.021879	0.005165	-2.603087	0.347169	0.246770	0.249886	0.009858	-0.005399	0.963901	0.266022	
 1687526692.279698	1687526692.254458	5.310425	-30.200323	-1.113875	0.296984	0.297245	0.245401	0.024637	0.000671	-2.579771	0.267531	0.247433	0.251732	0.011742	-0.003737	0.960729	0.277214	
 1687526692.682955	1687526692.659379	5.337480	-30.234371	-1.110078	0.293425	0.293880	0.244350	0.036855	0.002693	-2.583706	0.268052	0.244897	0.249491	0.017344	-0.006368	0.961176	0.275317	
 1687526693.094229	1687526693.061648	5.353717	-30.241031	-1.093601	0.291282	0.291329	0.242875	0.040127	-0.000513	-2.588854	0.296014	0.243914	0.248700	0.019371	-0.005228	0.961860	0.272805	
 1687526693.504447	1687526693.466273	5.389748	-30.253279	-1.081699	0.300778	0.300978	0.247663	0.002987	-0.000489	-2.614701	0.313718	0.249139	0.253227	0.001506	-0.000153	0.965497	0.260408	
 1687526693.907234	1687526693.869845	5.405675	-30.260716	-1.113973	0.292214	0.292731	0.244001	0.029401	-0.009723	-2.653512	0.246009	0.244798	0.249285	0.015439	0.001165	0.970271	0.241527	
 1687526694.312509	1687526694.274852	5.430298	-30.283312	-1.125158	0.296764	0.296998	0.244779	0.022032	0.012702	-2.654765	0.284550	0.251066	0.251500	0.009160	-0.008818	0.970425	0.241066	
 1687526694.716579	1687526694.677516	5.450457	-30.315492	-1.139058	0.299020	0.299425	0.246127	0.022071	0.006970	-2.693008	0.269565	0.252973	0.252996	0.009984	-0.005852	0.974878	0.222439	
 1687526695.122900	1687526695.081163	5.460050	-30.334334	-1.142534	0.298405	0.298661	0.245605	0.027474	0.003093	-2.758103	0.269727	0.248425	0.252568	0.013190	-0.004136	0.981575	0.190575	
 1687526695.527395	1687526695.485164	5.477919	-30.380530	-1.123485	0.297141	0.297320	0.244937	0.018774	0.013894	-2.755335	0.282893	0.246704	0.252105	0.007879	-0.008619	0.981329	0.191981	
 1687526695.932337	1687526695.893725	5.501966	-30.423446	-1.109125	0.300964	0.301214	0.247281	0.020978	0.013057	-2.751835	0.264153	0.254422	0.254581	0.009026	-0.008435	0.980983	0.193700	
 1687526696.340600	1687526696.295901	5.513175	-30.471752	-1.122202	0.297657	0.297897	0.245784	0.035848	0.004405	-2.767040	0.268122	0.252551	0.253107	0.017200	-0.005500	0.982347	0.186192	
 1687526696.745321	1687526696.698763	5.513071	-30.514240	-1.137384	0.299492	0.299595	0.246182	0.016659	0.015387	-2.777123	0.313302	0.248245	0.253644	0.006797	-0.009075	0.983366	0.181279	
 1687526697.148723	1687526697.101295	5.505196	-30.537905	-1.156276	0.288378	0.288633	0.241182	0.043653	-0.002792	-2.823528	0.257386	0.250961	0.248199	0.021770	-0.002078	0.987150	0.158295	
 1687526697.551852	1687526697.505387	5.490028	-30.549763	-1.141885	0.296424	0.296557	0.244293	0.049081	0.004667	-2.840974	0.350529	0.247213	0.251652	0.023912	-0.005981	0.988416	0.149755	
 1687526697.957846	1687526697.909845	5.476864	-30.557339	-1.115455	0.294416	0.294490	0.244039	0.010794	-0.000475	-2.815335	0.378101	0.246048	0.251519	0.005364	-0.000642	0.986710	0.162403	
 1687526698.361649	1687526698.314978	5.467707	-30.556757	-1.119560	0.298067	0.298326	0.245966	0.038672	-0.014450	-2.822382	0.254398	0.247557	0.253215	0.020237	0.004059	0.987102	0.158757	
 1687526698.770197	1687526698.719993	5.456765	-30.547349	-1.108130	0.296964	0.297011	0.244851	0.000260	-0.011472	-2.867352	0.323357	0.256650	0.252263	0.000913	0.005664	0.990598	0.136688	
 1687526699.177715	1687526699.131078	5.441660	-30.539323	-1.114653	0.293655	0.293763	0.243743	-0.001823	-0.003893	-2.948034	0.247021	0.248713	0.251032	-0.000719	0.002025	0.995318	0.096630	
 1687526699.582395	1687526699.535836	5.415016	-30.563901	-1.115705	0.297642	0.297755	0.245066	-0.010675	-0.011037	-2.932552	0.247736	0.247155	0.252445	-0.004733	0.006045	0.994510	0.104356	
 1687526699.985444	1687526699.939447	5.387077	-30.578913	-1.094616	0.297163	0.297169	0.245372	-0.051806	-0.020543	-2.970665	0.253338	0.250259	0.252810	-0.024928	0.012441	0.995941	0.085592	
 1687526700.388581	1687526700.344325	5.336722	-30.553309	-1.115395	0.296964	0.297908	0.245980	0.068722	-0.019381	-3.063574	0.353724	0.253573	0.252475	0.034704	0.008338	0.998615	0.038642	
 1687526700.793400	1687526700.749720	5.290464	-30.562232	-1.092054	0.295289	0.295843	0.245041	-0.031016	-0.029910	-2.996526	0.454618	0.254886	0.251253	-0.014381	0.016037	0.997122	0.072684	
 1687526701.196086	1687526701.154241	5.262427	-30.566590	-1.078455	0.297209	0.297522	0.246331	-0.018528	-0.026593	-3.030999	0.287803	0.263253	0.253016	-0.008514	0.013787	0.998334	0.055384	
 1687526701.603532	1687526701.560914	5.220170	-30.564997	-1.096835	0.294280	0.294560	0.244187	0.012476	-0.025774	-3.024752	0.262006	0.261375	0.251211	0.006979	0.012500	0.998196	0.058301	
 1687526702.007108	1687526701.964123	5.171981	-30.558836	-1.089862	0.302422	0.302639	0.247089	-0.025825	-0.024867	-3.090942	0.259540	0.267077	0.254454	-0.012592	0.012755	0.999515	0.025479	
 1687526702.411522	1687526702.366009	5.119223	-30.544778	-1.084900	0.296745	0.296914	0.244581	0.009401	-0.029100	3.128157	0.280011	0.259636	0.251759	0.004602	0.014581	0.999860	-0.006785	
 1687526702.816098	1687526702.770062	5.071816	-30.555998	-1.068028	0.298742	0.298858	0.245709	-0.013308	-0.022780	-3.126694	0.252620	0.269006	0.253270	-0.006568	0.011439	0.999885	0.007525	
 1687526703.220541	1687526703.173339	5.022567	-30.565128	-1.066201	0.293102	0.293152	0.243489	0.010029	-0.025708	-3.137148	0.255939	0.258527	0.250889	0.005042	0.012842	0.999902	0.002157	
 1687526703.627303	1687526703.582443	4.983791	-30.569086	-1.054055	0.289831	0.290011	0.242211	-0.027972	-0.011417	3.134788	0.249993	0.259442	0.249488	-0.014005	0.005661	0.999880	-0.003322	
 1687526704.030106	1687526703.987154	4.955568	-30.556678	-1.063042	0.298943	0.298952	0.246178	-0.007023	-0.010583	3.113309	0.295131	0.250995	0.253733	-0.003586	0.005241	0.999880	-0.014122	
 1687526704.434186	1687526704.390664	4.921739	-30.562029	-1.082558	0.299752	0.299773	0.246195	-0.000388	-0.013469	3.130184	0.251141	0.250342	0.253798	-0.000232	0.006733	0.999961	-0.005703	
 1687526704.839862	1687526704.796092	4.878607	-30.571761	-1.083774	0.299044	0.299055	0.245617	-0.003803	-0.012661	3.115463	0.247596	0.251301	0.253179	-0.001984	0.006305	0.999893	-0.013052	
 1687526705.245404	1687526705.200339	4.844640	-30.558537	-1.069297	0.292273	0.292293	0.242820	-0.011753	-0.010717	3.036341	0.245874	0.248219	0.250332	-0.006150	0.005042	0.998586	-0.052568	
 1687526705.648948	1687526705.604582	4.811985	-30.545280	-1.052623	0.294148	0.294148	0.243696	-0.016170	-0.008121	3.014172	0.255656	0.248227	0.251302	-0.008327	0.003537	0.997932	-0.063632	
 1687526706.052186	1687526706.009917	4.773665	-30.546799	-1.053951	0.283769	0.283734	0.239144	-0.002762	-0.027863	3.015266	0.259866	0.243002	0.246489	-0.002258	0.013816	0.997909	-0.063096	
 1687526706.461155	1687526706.414450	4.740775	-30.530886	-1.058489	0.297194	0.297199	0.244870	-0.027172	-0.016874	2.924257	0.249866	0.264968	0.252527	-0.014420	0.006913	0.993987	-0.108326	
 1687526706.865154	1687526706.819281	4.703768	-30.545448	-1.064688	0.300641	0.300594	0.246488	-0.019356	-0.017296	2.912109	0.304414	0.258044	0.254226	-0.010604	0.007483	0.993350	-0.114397	
 1687526707.269193	1687526707.227324	4.676131	-30.554725	-1.072926	0.296666	0.296627	0.244820	-0.011852	-0.017166	2.880207	0.281569	0.256479	0.252488	-0.006994	0.007737	0.991425	-0.130263	
 1687526707.679363	1687526707.631161	4.641496	-30.544156	-1.072700	0.300046	0.300020	0.246067	0.005805	-0.022555	2.831586	0.266080	0.255089	0.253779	0.001126	0.011590	0.987939	-0.154405	
 1687526708.084182	1687526708.034327	4.598219	-30.542462	-1.057465	0.301585	0.301568	0.246594	0.009070	-0.020492	2.837548	0.259278	0.258236	0.254319	0.002931	0.010814	0.988398	-0.151474	
 1687526708.488219	1687526708.437600	4.564535	-30.524359	-1.022332	0.297895	0.298089	0.245933	-0.063732	-0.021371	2.761858	0.260326	0.256011	0.253506	-0.033302	0.004475	0.981539	-0.188288	
 1687526708.891706	1687526708.841154	4.532440	-30.518753	-1.026088	0.291782	0.291739	0.243318	-0.039076	-0.025212	2.715734	0.484619	0.274768	0.250546	-0.021757	0.008190	0.977204	-0.211026	
 1687526709.297676	1687526709.243256	4.516376	-30.546615	-1.047593	0.293272	0.293255	0.243247	-0.020353	-0.019530	2.736710	0.371471	0.280188	0.250811	-0.011931	0.007519	0.979501	-0.200944	
 1687526709.700540	1687526709.650529	4.481979	-30.558758	-1.057833	0.300306	0.300320	0.246642	-0.021525	-0.016900	2.609544	0.297900	0.266762	0.254363	-0.012605	0.005323	0.964757	-0.262785	
 1687526710.104537	1687526710.053644	4.439234	-30.587971	-1.079978	0.293703	0.293727	0.243402	-0.009233	-0.015418	2.596868	0.299767	0.264270	0.251066	-0.006520	0.006183	0.963109	-0.268962	
 1687526710.509722	1687526710.456384	4.412076	-30.605161	-1.071741	0.299787	0.299879	0.245634	-0.017712	-0.009824	2.608516	0.273736	0.260842	0.253465	-0.009837	0.002406	0.964650	-0.263338	
 1687526710.916237	1687526710.858216	4.376420	-30.591117	-1.046833	0.293000	0.292978	0.243417	-0.016904	-0.016537	2.571057	0.284241	0.253331	0.251170	-0.010437	0.005556	0.959539	-0.281328	
 1687526711.319848	1687526711.262255	4.360980	-30.586009	-1.045652	0.296116	0.296011	0.244932	-0.011900	-0.023323	2.565251	0.287511	0.265293	0.252774	-0.009018	0.009489	0.958703	-0.284108	
 1687526711.726857	1687526711.666533	4.362385	-30.619302	-1.051873	0.293367	0.293340	0.243277	-0.022274	-0.008712	2.629248	0.277393	0.275819	0.251140	-0.011877	0.001392	0.967310	-0.253314	
 1687526712.131441	1687526712.070744	4.314758	-30.641166	-1.063876	0.298484	0.298470	0.245474	-0.004243	-0.009756	2.597970	0.298055	0.255477	0.253461	-0.003353	0.004129	0.963275	-0.268463	
 1687526712.535671	1687526712.473974	4.255310	-30.677668	-1.072204	0.294268	0.294331	0.243672	-0.005386	-0.010494	2.619965	0.260685	0.250748	0.251491	-0.003955	0.004375	0.966167	-0.257849	
 1687526712.940101	1687526712.880167	4.190745	-30.684310	-1.065915	0.298417	0.298408	0.245637	-0.026041	-0.018937	2.601165	0.262335	0.252574	0.253446	-0.015074	0.005649	0.963622	-0.266784	
 1687526713.347295	1687526713.284230	4.135278	-30.699306	-1.071980	0.291834	0.291790	0.242962	-0.010817	-0.019830	2.624161	0.306150	0.268199	0.250653	-0.007765	0.008201	0.966671	-0.255771	
 1687526713.754565	1687526713.688945	4.077668	-30.718484	-1.079422	0.299796	0.299755	0.245811	-0.029153	-0.029669	2.561984	0.271593	0.267796	0.253617	-0.018205	0.010049	0.958154	-0.285496	
 1687526714.162930	1687526714.095174	4.030160	-30.779332	-1.087351	0.301517	0.301611	0.246974	0.013857	-0.012305	2.619716	0.318524	0.293906	0.254762	0.005106	0.007731	0.966096	-0.258017	
 1687526714.568175	1687526714.498473	3.959175	-30.835264	-1.090742	0.299021	0.299038	0.245943	0.009229	0.002879	2.596857	0.265658	0.250581	0.253637	0.004831	-0.000145	0.963127	-0.269003	
 1687526714.972902	1687526714.902847	3.875634	-30.873743	-1.088527	0.298763	0.298765	0.245905	-0.013483	-0.010766	2.586608	0.263368	0.248587	0.253603	-0.007958	0.003330	0.961720	-0.273900	
 1687526715.381078	1687526715.307339	3.806640	-30.927306	-1.090511	0.298035	0.297965	0.245148	-0.012797	-0.015774	2.602924	0.269227	0.253708	0.252731	-0.008266	0.005900	0.963912	-0.266028	
 1687526715.784798	1687526715.713561	3.725608	-30.975789	-1.092139	0.300217	0.300174	0.246060	-0.000965	0.002447	2.556847	0.271097	0.261206	0.253967	-0.000110	-0.001311	0.957562	-0.288226	
 1687526716.189435	1687526716.118177	3.641442	-31.022359	-1.088990	0.298117	0.298093	0.245594	-0.034042	-0.001272	2.580918	0.256989	0.247622	0.253253	-0.016532	-0.004098	0.960826	-0.276629	
 1687526716.597822	1687526716.520270	3.569156	-31.089155	-1.100470	0.289913	0.289939	0.241985	-0.014158	-0.007400	2.586814	0.313116	0.246187	0.249501	-0.007821	0.001620	0.961750	-0.273812	
 1687526717.003729	1687526716.923393	3.503633	-31.167516	-1.118304	0.301824	0.301856	0.246555	-0.008701	-0.007751	2.583260	0.270769	0.252689	0.254432	-0.005250	0.002527	0.961274	-0.275533	
 1687526717.407834	1687526717.326875	3.419728	-31.224663	-1.115571	0.290362	0.290466	0.241950	-0.009888	-0.005060	2.581293	0.257264	0.247179	0.249505	-0.005451	0.001064	0.961003	-0.276483	
 1687526717.812034	1687526717.733164	3.330922	-31.247390	-1.108826	0.294605	0.294671	0.244312	-0.019700	-0.005997	2.601972	0.260321	0.248125	0.252015	-0.010293	0.000264	0.963778	-0.266506	
 1687526718.218975	1687526718.136209	3.233628	-31.283448	-1.125310	0.298803	0.298890	0.245967	-0.000112	-0.008330	2.611257	0.279484	0.251622	0.253713	-0.001145	0.004005	0.965040	-0.262069	
 1687526718.627578	1687526718.540334	3.136634	-31.356133	-1.131671	0.299947	0.300014	0.246081	-0.005017	-0.021925	2.596609	0.255475	0.250320	0.253778	-0.005366	0.009883	0.963050	-0.269089	
 1687526719.034492	1687526718.942726	3.062290	-31.436994	-1.128643	0.295582	0.295603	0.244536	-0.010585	-0.022636	2.567600	0.257436	0.265150	0.252257	-0.008279	0.009357	0.959041	-0.282993	
 1687526719.437674	1687526719.348159	2.988282	-31.513644	-1.138334	0.293699	0.293691	0.243446	0.021516	-0.004668	2.572210	0.262200	0.266863	0.250976	0.009669	0.005261	0.959683	-0.280868	
 1687526719.843589	1687526719.753457	2.882372	-31.569769	-1.132898	0.298780	0.299017	0.245837	-0.037172	0.000709	2.571405	0.276878	0.247514	0.253205	-0.017735	-0.005567	0.959468	-0.281205	
 1687526720.248998	1687526720.157829	2.780039	-31.617262	-1.132776	0.298284	0.298267	0.245252	-0.021396	-0.006459	2.605952	0.324889	0.248077	0.252778	-0.011171	0.000283	0.964299	-0.264580	
 1687526720.653050	1687526720.561498	2.685542	-31.669754	-1.120811	0.299104	0.299239	0.245867	-0.029516	-0.002081	2.593078	0.279608	0.251265	0.253511	-0.014488	-0.002995	0.962525	-0.270787	
 1687526721.059254	1687526721.065396	2.601160	-31.723090	-1.118599	0.296554	0.296597	0.245043	-0.008643	-0.005407	2.580928	0.300799	0.248914	0.252718	-0.004901	0.001402	0.960954	-0.276660	
 1687526721.463191	1687526721.368816	2.512038	-31.795042	-1.126462	0.295788	0.295872	0.244617	-0.005445	-0.004146	2.584376	0.257772	0.248419	0.252293	-0.003188	0.001244	0.961435	-0.275011	
 1687526721.866992	1687526721.871365	2.430726	-31.861514	-1.134976	0.296957	0.297127	0.245242	-0.022698	-0.017162	2.581841	0.255107	0.248057	0.252890	-0.013277	0.005112	0.961019	-0.276115	
 1687526722.270650	1687526722.274743	2.368100	-31.914004	-1.149846	0.291311	0.291430	0.242681	-0.029378	-0.019982	2.596915	0.282884	0.261382	0.250351	-0.016833	0.005671	0.963032	-0.268801	
 1687526722.673647	1687526722.577786	2.289702	-31.961702	-1.174379	0.289391	0.289614	0.241337	0.054815	-0.008267	2.596955	0.296129	0.263799	0.248688	0.025283	0.011350	0.962749	-0.268971	
 1687526723.077715	1687526722.982858	2.193233	-32.014114	-1.146971	0.297308	0.297850	0.245101	-0.044658	-0.027456	2.582481	0.383976	0.245810	0.252041	-0.025245	0.007031	0.960933	-0.275539	
 1687526723.481787	1687526723.429499	2.104078	-32.071902	-1.122418	0.298155	0.298477	0.245791	-0.013246	-0.030792	2.573534	0.362372	0.288246	0.253028	-0.010671	0.012923	0.959828	-0.280089	
 1687526723.885111	1687526723.832127	2.027655	-32.147741	-1.098441	0.295572	0.296006	0.245108	-0.058643	-0.026445	2.560736	0.266866	0.285352	0.252534	-0.031872	0.004268	0.957737	-0.285843	
 1687526724.290558	1687526724.235977	1.953781	-32.168236	-1.088827	0.295606	0.295706	0.245496	-0.062761	-0.037713	2.459459	0.425030	0.291197	0.253059	-0.035867	0.007268	0.941965	-0.333711	
 1687526724.700989	1687526724.640496	1.875745	-32.212085	-1.122751	0.296927	0.297082	0.244971	-0.008597	-0.017208	2.536062	0.437102	0.326693	0.252577	-0.006668	0.006931	0.954483	-0.298112	
 1687526725.105874	1687526725.045528	1.797614	-32.254422	-1.129959	0.304361	0.304783	0.247937	-0.045275	-0.013411	2.463603	0.261021	0.263322	0.255408	-0.023576	-0.001205	0.942877	-0.332303	
 1687526725.512816	1687526725.448890	1.722318	-32.290384	-1.118680	0.300923	0.301033	0.246835	-0.034912	-0.010745	2.437633	0.363226	0.266621	0.254703	-0.018236	-0.000975	0.938568	-0.344611	
 1687526725.922138	1687526725.852119	1.657532	-32.354856	-1.111714	0.296774	0.296861	0.245363	-0.015668	-0.014730	2.434513	0.314233	0.258139	0.253197	-0.009899	0.004197	0.938119	-0.346147	
 1687526726.227173	1687526726.159010	1.621903	-32.416368	-1.106181	0.240742	0.240851	0.215376	-0.023177	-0.009884	2.425808	0.235333	0.228759	0.221826	-0.012585	0.000569	0.936583	-0.350219	
 1687526726.632252	1687526726.561915	1.573918	-32.478500	-1.116568	0.296919	0.297147	0.244570	-0.019566	-0.004064	2.434505	0.279648	0.254167	0.252262	-0.009881	-0.001481	0.938112	-0.346189	
 1687526727.042376	1687526726.966131	1.535075	-32.510902	-1.118171	0.297351	0.297611	0.245095	-0.031030	-0.002753	2.444916	0.271951	0.249089	0.252837	-0.015052	-0.004002	0.939835	-0.341275	
 1687526727.446563	1687526727.369982	1.478256	-32.539062	-1.119620	0.300266	0.300358	0.246595	-0.039075	-0.002601	2.394358	0.299119	0.250730	0.254572	-0.018663	-0.005920	0.930844	-0.364892	
 1687526727.852853	1687526727.773844	1.407261	-32.574383	-1.131088	0.296836	0.296852	0.244760	-0.007910	-0.008536	2.337347	0.323022	0.249588	0.252724	-0.005310	0.002379	0.920223	-0.391351	
 1687526728.257728	1687526728.178257	1.377859	-32.613382	-1.109495	0.299674	0.299881	0.246197	-0.027282	-0.021441	2.313775	0.255808	0.252402	0.254026	-0.016799	0.004328	0.915477	-0.401997	
 1687526728.661512	1687526728.581286	1.365912	-32.640565	-1.092262	0.289670	0.289803	0.242092	-0.036249	-0.014585	2.246226	0.285502	0.271548	0.249811	-0.019493	-0.001272	0.901338	-0.432677	
 1687526729.065061	1687526728.985574	1.362315	-32.639459	-1.093363	0.292523	0.292545	0.243850	-0.066487	-0.013513	2.182497	0.308866	0.262272	0.251603	-0.032603	-0.009344	0.886797	-0.460913	
 1687526729.469965	1687526729.389050	1.384872	-32.650642	-1.149514	0.297377	0.297359	0.245317	0.019754	-0.011633	2.280777	0.428246	0.266617	0.253214	0.006549	0.009407	0.908712	-0.417266	
 1687526729.877737	1687526729.792723	1.348723	-32.663450	-1.172204	0.294492	0.295003	0.244364	0.013320	-0.003601	2.285239	0.261913	0.248500	0.251291	0.005311	0.004403	0.909698	-0.415214	
 1687526730.281808	1687526730.196331	1.310336	-32.679714	-1.163436	0.299233	0.299624	0.246237	-0.041616	-0.017323	2.210653	0.256860	0.247382	0.253468	-0.022479	-0.001600	0.893465	-0.448568	
 1687526730.691530	1687526730.600045	1.297620	-32.725270	-1.142904	0.293841	0.293926	0.243656	-0.031242	-0.002403	2.231544	0.312336	0.262153	0.250950	-0.014559	-0.005786	0.898148	-0.439414	
 1687526731.095672	1687526731.004738	1.287685	-32.753104	-1.116189	0.299065	0.299171	0.245954	-0.051847	0.004718	2.171933	0.287333	0.248575	0.253606	-0.021834	-0.014167	0.884426	-0.465954	
 1687526731.502641	1687526731.407969	1.312588	-32.760200	-1.113462	0.299030	0.298901	0.246389	-0.036172	-0.011518	2.149052	0.351186	0.248040	0.254093	-0.018645	-0.003547	0.879256	-0.475972	
 1687526731.908458	1687526731.815187	1.317054	-32.758805	-1.130594	0.297429	0.297598	0.245629	-0.034136	0.012676	2.143443	0.297613	0.255130	0.253240	-0.011952	-0.013732	0.877828	-0.478629	
 1687526732.313052	1687526732.220014	1.309151	-32.740826	-1.135612	0.299298	0.299466	0.246003	-0.053397	0.006947	2.145648	0.290370	0.252390	0.253545	-0.021794	-0.015802	0.878190	-0.477553	
 1687526732.718276	1687526732.624221	1.286109	-32.705167	-1.145472	0.295229	0.295230	0.244252	-0.025307	-0.006917	2.052234	0.351223	0.246703	0.251671	0.012614	0.003598	-0.855243	0.518062	
 1687526733.124616	1687526733.029979	1.273418	-32.726987	-1.144976	0.303476	0.303557	0.247708	0.000174	-0.007642	2.007423	0.271550	0.251386	0.255016	0.001979	-0.003270	-0.843464	0.537172	
 1687526733.528807	1687526733.435853	1.290871	-32.751581	-1.116220	0.297476	0.297710	0.245741	-0.068604	-0.012242	1.974153	0.247495	0.249634	0.253042	0.031988	0.013796	-0.834027	0.550622	
 1687526733.931543	1687526733.839071	1.291961	-32.778883	-1.108126	0.297752	0.297759	0.246145	-0.069965	-0.021938	1.962516	0.392270	0.253131	0.253250	0.035165	0.010333	-0.830852	0.555285	
 1687526734.335255	1687526734.242913	1.316346	-32.792196	-1.133632	0.293412	0.293381	0.243385	-0.023471	-0.014759	1.988335	0.402673	0.261969	0.250803	0.013860	0.000212	-0.838272	0.545076	
 1687526734.740777	1687526734.648920	1.312610	-32.768390	-1.123287	0.298798	0.299316	0.245874	-0.089261	-0.000037	1.888211	0.269681	0.256177	0.253023	0.036148	0.026150	-0.809166	0.585883	
 1687526735.146638	1687526735.076905	1.281936	-32.766857	-1.118195	0.295838	0.295550	0.246463	-0.057715	-0.013620	1.822285	0.474816	0.245847	0.252071	0.026971	0.012303	-0.789978	0.612419	
 1687526735.551091	1687526735.481784	1.302100	-32.770784	-1.106371	0.299393	0.299370	0.245971	0.008454	-0.008409	1.860947	0.368632	0.253121	0.253334	-0.000878	-0.005897	-0.801878	0.597458	
 1687526735.955581	1687526735.886065	1.331327	-32.779038	-1.077366	0.297147	0.297678	0.246075	-0.032516	-0.002721	1.852295	0.250645	0.249683	0.253012	0.013812	0.008682	-0.799218	0.600820	
 1687526736.363219	1687526736.293462	1.361366	-32.782586	-1.077815	0.286544	0.286957	0.241313	-0.052561	0.001830	1.833104	0.282509	0.242619	0.248392	0.020295	0.016717	-0.793219	0.608368	
 1687526736.767959	1687526736.696854	1.375054	-32.783045	-1.123054	0.297935	0.298114	0.245940	0.002463	0.022648	1.823935	0.358922	0.247834	0.253333	-0.007906	0.008200	-0.790667	0.612140	
 1687526737.171950	1687526737.101502	1.363696	-32.800938	-1.156577	0.298334	0.299055	0.246033	-0.006156	0.018464	1.767225	0.247598	0.263388	0.252724	-0.003477	0.009089	-0.772981	0.634355	
 1687526737.576410	1687526737.503968	1.357269	-32.837103	-1.151176	0.293462	0.293721	0.243421	-0.015721	-0.005594	1.745252	0.247043	0.256131	0.250650	0.007819	0.002910	-0.766007	0.642778	
 1687526737.983934	1687526737.909017	1.358962	-32.870915	-1.131922	0.294368	0.294403	0.243799	-0.009349	-0.004385	1.754013	0.256824	0.246428	0.251226	0.004996	0.001304	-0.768825	0.639439	
 1687526738.390785	1687526738.315022	1.354705	-32.910584	-1.102217	0.299297	0.299324	0.246021	-0.047492	-0.016954	1.704627	0.252214	0.248523	0.253806	0.023452	0.009249	-0.752699	0.657882	
 1687526738.798350	1687526738.717377	1.365482	-32.934534	-1.093287	0.296663	0.296866	0.245567	-0.030592	-0.021362	1.684046	0.351959	0.255132	0.253235	0.018522	0.002219	-0.745971	0.665717	
 1687526739.201994	1687526739.124581	1.390190	-32.963770	-1.112221	0.299231	0.299313	0.245950	-0.027258	-0.008930	1.691384	0.291947	0.261045	0.253806	0.013161	0.005697	-0.748394	0.663100	
 1687526739.606742	1687526739.527570	1.395400	-32.986220	-1.122937	0.294366	0.294461	0.243802	-0.047701	-0.007647	1.663265	0.283045	0.247828	0.251563	0.020199	0.013241	-0.738878	0.673406	
 1687526740.014190	1687526739.930623	1.395156	-33.005625	-1.136327	0.297113	0.297138	0.244884	-0.032685	-0.003347	1.664396	0.361235	0.247993	0.252648	0.013210	0.009765	-0.739332	0.673141	
 1687526740.418299	1687526740.333834	1.386690	-33.043763	-1.135433	0.301613	0.301666	0.246680	-0.020774	-0.009782	1.662798	0.302671	0.248769	0.254502	0.010970	0.003385	-0.738860	0.673761	
 1687526740.822600	1687526740.739525	1.397427	-33.077357	-1.118431	0.295970	0.296003	0.244436	-0.031023	-0.021658	1.662234	0.269142	0.248884	0.252263	0.018755	0.002456	-0.738666	0.673806	
 1687526741.235085	1687526741.148030	1.415264	-33.091334	-1.103607	0.292545	0.292564	0.243418	-0.041586	-0.016940	1.659028	0.297700	0.258487	0.251250	0.021053	0.007793	-0.737536	0.674934	
 1687526741.641129	1687526741.558572	1.424591	-33.109286	-1.119261	0.303144	0.303191	0.247873	-0.025759	-0.008589	1.674244	0.332324	0.255735	0.255889	0.012441	0.005434	-0.742688	0.669500	
 1687526742.045522	1687526741.962515	1.424740	-33.120034	-1.138007	0.292178	0.292266	0.242416	-0.067999	-0.008961	1.658954	0.279310	0.245708	0.249926	0.028096	0.019651	-0.737247	0.674752	
 1687526742.448520	1687526742.368693	1.409212	-33.143904	-1.142339	0.298837	0.298840	0.245273	-0.049193	-0.030376	1.569947	0.466382	0.247818	0.252925	0.028122	0.006665	-0.706775	0.706848	
 1687526742.854684	1687526742.773314	1.409621	-33.183447	-1.124652	0.299368	0.299364	0.245580	-0.024695	-0.025292	1.566740	0.372566	0.269195	0.253438	0.017671	-0.000175	-0.705672	0.708319	
 1687526743.259834	1687526743.179102	1.416662	-33.217805	-1.098679	0.298802	0.298888	0.246123	-0.028838	-0.023126	1.556351	0.283843	0.264649	0.253972	0.018355	0.002152	-0.701980	0.711957	
 1687526743.663399	1687526743.583864	1.426841	-33.235942	-1.085704	0.296763	0.296854	0.245554	-0.044905	-0.028359	1.548921	0.291003	0.258837	0.253403	0.025831	0.006133	-0.699311	0.714324	
 1687526744.071580	1687526743.989696	1.434234	-33.236542	-1.109985	0.295721	0.295729	0.244826	-0.047007	-0.024278	1.547925	0.350841	0.263429	0.252598	0.025104	0.008323	-0.698934	0.714697	
 1687526744.477807	1687526744.396791	1.432135	-33.226506	-1.139463	0.297327	0.297403	0.244764	-0.035665	-0.012982	1.553489	0.367819	0.259368	0.252530	0.017127	0.008168	-0.700918	0.712990	
 1687526744.882465	1687526744.800303	1.421530	-33.237528	-1.138896	0.295165	0.295397	0.243820	-0.032095	-0.015031	1.558886	0.308730	0.248464	0.251385	0.016624	0.006132	-0.702859	0.711109	
 1687526745.289114	1687526745.202813	1.417834	-33.248265	-1.116370	0.289729	0.289883	0.241694	-0.027268	-0.021983	1.551697	0.298904	0.247500	0.249192	0.017393	0.002035	-0.700321	0.713613	
 1687526745.692689	1687526745.608299	1.424541	-33.273397	-1.091497	0.292059	0.292195	0.243211	-0.037916	-0.031984	1.536459	0.284003	0.252685	0.250760	0.024668	0.002521	-0.694867	0.718710	
 1687526746.096436	1687526746.010989	1.437394	-33.305250	-1.103218	0.297854	0.297935	0.245855	-0.029857	-0.021139	1.555651	0.327077	0.264822	0.253607	0.018004	0.003219	-0.701727	0.712211	
 1687526746.500626	1687526746.448966	1.441851	-33.327720	-1.130651	0.296260	0.296540	0.244805	-0.031065	-0.010554	1.584246	0.298989	0.254089	0.252337	0.014762	0.007153	-0.711808	0.702183	
 1687526746.903394	1687526746.852072	1.417454	-33.348175	-1.135357	0.299442	0.299424	0.245697	-0.047501	-0.010481	1.561368	0.301435	0.248887	0.253186	0.020435	0.013184	-0.703646	0.710135	
 1687526747.309269	1687526747.257389	1.411449	-33.338645	-1.108847	0.294148	0.293920	0.243565	-0.049341	-0.021944	1.555194	0.378239	0.247126	0.251052	0.025122	0.009882	-0.701506	0.712152	
 1687526747.712224	1687526747.664044	1.432138	-33.333864	-1.081591	0.297610	0.297557	0.245530	-0.031361	-0.022790	1.552033	0.395797	0.255505	0.253326	0.019114	0.003210	-0.700438	0.713450	
 1687526748.116833	1687526748.068401	1.455667	-33.336939	-1.079964	0.291043	0.291214	0.243171	-0.033323	-0.017061	1.561076	0.303819	0.252730	0.250682	0.017783	0.005836	-0.703640	0.710310	
 1687526748.524545	1687526748.473820	1.465057	-33.335760	-1.099531	0.295796	0.296215	0.245001	-0.042676	-0.010290	1.568270	0.315017	0.250889	0.252368	0.018710	0.011473	-0.706121	0.707751	
 1687526748.930151	1687526748.880686	1.447589	-33.341439	-1.119479	0.301641	0.301806	0.246889	-0.046240	-0.014040	1.560477	0.355996	0.250004	0.254351	0.021250	0.011494	-0.703359	0.710424	
 1687526749.338140	1687526749.291818	1.419150	-33.357216	-1.121878	0.299279	0.299323	0.245591	-0.029802	-0.016872	1.549808	0.378412	0.250378	0.253281	0.016451	0.004744	-0.699635	0.714295	
 1687526749.745848	1687526749.695585	1.401230	-33.372234	-1.097762	0.300444	0.300508	0.246221	-0.025056	-0.020458	1.545199	0.309646	0.252787	0.254050	0.016068	0.001832	-0.698000	0.715916	
 1687526750.152792	1687526750.100481	1.400934	-33.377818	-1.063519	0.298910	0.298925	0.245773	-0.034761	-0.025562	1.537796	0.289000	0.253773	0.253502	0.021268	0.003604	-0.695342	0.718356	
 1687526750.565703	1687526750.504649	1.428417	-33.360767	-1.053306	0.298128	0.298131	0.245930	-0.040254	-0.030244	1.540573	0.328247	0.257810	0.253882	0.024863	0.003915	-0.696338	0.717272	
 1687526750.969215	1687526750.908554	1.445893	-33.337456	-1.073290	0.296811	0.296927	0.245284	-0.036483	-0.005646	1.567044	0.357559	0.260936	0.253122	0.014874	0.010930	-0.705695	0.708275	
 1687526751.375547	1687526751.315762	1.428580	-33.333975	-1.092178	0.299947	0.300283	0.246447	-0.033864	-0.002985	1.565289	0.323798	0.248316	0.253807	0.012998	0.010953	-0.705073	0.708931	
 1687526751.781179	1687526751.718525	1.405229	-33.325687	-1.096487	0.298951	0.299003	0.245744	-0.032867	-0.016203	1.546846	0.319234	0.247629	0.253201	0.017275	0.006099	-0.698567	0.715311	
 1687526752.187730	1687526752.123901	1.392486	-33.327849	-1.083941	0.297444	0.297477	0.245154	-0.031054	-0.017222	1.543329	0.316137	0.250482	0.252766	0.016998	0.005124	-0.697315	0.716545	
 1687526752.594109	1687526752.527227	1.399853	-33.328999	-1.072670	0.296219	0.296220	0.244783	-0.026171	-0.022634	1.542933	0.310854	0.250731	0.252556	0.017234	0.001491	-0.697189	0.716679	
 1687526752.998811	1687526752.929351	1.418123	-33.316151	-1.069303	0.298330	0.298412	0.245766	-0.037490	-0.018486	1.553314	0.297337	0.254662	0.253571	0.019728	0.006892	-0.700869	0.712983	
 1687526753.404795	1687526753.331750	1.421708	-33.304008	-1.076474	0.298436	0.298537	0.245639	-0.042208	-0.012693	1.564747	0.339561	0.251682	0.253392	0.019376	0.010493	-0.704889	0.708976	
 1687526753.808012	1687526753.735396	1.394936	-33.299720	-1.075287	0.296644	0.296682	0.244519	-0.025828	-0.002434	1.553658	0.362747	0.248289	0.252229	0.009921	0.008356	-0.700974	0.713069	
 1687526754.213095	1687526754.139319	1.377221	-33.293848	-1.057161	0.297693	0.297739	0.245126	-0.030675	-0.011173	1.539260	0.295109	0.247125	0.252799	0.014684	0.007127	-0.695838	0.718013	
 1687526754.616952	1687526754.546009	1.382183	-33.296776	-1.045550	0.299758	0.299767	0.246477	-0.029625	-0.015212	1.546068	0.312926	0.250255	0.254340	0.015787	0.005291	-0.698294	0.715618	
 1687526755.021354	1687526754.951221	1.411000	-33.283760	-1.051620	0.296549	0.296550	0.245222	-0.040786	-0.019649	1.553192	0.308411	0.250119	0.253076	0.021297	0.007661	-0.700819	0.712980	
 1687526755.427610	1687526755.355247	1.431265	-33.263462	-1.071790	0.293806	0.293890	0.243745	-0.043951	-0.011757	1.560440	0.345475	0.249431	0.251446	0.019634	0.011484	-0.703346	0.710484	
 1687526755.830644	1687526755.759839	1.419159	-33.249394	-1.097083	0.301313	0.301394	0.246579	-0.027082	-0.001858	1.559008	0.371908	0.249979	0.254370	0.010179	0.008978	-0.702871	0.711188	
 1687526756.235871	1687526756.164132	1.398953	-33.241171	-1.097170	0.297593	0.297719	0.244952	-0.026737	-0.010238	1.550832	0.296451	0.246796	0.252559	0.013013	0.005963	-0.699990	0.714009	
 1687526756.641773	1687526756.570722	1.382808	-33.237430	-1.080078	0.299606	0.299682	0.246029	-0.028248	-0.011072	1.553254	0.294136	0.249134	0.253842	0.013847	0.006194	-0.700853	0.713145	
 1687526757.047319	1687526756.977349	1.382160	-33.227783	-1.065546	0.296716	0.296722	0.245038	-0.029712	-0.019552	1.556225	0.300353	0.248377	0.252902	0.017389	0.003719	-0.701929	0.712025	
 1687526757.454060	1687526757.380560	1.402074	-33.226947	-1.063972	0.297682	0.297695	0.245482	-0.030508	-0.021043	1.563100	0.294832	0.249962	0.253242	0.018211	0.003416	-0.704373	0.709588	
 1687526757.858952	1687526757.784885	1.415846	-33.222702	-1.076373	0.298340	0.298420	0.245825	-0.040931	-0.010322	1.565018	0.300646	0.250802	0.253512	0.018087	0.010874	-0.704979	0.708914	
 1687526758.264306	1687526758.195450	1.406051	-33.219324	-1.104078	0.299356	0.299410	0.245849	-0.031355	-0.004729	1.563436	0.347040	0.248576	0.253563	0.012722	0.009460	-0.704437	0.709589	
 1687526758.670542	1687526758.598136	1.384777	-33.218795	-1.106764	0.300077	0.300087	0.245975	-0.034969	-0.007998	1.552416	0.304437	0.247989	0.253597	0.015102	0.009675	-0.700516	0.713411	
 1687526759.077323	1687526759.001805	1.388819	-33.213620	-1.091076	0.298032	0.298004	0.245406	-0.029317	-0.013955	1.554163	0.321217	0.248009	0.253172	0.015252	0.005558	-0.701182	0.712798	
 1687526759.482766	1687526759.405936	1.410770	-33.205389	-1.084927	0.299176	0.299161	0.246212	-0.029012	-0.022928	1.557284	0.304948	0.249848	0.254108	0.018346	0.002275	-0.702312	0.711630	
 1687526759.888374	1687526759.810813	1.431362	-33.190824	-1.093975	0.297809	0.297891	0.245721	-0.037918	-0.017784	1.561122	0.299133	0.251129	0.253527	0.019656	0.007213	-0.703644	0.710244	
 1687526760.297696	1687526760.215363	1.413426	-33.180779	-1.125510	0.296739	0.296831	0.244796	-0.024645	-0.016320	1.506264	0.336544	0.248865	0.252522	0.014380	0.003409	-0.683926	0.729402	
 1687526760.702557	1687526760.622953	1.374264	-33.172482	-1.137265	0.298920	0.299038	0.245285	-0.042485	-0.009730	1.448204	0.290804	0.249523	0.252955	0.017715	0.012689	-0.662383	0.748848	
 1687526761.109535	1687526761.201526	1.363791	-33.182464	-1.121513	0.299817	0.299859	0.245766	-0.022563	-0.021985	1.438238	0.369672	0.250332	0.253561	0.015701	0.001247	-0.658734	0.752211	
 1687526761.512718	1687526761.503427	1.378296	-33.197824	-1.099965	0.297322	0.297320	0.245625	-0.016621	-0.022507	1.447510	0.300706	0.253083	0.253333	0.013935	-0.001225	-0.662208	0.749189	
 1687526761.917144	1687526761.835289	1.387396	-33.203084	-1.087659	0.297873	0.297957	0.245863	-0.047413	-0.011526	1.446763	0.282030	0.252734	0.253571	0.020009	0.013954	-0.661829	0.749258	
 1687526762.329236	1687526762.292259	1.401071	-33.194203	-1.104366	0.297533	0.297418	0.245243	-0.031583	-0.023981	1.452432	0.402837	0.250775	0.252892	0.019449	0.003845	-0.664056	0.747420	
 1687526762.734399	1687526762.694778	1.415327	-33.178024	-1.112307	0.301451	0.301452	0.246623	-0.045784	-0.015985	1.463186	0.334904	0.255663	0.254427	0.021237	0.011694	-0.667996	0.743770	
 1687526763.137805	1687526763.098362	1.414317	-33.166928	-1.111992	0.301167	0.301139	0.246606	-0.040488	-0.015950	1.460721	0.402529	0.253352	0.254455	0.019444	0.009759	-0.667100	0.744650	
 1687526763.548709	1687526763.501888	1.407743	-33.170838	-1.105647	0.297511	0.297596	0.245263	-0.024044	-0.018023	1.460565	0.375251	0.251809	0.253087	0.014732	0.002945	-0.667085	0.744830	
 1687526763.952731	1687526763.905831	1.404559	-33.183034	-1.096296	0.297575	0.297757	0.245175	-0.027216	-0.020242	1.461035	0.295923	0.250246	0.252637	0.016617	0.003382	-0.667262	0.744630	
 1687526764.356080	1687526764.312677	1.412384	-33.192294	-1.104721	0.297677	0.297732	0.245253	-0.039813	-0.030415	1.466425	0.308435	0.251676	0.253100	0.024617	0.004613	-0.669275	0.742593	
 1687526764.761867	1687526764.723038	1.414747	-33.198672	-1.114854	0.296306	0.296327	0.244271	-0.038372	-0.020066	1.460110	0.365535	0.255784	0.252076	0.020268	0.007605	-0.666898	0.744835	
 1687526765.170164	1687526765.125823	1.408625	-33.196912	-1.110406	0.291406	0.291401	0.242280	-0.038554	-0.020381	1.456405	0.351094	0.249379	0.249887	0.020432	0.007605	-0.665517	0.746064	
 1687526765.574316	1687526765.531033	1.406226	-33.200533	-1.096390	0.302462	0.302480	0.247098	-0.031712	-0.012213	1.465485	0.357565	0.254454	0.254960	0.015144	0.007701	-0.668886	0.743171	
 1687526765.978424	1687526765.934303	1.414740	-33.210447	-1.078066	0.295434	0.295477	0.244236	-0.027247	-0.019389	1.462630	0.326219	0.248697	0.251948	0.016312	0.003665	-0.667854	0.744104	
 1687526766.382948	1687526766.338763	1.430974	-33.215244	-1.060764	0.292258	0.292364	0.243257	-0.041823	-0.024231	1.457710	0.304473	0.248986	0.250866	0.022961	0.007529	-0.666010	0.745551	
 1687526766.787368	1687526766.743075	1.434946	-33.211160	-1.063832	0.296293	0.296341	0.245067	-0.049885	-0.014464	1.452923	0.373689	0.253929	0.252723	0.021970	0.013841	-0.664139	0.747158	
 1687526767.192731	1687526767.146134	1.426612	-33.211078	-1.089074	0.298103	0.298093	0.245658	-0.033815	-0.018605	1.447888	0.410032	0.251799	0.253334	0.018166	0.006505	-0.662339	0.748956	
 1687526767.596275	1687526767.550676	1.422245	-33.236340	-1.104501	0.298555	0.298710	0.245414	-0.034570	-0.021513	1.472224	0.337983	0.251883	0.253026	0.019574	0.005587	-0.671410	0.740806	
 1687526768.002968	1687526767.957230	1.406514	-33.274418	-1.095899	0.297446	0.297617	0.244743	-0.027196	-0.015854	1.468237	0.338666	0.251630	0.252403	0.014994	0.004785	-0.669930	0.742257	
 1687526768.407903	1687526768.360245	1.397399	-33.301118	-1.056460	0.300643	0.300623	0.246362	-0.049247	-0.032353	1.456081	0.310723	0.251280	0.254085	0.028452	0.007616	-0.665417	0.745891	
 1687526768.815208	1687526768.762330	1.408846	-33.297435	-1.028727	0.294504	0.294487	0.244532	-0.050916	-0.035770	1.458246	0.429193	0.258891	0.252195	0.030289	0.007069	-0.666233	0.745095	
 1687526769.224236	1687526769.166152	1.410086	-33.281753	-1.033481	0.299703	0.299784	0.246618	-0.032250	-0.005229	1.458209	0.452030	0.263698	0.254444	0.012691	0.010283	-0.666145	0.745644	
 1687526769.627901	1687526769.570607	1.402365	-33.271990	-1.045540	0.295941	0.296170	0.245230	-0.050238	-0.013816	1.451205	0.332888	0.248112	0.252642	0.021833	0.014206	-0.663491	0.747731	
 1687526770.034491	1687526769.973386	1.403286	-33.270893	-1.078371	0.286591	0.286695	0.240001	-0.024086	-0.009448	1.454336	0.427072	0.246548	0.247479	0.011534	0.005857	-0.664743	0.746960	
 1687526770.438544	1687526770.377022	1.414491	-33.273907	-1.070404	0.300710	0.300993	0.246527	-0.056539	-0.028390	1.450864	0.305192	0.249952	0.254106	0.029368	0.011733	-0.663427	0.747572	
 1687526770.845023	1687526770.781023	1.424258	-33.279981	-1.073242	0.295900	0.295995	0.245291	-0.051596	-0.023408	1.458806	0.476694	0.258698	0.253033	0.025912	0.011434	-0.666382	0.745072	
 1687526771.249278	1687526771.184313	1.411695	-33.295162	-1.094411	0.298331	0.298492	0.245542	-0.028546	-0.011051	1.462376	0.451032	0.255992	0.253299	0.013643	0.006935	-0.667735	0.744242	
 1687526771.655236	1687526771.588507	1.390367	-33.309177	-1.085674	0.296650	0.296860	0.244560	-0.037170	-0.016328	1.455701	0.312925	0.248132	0.252020	0.018457	0.008444	-0.665243	0.746351	
 1687526772.059024	1687526771.992078	1.379132	-33.304977	-1.061908	0.301478	0.301520	0.246860	-0.049097	-0.021642	1.458502	0.356976	0.252922	0.254631	0.024421	0.011094	-0.666270	0.745228	
 1687526772.462877	1687526772.396912	1.379337	-33.296318	-1.050102	0.297885	0.297916	0.245514	-0.029238	-0.012487	1.458656	0.431398	0.254861	0.253361	0.014396	0.006739	-0.666352	0.745467	
 1687526772.868194	1687526772.800467	1.386399	-33.285573	-1.037833	0.297845	0.298016	0.245315	-0.036422	-0.013528	1.456754	0.322758	0.249773	0.252977	0.017168	0.009087	-0.665626	0.746033	
 1687526773.271988	1687526773.205487	1.398860	-33.263001	-1.020431	0.297807	0.297917	0.245630	-0.046084	-0.012273	1.453515	0.359109	0.251066	0.253377	0.019893	0.013142	-0.664367	0.747026	
 1687526773.676075	1687526773.612542	1.414245	-33.238169	-1.028650	0.296030	0.296152	0.245298	-0.041106	-0.011439	1.460329	0.393205	0.250639	0.253027	0.017968	0.011498	-0.666928	0.744817	
 1687526774.083543	1687526774.015841	1.407282	-33.224945	-1.062334	0.289315	0.289566	0.241805	-0.035039	0.000074	1.461002	0.366292	0.246405	0.249180	0.011662	0.013073	-0.667140	0.744726	
 1687526774.488543	1687526774.426901	1.385687	-33.220912	-1.085919	0.303178	0.303414	0.247281	-0.036205	0.001948	1.449672	0.347598	0.249597	0.254924	0.011273	0.014197	-0.662891	0.748497	
 1687526774.897094	1687526774.831322	1.383805	-33.218722	-1.088524	0.297507	0.297586	0.245062	-0.030105	-0.019146	1.444701	0.343532	0.247471	0.252798	0.017132	0.004964	-0.661153	0.750039	
 1687526775.301475	1687526775.234491	1.404772	-33.226925	-1.074845	0.297466	0.297491	0.245223	-0.034461	-0.021604	1.464498	0.329390	0.251908	0.252896	0.019550	0.005592	-0.668544	0.743395	
 1687526775.712724	1687526775.636938	1.402957	-33.242029	-1.058967	0.296395	0.296553	0.244972	-0.042716	-0.010779	1.466760	0.347526	0.252623	0.252620	0.018298	0.012259	-0.669308	0.742659	
 1687526776.118168	1687526776.041115	1.385013	-33.255866	-1.062755	0.301843	0.301844	0.247196	-0.035717	-0.015260	1.455122	0.377784	0.251630	0.254936	0.017573	0.008262	-0.665026	0.746567	
 1687526776.522311	1687526776.446707	1.371461	-33.256045	-1.069728	0.290711	0.290704	0.241902	-0.037408	-0.018577	1.455287	0.348582	0.247654	0.249469	0.019374	0.007789	-0.665096	0.746466	
 1687526776.928639	1687526776.849655	1.369532	-33.240627	-1.062865	0.301399	0.301418	0.246780	-0.041493	-0.012482	1.462994	0.346473	0.252781	0.254600	0.018500	0.011270	-0.667924	0.743914	
 1687526777.334033	1687526777.252182	1.381336	-33.226154	-1.071504	0.298670	0.298676	0.246126	-0.034437	-0.009415	1.460493	0.366711	0.250965	0.253848	0.014991	0.009688	-0.667008	0.744837	
 1687526777.739197	1687526777.657044	1.407832	-33.216519	-1.090173	0.292530	0.292599	0.243283	-0.029603	-0.022864	1.457919	0.338045	0.247249	0.250904	0.018384	0.003425	-0.666104	0.745625	
 1687526778.147272	1687526778.062473	1.425101	-33.205264	-1.106138	0.299737	0.300014	0.246135	-0.047198	-0.008271	1.468719	0.320058	0.252902	0.253768	0.018881	0.014745	-0.669992	0.741982	
 1687526778.555515	1687526778.465437	1.406188	-33.203722	-1.112967	0.299222	0.299285	0.245854	-0.044126	-0.006266	1.457609	0.396954	0.249809	0.253444	0.017029	0.014371	-0.665865	0.745740	
 1687526778.967514	1687526778.971013	1.394932	-33.210503	-1.113308	0.291050	0.291068	0.242300	-0.028231	-0.019430	1.460064	0.385158	0.246111	0.249802	0.016651	0.004039	-0.666898	0.744952	
 1687526779.370351	1687526779.276489	1.393838	-33.224885	-1.108347	0.305511	0.305556	0.248567	-0.032213	-0.021361	1.461798	0.319801	0.254508	0.256365	0.018702	0.004863	-0.667543	0.744321	
 1687526779.775450	1687526779.681747	1.398962	-33.243215	-1.114942	0.293381	0.293393	0.243531	-0.028610	-0.025764	1.454322	0.334846	0.250684	0.251189	0.019130	0.002123	-0.664766	0.746804	
 1687526780.179347	1687526780.087296	1.407684	-33.253664	-1.114992	0.303462	0.303531	0.247200	-0.045661	-0.024577	1.457830	0.322674	0.255327	0.255050	0.024368	0.008844	-0.666046	0.745460	
 1687526780.586270	1687526780.493582	1.405558	-33.253983	-1.094771	0.297653	0.297617	0.244969	-0.039280	-0.018935	1.457384	0.401310	0.254350	0.252679	0.020139	0.008348	-0.665875	0.745745	
 1687526780.990025	1687526780.935285	1.401219	-33.246389	-1.073070	0.298334	0.298278	0.245874	-0.038053	-0.022977	1.452111	0.374411	0.253062	0.253626	0.021220	0.006600	-0.663924	0.747469	
 1687526781.393202	1687526781.338106	1.411664	-33.219227	-1.073365	0.295938	0.295891	0.245167	-0.046140	-0.029913	1.447426	0.360751	0.253345	0.252902	0.026478	0.007383	-0.662180	0.748841	
 1687526781.799962	1687526781.739788	1.431598	-33.185136	-1.105074	0.297535	0.297601	0.245268	-0.033573	-0.011881	1.472064	0.415546	0.257915	0.252988	0.015671	0.008453	-0.671320	0.740954	
 1687526782.206074	1687526782.142146	1.433704	-33.169218	-1.130189	0.300463	0.300894	0.246559	-0.031430	-0.015090	1.462314	0.324649	0.250100	0.254059	0.016108	0.006660	-0.667718	0.744210	
 1687526782.609566	1687526782.548100	1.426595	-33.195077	-1.140344	0.299665	0.299985	0.245988	-0.017557	-0.017358	1.456326	0.324529	0.250567	0.253429	0.012319	0.000777	-0.665506	0.746291	
 1687526783.014414	1687526782.951403	1.416322	-33.237249	-1.123536	0.293782	0.294093	0.243558	-0.023773	-0.021692	1.453125	0.283538	0.248217	0.250897	0.016002	0.001680	-0.664315	0.747280	
 1687526783.422855	1687526783.355148	1.407267	-33.272182	-1.096429	0.297984	0.298053	0.245376	-0.032253	-0.024502	1.455776	0.302893	0.251697	0.253029	0.019873	0.003889	-0.665305	0.746297	
 1687526783.828123	1687526783.758275	1.411172	-33.280924	-1.068141	0.295280	0.295240	0.244249	-0.045571	-0.027880	1.463758	0.335137	0.252486	0.251861	0.025591	0.007635	-0.668267	0.743442	
 1687526784.231729	1687526784.161608	1.414964	-33.271190	-1.055051	0.295715	0.295674	0.244639	-0.038090	-0.023324	1.451349	0.410869	0.255752	0.252309	0.021360	0.006507	-0.663641	0.747718	
 1687526784.641831	1687526784.579167	1.410843	-33.260510	-1.062573	0.299296	0.299387	0.246256	-0.037497	-0.007852	1.457778	0.364490	0.254602	0.253916	0.015414	0.011370	-0.665974	0.745729	
 1687526785.051885	1687526784.984017	1.406051	-33.242714	-1.076073	0.299885	0.299918	0.246393	-0.042788	-0.017435	1.452492	0.364668	0.250317	0.254053	0.020722	0.010206	-0.664030	0.747349	
 1687526785.462091	1687526785.386784	1.413097	-33.240402	-1.093038	0.301840	0.301931	0.247172	-0.034214	-0.021345	1.456507	0.389535	0.254072	0.255016	0.019349	0.005664	-0.665568	0.746065	
 1687526785.870949	1687526785.791000	1.421314	-33.261080	-1.105039	0.301358	0.301586	0.246846	-0.024816	-0.010970	1.472162	0.348836	0.254212	0.254515	0.012395	0.005513	-0.671377	0.740992	
 1687526786.278091	1687526786.194885	1.413853	-33.282817	-1.091538	0.300864	0.301099	0.246902	-0.037424	-0.017464	1.467809	0.308267	0.250526	0.254461	0.019014	0.008046	-0.669752	0.742297	
 1687526786.681567	1687526786.598660	1.398316	-33.296391	-1.081212	0.298144	0.298123	0.245754	-0.040552	-0.020429	1.460189	0.358578	0.251737	0.253414	0.021130	0.008295	-0.666922	0.744781	
 1687526787.089349	1687526787.021210	1.380908	-33.300021	-1.065305	0.300372	0.300371	0.245906	-0.035670	-0.014916	1.457923	0.374003	0.253223	0.253691	0.017441	0.008334	-0.666070	0.745638	
 1687526787.497792	1687526787.426514	1.379163	-33.298906	-1.033620	0.299082	0.299056	0.245813	-0.040061	-0.020912	1.457635	0.356599	0.251541	0.253635	0.021137	0.007978	-0.665974	0.745632	
 1687526787.902082	1687526787.833201	1.399185	-33.300916	-1.023195	0.289113	0.289110	0.241945	-0.033014	-0.015525	1.455995	0.366234	0.249326	0.249536	0.016776	0.007158	-0.665361	0.746299	
 1687526788.308471	1687526788.237634	1.418296	-33.293587	-1.035122	0.296587	0.296692	0.245220	-0.046381	-0.015521	1.458363	0.340425	0.250676	0.252765	0.021234	0.012122	-0.666194	0.745377	
 1687526788.716247	1687526788.640899	1.417945	-33.278419	-1.062582	0.300644	0.300752	0.246681	-0.042271	0.001593	1.460654	0.421641	0.253361	0.254326	0.013505	0.016275	-0.666951	0.744801	
 1687526789.120572	1687526789.045596	1.400281	-33.273181	-1.081399	0.300198	0.300260	0.246310	-0.037395	-0.004674	1.449008	0.383358	0.248609	0.253803	0.014141	0.012452	-0.662679	0.748666	
 1687526789.525149	1687526789.448685	1.388251	-33.266682	-1.078850	0.295105	0.295150	0.244325	-0.038765	-0.012395	1.449095	0.367204	0.247877	0.251954	0.017485	0.010405	-0.662750	0.748565	
 1687526789.929252	1687526789.853290	1.386524	-33.263565	-1.078617	0.300663	0.300717	0.246716	-0.034646	-0.015294	1.453173	0.379223	0.252427	0.254565	0.017222	0.007868	-0.664302	0.747225	
 1687526790.337285	1687526790.259209	1.391182	-33.268089	-1.082740	0.297832	0.297925	0.245369	-0.033535	-0.015849	1.458931	0.354166	0.251415	0.253131	0.017081	0.007219	-0.666456	0.745314	
 1687526790.743192	1687526790.662775	1.390466	-33.272060	-1.081244	0.299455	0.299620	0.245769	-0.041486	-0.007585	1.462483	0.348989	0.251711	0.253544	0.016673	0.012907	-0.667704	0.744128	
 1687526791.151205	1687526791.067959	1.382780	-33.281233	-1.067959	0.302042	0.302073	0.246811	-0.033852	-0.011154	1.456025	0.383654	0.250881	0.254668	0.015424	0.008924	-0.665352	0.746317	
 1687526791.555995	1687526791.472622	1.384894	-33.280656	-1.052407	0.298364	0.298388	0.245749	-0.032137	-0.019795	1.453608	0.347413	0.250473	0.253588	0.018071	0.005431	-0.664485	0.747063	
 1687526791.960032	1687526791.876093	1.390080	-33.259655	-1.045797	0.295576	0.295635	0.244733	-0.049557	-0.008212	1.457810	0.346558	0.252494	0.252559	0.019564	0.015746	-0.665919	0.745601	
 1687526792.363015	1687526792.278963	1.393775	-33.247782	-1.061989	0.296580	0.296596	0.244947	-0.033714	-0.006580	1.457785	0.428630	0.249779	0.252809	0.013681	0.010382	-0.665987	0.745765	
 1687526792.768210	1687526792.687038	1.409339	-33.247087	-1.083784	0.298758	0.298914	0.245636	-0.029429	-0.016608	1.460908	0.344919	0.249132	0.253388	0.016002	0.005420	-0.667204	0.744684	
 1687526793.173841	1687526793.095635	1.417134	-33.252571	-1.092500	0.299355	0.299692	0.245990	-0.036452	-0.012200	1.467540	0.321218	0.251183	0.253604	0.016734	0.009450	-0.669633	0.742443	
 1687526793.582386	1687526793.498925	1.402185	-33.250681	-1.094603	0.292571	0.292681	0.243310	-0.042784	-0.007228	1.461393	0.348320	0.247879	0.250843	0.016966	0.013518	-0.667289	0.744483	
 1687526793.991071	1687526793.901444	1.390848	-33.241337	-1.105025	0.301212	0.301220	0.246602	-0.032818	-0.012800	1.453568	0.392772	0.250774	0.254463	0.015684	0.008010	-0.664445	0.747130	
 1687526794.396775	1687526794.305350	1.396860	-33.235946	-1.099079	0.301704	0.301729	0.246635	-0.025823	-0.022713	1.457836	0.339483	0.251544	0.254498	0.017069	0.002066	-0.666074	0.745688	
 1687526794.803761	1687526794.710849	1.401830	-33.244118	-1.081314	0.297819	0.297923	0.245494	-0.033935	-0.009838	1.464557	0.314094	0.252988	0.253189	0.015001	0.009329	-0.668523	0.743481	
 1687526795.207420	1687526795.116825	1.395391	-33.256620	-1.073144	0.299140	0.299234	0.246088	-0.034187	-0.009453	1.461600	0.347447	0.250317	0.253881	0.014928	0.009573	-0.667421	0.744470	
 1687526795.614700	1687526795.520113	1.401502	-33.255800	-1.068369	0.292748	0.292719	0.243183	-0.037094	-0.023796	1.457634	0.340167	0.247246	0.250902	0.021224	0.005912	-0.665991	0.745635	
 1687526796.022476	1687526795.927125	1.415006	-33.241537	-1.071219	0.298382	0.298375	0.245642	-0.034755	-0.019092	1.455888	0.368159	0.255142	0.253537	0.018686	0.006622	-0.665329	0.746287	
 1687526796.429321	1687526796.335201	1.421785	-33.210420	-1.081189	0.296002	0.296063	0.244814	-0.047191	-0.014854	1.458065	0.344473	0.251532	0.252562	0.021254	0.012650	-0.666075	0.745474	
 1687526796.833169	1687526796.738729	1.412101	-33.190806	-1.103788	0.299259	0.299318	0.245846	-0.010411	-0.011163	1.439726	0.407835	0.252162	0.253663	0.007629	0.000234	-0.659284	0.751855	
 1687526797.238173	1687526797.246180	1.413669	-33.192160	-1.109003	0.298913	0.299186	0.245762	-0.004810	-0.018218	1.444662	0.273004	0.248676	0.253259	0.008424	-0.004218	-0.661123	0.750219	
 1687526797.643401	1687526797.549498	1.423466	-33.206975	-1.093575	0.293279	0.293562	0.243579	-0.031087	-0.028575	1.458289	0.263593	0.247136	0.250918	0.021007	0.002072	-0.666249	0.745431	
 1687526798.052836	1687526798.055380	1.431881	-33.218973	-1.076915	0.294063	0.294131	0.243943	-0.042490	-0.027534	1.472594	0.324526	0.252829	0.251495	0.024463	0.006496	-0.671550	0.740527	
 1687526798.457602	1687526798.460687	1.413747	-33.230477	-1.078056	0.303181	0.303184	0.247308	-0.024340	-0.012362	1.457479	0.376174	0.256412	0.255142	0.012715	0.004963	-0.665924	0.745895	
 1687526798.863390	1687526798.863463	1.396668	-33.228014	-1.066203	0.297893	0.297744	0.245307	-0.049879	-0.029738	1.462114	0.301522	0.249199	0.252908	0.027713	0.008639	-0.667652	0.743908	
 1687526799.268642	1687526799.268756	1.407810	-33.207731	-1.063993	0.300161	0.300187	0.246778	-0.045005	-0.033552	1.470236	0.436395	0.259101	0.254560	0.027528	0.005439	-0.670691	0.741206	
 1687526799.675120	1687526799.670864	1.417400	-33.188495	-1.078358	0.295516	0.295556	0.244577	-0.031706	-0.004427	1.462460	0.396701	0.257145	0.252236	0.012233	0.010322	-0.667726	0.744235	
 1687526800.084453	1687526800.075304	1.421672	-33.186947	-1.085377	0.294216	0.294367	0.243713	-0.038716	-0.017301	1.450985	0.324157	0.246401	0.251139	0.019314	0.008743	-0.663480	0.747893	
 1687526800.491979	1687526800.480646	1.437219	-33.195421	-1.089953	0.301801	0.301917	0.247015	-0.036482	-0.025668	1.465074	0.371985	0.253739	0.254771	0.021737	0.004979	-0.668766	0.743139	
 1687526800.896742	1687526800.884602	1.432731	-33.201649	-1.092098	0.295799	0.295961	0.244675	-0.042880	-0.012764	1.471512	0.340504	0.252213	0.252286	0.019118	0.011610	-0.671081	0.741046	
 1687526801.302686	1687526801.287791	1.407575	-33.204428	-1.095314	0.295826	0.295744	0.244621	-0.045443	-0.016459	1.458840	0.378993	0.249396	0.252143	0.021274	0.011455	-0.666382	0.745219	
 1687526801.710056	1687526801.693043	1.394590	-33.204378	-1.101960	0.300480	0.300455	0.246394	-0.022562	-0.025759	1.459298	0.407024	0.253253	0.254222	0.017119	-0.000177	-0.666619	0.745202	
 1687526802.114094	1687526802.096571	1.390173	-33.201919	-1.098431	0.293427	0.293513	0.243474	-0.040513	-0.019250	1.456867	0.299639	0.251635	0.251069	0.020664	0.008708	-0.665680	0.745901	
 1687526802.519501	1687526802.500463	1.396485	-33.201988	-1.098449	0.296248	0.296283	0.244569	-0.036130	-0.018906	1.462037	0.393427	0.252857	0.252352	0.019096	0.007138	-0.667617	0.744226	
 1687526802.927280	1687526802.903301	1.407875	-33.202533	-1.095480	0.302757	0.302831	0.247225	-0.040705	-0.017898	1.461590	0.373554	0.255120	0.255199	0.020245	0.009182	-0.667433	0.744338	
 1687526803.331942	1687526803.306435	1.422267	-33.204954	-1.090157	0.299576	0.299603	0.246177	-0.039083	-0.020163	1.461287	0.403769	0.254391	0.254134	0.020546	0.007825	-0.667335	0.744434	
 1687526803.735197	1687526803.709496	1.430108	-33.209955	-1.091941	0.295712	0.295818	0.244628	-0.032519	-0.018820	1.463169	0.399145	0.254107	0.252508	0.017862	0.005812	-0.668046	0.743883	
 1687526804.142851	1687526804.115336	1.422605	-33.206868	-1.091218	0.298913	0.299091	0.245982	-0.045260	-0.016842	1.461887	0.358502	0.254086	0.253857	0.021373	0.011227	-0.667520	0.744201	
 1687526804.553752	1687526804.518142	1.399393	-33.212382	-1.096658	0.299572	0.299649	0.246054	-0.033993	-0.013254	1.456251	0.452839	0.255042	0.254090	0.016256	0.008276	-0.665445	0.746224	
 1687526804.961081	1687526804.923911	1.389421	-33.224628	-1.096031	0.297582	0.297660	0.245119	-0.031002	-0.024478	1.460286	0.369422	0.251567	0.253141	0.019455	0.003386	-0.666987	0.744807	
 1687526805.368034	1687526805.337368	1.398447	-33.229221	-1.087587	0.292797	0.292851	0.243155	-0.038547	-0.026974	1.458451	0.344441	0.254041	0.251093	0.022895	0.005386	-0.666302	0.745311	
 1687526805.771981	1687526805.740839	1.412935	-33.230605	-1.082720	0.288463	0.288528	0.241265	-0.043483	-0.020017	1.458398	0.391911	0.254983	0.249038	0.021945	0.009544	-0.666244	0.745350	
 1687526806.183545	1687526806.143931	1.413834	-33.235423	-1.083388	0.291701	0.291772	0.242407	-0.032221	-0.011944	1.455479	0.418178	0.252341	0.250190	0.015174	0.008057	-0.665157	0.746506	
 1687526806.587755	1687526806.548328	1.410142	-33.244608	-1.067803	0.297607	0.297690	0.244937	-0.036470	-0.014575	1.456358	0.353208	0.250539	0.252791	0.017573	0.008760	-0.665482	0.746155	
 1687526806.992548	1687526806.953768	1.418069	-33.247172	-1.050392	0.295907	0.295896	0.244800	-0.037280	-0.029710	1.462905	0.376091	0.251801	0.252773	0.023501	0.003949	-0.667968	0.743809	
 1687526807.397337	1687526807.357504	1.423483	-33.237326	-1.050649	0.297295	0.297383	0.245491	-0.050714	-0.016442	1.457011	0.366965	0.258579	0.253486	0.023011	0.013447	-0.665674	0.745766	
 1687526807.801083	1687526807.761199	1.416713	-33.232122	-1.068376	0.295191	0.295222	0.244236	-0.039394	-0.012802	1.452805	0.453488	0.252611	0.252122	0.017866	0.010473	-0.664136	0.747325	
 1687526808.204695	1687526808.164688	1.408069	-33.241153	-1.065240	0.300750	0.300886	0.246566	-0.068045	-0.015767	1.454512	0.379642	0.252533	0.254515	0.028499	0.020171	-0.664617	0.746368	
 1687526808.609801	1687526808.567589	1.401005	-33.256625	-1.072881	0.298211	0.298141	0.245681	-0.058327	-0.016074	1.455251	0.561145	0.254671	0.253601	0.025392	0.016431	-0.664969	0.746258	
 1687526809.016352	1687526808.971892	1.391436	-33.276865	-1.080031	0.292261	0.292334	0.242697	-0.025616	-0.004670	1.452112	0.494519	0.251260	0.250528	0.010249	0.008028	-0.663892	0.747715	
 1687526809.421496	1687526809.376693	1.386786	-33.288943	-1.064582	0.300132	0.300407	0.246368	-0.036965	-0.015403	1.457051	0.306723	0.248968	0.254144	0.018049	0.008663	-0.665743	0.745912	
 1687526809.827879	1687526809.781553	1.400655	-33.289687	-1.057219	0.291019	0.291197	0.242809	-0.033482	-0.017515	1.464004	0.339831	0.248258	0.250527	0.017701	0.006599	-0.668350	0.743607	
 1687526810.232569	1687526810.183745	1.408926	-33.287144	-1.065474	0.297083	0.297366	0.245358	-0.046583	-0.006566	1.458565	0.330563	0.251126	0.253050	0.017966	0.015179	-0.666208	0.745395	
 1687526810.637234	1687526810.587493	1.409960	-33.286475	-1.073548	0.298552	0.298687	0.245567	-0.040860	-0.006819	1.455978	0.369994	0.249031	0.253255	0.016137	0.012982	-0.665279	0.746308	
 1687526811.043252	1687526810.993192	1.418021	-33.295967	-1.082527	0.299263	0.299414	0.246130	-0.027083	-0.019019	1.456808	0.353014	0.249654	0.253868	0.016109	0.003775	-0.665684	0.746050	
 1687526811.447327	1687526811.398456	1.426132	-33.308610	-1.092189	0.293460	0.293746	0.243765	-0.040742	-0.017023	1.462047	0.301740	0.248894	0.251267	0.019934	0.009483	-0.667598	0.744194	
 1687526811.852145	1687526811.802329	1.416347	-33.328976	-1.102762	0.296655	0.296802	0.244700	-0.035525	-0.012448	1.457069	0.356421	0.250460	0.252401	0.016468	0.009109	-0.665742	0.745945	
 1687526812.256038	1687526812.205483	1.406507	-33.355316	-1.103573	0.299809	0.299904	0.246013	-0.033925	-0.017532	1.461646	0.344100	0.250811	0.253878	0.017848	0.006779	-0.667472	0.744390	
 1687526812.661616	1687526812.613808	1.406941	-33.372165	-1.094485	0.297539	0.297582	0.245296	-0.046027	-0.032628	1.457865	0.331936	0.251036	0.253166	0.027490	0.006299	-0.666089	0.745339	
 1687526813.065148	1687526813.033930	1.406280	-33.378674	-1.093209	0.295680	0.295711	0.244296	-0.034346	-0.014632	1.454268	0.395405	0.257214	0.252107	0.016879	0.007966	-0.664709	0.746869	
 1687526813.471225	1687526813.436607	1.406927	-33.376898	-1.081871	0.298491	0.298557	0.245486	-0.041018	-0.018694	1.453870	0.345211	0.251128	0.253314	0.020611	0.009112	-0.664557	0.746898	
 1687526813.877949	1687526813.839960	1.419661	-33.381271	-1.080440	0.297295	0.297384	0.245430	-0.029043	-0.019460	1.459760	0.372445	0.252699	0.253345	0.016932	0.004334	-0.666784	0.745046	
 1687526814.282044	1687526814.243718	1.428061	-33.394787	-1.097566	0.298295	0.298594	0.246096	-0.040946	-0.016260	1.464137	0.323140	0.252681	0.253860	0.019728	0.009793	-0.668371	0.743502	
 1687526814.687947	1687526814.649193	1.422435	-33.413112	-1.116994	0.299040	0.299175	0.245501	-0.032585	-0.015485	1.451106	0.372749	0.251632	0.253337	0.016602	0.007051	-0.663536	0.747927	
 1687526815.095172	1687526815.052220	1.419144	-33.419855	-1.100557	0.301208	0.301280	0.246354	-0.039754	-0.019853	1.450821	0.327270	0.251373	0.254134	0.020612	0.008287	-0.663426	0.747912	
 1687526815.499353	1687526815.460299	1.420692	-33.415316	-1.080456	0.296092	0.296128	0.245183	-0.044723	-0.027598	1.453103	0.364477	0.252584	0.253000	0.025163	0.007547	-0.664297	0.747007	
 1687526815.903900	1687526815.863346	1.412760	-33.423605	-1.093476	0.296098	0.296176	0.245206	-0.035667	-0.013752	1.457819	0.386937	0.255603	0.253047	0.017005	0.008722	-0.666027	0.745683	
 1687526816.209444	1687526816.164524	1.398628	-33.429317	-1.113710	0.242069	0.242113	0.215493	-0.041060	-0.012730	1.456477	0.304573	0.219888	0.221904	0.018412	0.011086	-0.665500	0.746089	
 1687526816.513436	1687526816.465739	1.390364	-33.434029	-1.119813	0.239335	0.239347	0.213313	-0.036899	-0.018829	1.455855	0.324028	0.217810	0.219664	0.019301	0.007510	-0.665311	0.746279	
 1687526816.917950	1687526816.869932	1.390748	-33.440955	-1.101859	0.290767	0.290824	0.241462	-0.048382	-0.015170	1.434802	0.345197	0.247895	0.248925	0.021616	0.013241	-0.657356	0.753154	
 1687526817.325568	1687526817.277234	1.406443	-33.438741	-1.090209	0.298445	0.298412	0.245629	-0.043307	-0.014518	1.445368	0.418768	0.253031	0.253389	0.019763	0.011439	-0.661345	0.749734	
 1687526817.730047	1687526817.680937	1.420984	-33.427964	-1.089472	0.297021	0.297140	0.245318	-0.034777	-0.006815	1.465491	0.393616	0.251813	0.253082	0.014163	0.010646	-0.668852	0.743184	
 1687526818.133174	1687526818.085539	1.427406	-33.420977	-1.087836	0.298844	0.299053	0.246173	-0.040634	-0.011329	1.455974	0.338681	0.249349	0.253826	0.017745	0.011397	-0.665306	0.746273	
 1687526818.536865	1687526818.491787	1.428324	-33.406588	-1.091301	0.296171	0.296347	0.245089	-0.036185	-0.015647	1.455608	0.376250	0.250042	0.252773	0.017875	0.008304	-0.665208	0.746398	
 1687526818.943943	1687526818.895525	1.417736	-33.393934	-1.098227	0.290765	0.290992	0.242350	-0.035209	-0.008091	1.459769	0.354968	0.248361	0.249766	0.014752	0.010422	-0.666728	0.745082	
 1687526819.350243	1687526819.300119	1.403021	-33.382175	-1.095487	0.299584	0.299745	0.245803	-0.035465	-0.006972	1.458002	0.346240	0.249629	0.253704	0.014411	0.010903	-0.666062	0.745677	
 1687526819.755823	1687526819.704266	1.406972	-33.372280	-1.085930	0.297835	0.297897	0.245484	-0.030129	-0.026258	1.459647	0.354221	0.249370	0.253449	0.019826	0.002474	-0.666753	0.745011	
 1687526820.161532	1687526820.109049	1.420479	-33.366481	-1.087202	0.293327	0.293395	0.243592	-0.031148	-0.012911	1.452467	0.330151	0.253423	0.251370	0.015167	0.007357	-0.664039	0.747508	
 1687526820.566696	1687526820.511792	1.419591	-33.356796	-1.073858	0.293047	0.293144	0.242994	-0.047313	0.000827	1.464174	0.333745	0.248155	0.250680	0.015504	0.017870	-0.668229	0.743579	
 1687526820.970850	1687526820.916506	1.415757	-33.335423	-1.054650	0.299772	0.299605	0.246157	-0.035235	-0.018106	1.451706	0.426340	0.248855	0.254028	0.018463	0.007167	-0.663763	0.747681	
 1687526821.374800	1687526821.323188	1.437473	-33.312937	-1.052498	0.290892	0.290867	0.242796	-0.029939	-0.018565	1.458822	0.344311	0.249514	0.250577	0.016895	0.004975	-0.666431	0.745359	
 1687526821.779553	1687526821.727264	1.459367	-33.297988	-1.065566	0.289801	0.289957	0.241996	-0.038324	-0.007772	1.466798	0.321281	0.248196	0.249560	0.015713	0.011634	-0.669326	0.742712	
 1687526822.186806	1687526822.132153	1.447879	-33.293821	-1.073245	0.299314	0.299536	0.245737	-0.034748	-0.003351	1.462116	0.351694	0.249207	0.253418	0.012847	0.011815	-0.667578	0.744336	
 1687526822.593768	1687526822.538485	1.427756	-33.287753	-1.070152	0.300588	0.300588	0.246702	-0.037140	-0.013397	1.450521	0.336600	0.249444	0.254446	0.017329	0.009453	-0.663294	0.748098	
 1687526823.001225	1687526822.944730	1.417810	-33.277368	-1.074300	0.296281	0.296288	0.245076	-0.034080	-0.017328	1.457319	0.350751	0.250350	0.252922	0.017808	0.006944	-0.665859	0.745833	
 1687526823.404996	1687526823.348883	1.422388	-33.269193	-1.087762	0.302074	0.302067	0.247102	-0.035276	-0.016672	1.467162	0.336320	0.252874	0.255039	0.017999	0.007520	-0.669516	0.742542	
 1687526823.808686	1687526823.752307	1.427306	-33.278719	-1.087121	0.298872	0.298894	0.245564	-0.030894	-0.015772	1.464030	0.339300	0.251102	0.253419	0.016189	0.006219	-0.668360	0.743636	
 1687526824.212970	1687526824.157019	1.434208	-33.295475	-1.080845	0.297405	0.297486	0.245009	-0.028273	-0.019791	1.463322	0.326356	0.250398	0.252880	0.016806	0.003907	-0.668111	0.743862	
 1687526826.921756	1687526826.884929	1.431472	-33.287792	-1.072796	0.241126	0.241080	0.215167	-0.113299	-0.074322	1.391079	0.261691	0.219929	0.221675	0.064733	0.019668	-0.640945	0.764600	
 1687526827.230891	1687526827.185975	1.400038	-33.301522	-1.070752	0.239899	0.240407	0.215311	-0.082438	-0.059808	1.309954	0.681839	0.262873	0.220809	0.048782	0.014468	-0.609329	0.791283	
 1687526827.535415	1687526827.488853	1.378936	-33.312585	-1.078775	0.238044	0.238228	0.213511	-0.055836	-0.051685	1.341609	0.548927	0.264509	0.219379	0.037579	0.005803	-0.621731	0.782307	
 1687526827.940871	1687526827.893929	1.384011	-33.309510	-1.091046	0.293971	0.294093	0.243396	-0.049519	-0.033096	1.359245	0.448585	0.277228	0.250125	0.028424	0.008857	-0.628539	0.777208	
 1687526828.345397	1687526828.298665	1.392031	-33.304371	-1.088589	0.289269	0.289649	0.241640	-0.046503	-0.025740	1.352381	0.407566	0.260306	0.248703	0.024584	0.010080	-0.625839	0.779500	
 1687526828.748624	1687526828.703006	1.411900	-33.301955	-1.079561	0.295968	0.296528	0.245207	-0.038619	-0.028889	1.366301	0.401039	0.260016	0.252543	0.023387	0.005858	-0.631273	0.775186	
 1687526829.154135	1687526829.107632	1.425748	-33.307901	-1.086183	0.295686	0.296494	0.245473	-0.034985	-0.019085	1.370073	0.360195	0.258774	0.252665	0.018455	0.007508	-0.632705	0.774137	
 1687526829.557906	1687526829.511821	1.418627	-33.321384	-1.086700	0.298780	0.299326	0.246284	-0.045415	-0.015137	1.365680	0.346831	0.254901	0.253544	0.020197	0.012840	-0.630951	0.775453	
 1687526829.964147	1687526829.917185	1.415128	-33.327198	-1.083629	0.294548	0.294601	0.244553	-0.047331	-0.024762	1.368146	0.396175	0.253995	0.252033	0.024545	0.010516	-0.631957	0.774544	
 1687526830.368182	1687526830.320964	1.397223	-33.327923	-1.104318	0.286460	0.286584	0.240859	-0.039123	-0.022803	1.272801	0.405705	0.255922	0.248356	0.020791	0.008956	-0.594332	0.803901	
 1687526830.771333	1687526830.725112	1.379652	-33.335381	-1.134420	0.299807	0.299970	0.245928	-0.033138	-0.019620	1.238689	0.393736	0.263981	0.253750	0.017604	0.007797	-0.580526	0.814014	
 1687526831.178781	1687526831.132487	1.387926	-33.333897	-1.132249	0.293880	0.294093	0.243291	-0.030964	-0.031898	1.268281	0.360150	0.257499	0.250938	0.022017	0.003022	-0.592538	0.805236	
 1687526831.583180	1687526831.537500	1.395445	-33.340081	-1.108662	0.299239	0.299450	0.246076	-0.036332	-0.026736	1.273205	0.357755	0.267605	0.253803	0.021545	0.006660	-0.594511	0.803771	
 1687526831.987373	1687526831.941920	1.399522	-33.356991	-1.095838	0.296425	0.296554	0.245030	-0.035084	-0.023758	1.264946	0.372909	0.264353	0.252817	0.019948	0.007126	-0.591177	0.806264	
 1687526832.391091	1687526832.346817	1.412530	-33.367542	-1.092277	0.293741	0.293771	0.243760	-0.035194	-0.028955	1.259648	0.355707	0.259165	0.251501	0.022060	0.005693	-0.589055	0.807771	
 1687526832.795105	1687526832.751184	1.443386	-33.364928	-1.101873	0.294396	0.294402	0.244143	-0.041579	-0.032720	1.265428	0.364233	0.264559	0.251864	0.025481	0.007090	-0.591403	0.805942	
 1687526833.199850	1687526833.155547	1.464369	-33.358514	-1.127410	0.298616	0.298710	0.245814	-0.040852	-0.025467	1.265744	0.372370	0.266958	0.253475	0.022344	0.008938	-0.591501	0.805945	
 1687526833.603244	1687526833.558959	1.450986	-33.379636	-1.141416	0.300198	0.300407	0.246066	-0.027403	-0.015065	1.261394	0.369743	0.263051	0.253512	0.014162	0.006623	-0.589719	0.807457	
 1687526834.007737	1687526833.964321	1.430322	-33.405496	-1.132188	0.297397	0.297536	0.245265	-0.028866	-0.022123	1.260722	0.326391	0.253815	0.252682	0.017441	0.005139	-0.589468	0.807587	
 1687526834.414413	1687526834.368050	1.426160	-33.417687	-1.120069	0.296509	0.296573	0.245389	-0.033969	-0.035360	1.268630	0.329098	0.257604	0.253040	0.024302	0.003202	-0.592690	0.805058	
 1687526834.818928	1687526834.771478	1.437842	-33.415553	-1.130068	0.300449	0.300484	0.246325	-0.040331	-0.035889	1.264582	0.352167	0.269873	0.253975	0.026387	0.005661	-0.591071	0.806168	
 1687526835.225849	1687526835.173598	1.442859	-33.423353	-1.125676	0.294811	0.294857	0.243448	-0.028107	-0.020371	1.257729	0.380673	0.272388	0.250984	0.016502	0.005373	-0.588254	0.808490	
 1687526835.530973	1687526835.478415	1.445854	-33.440903	-1.108197	0.241331	0.241367	0.215146	-0.020832	-0.021758	1.256799	0.288868	0.225888	0.221602	0.014923	0.002031	-0.587876	0.808811	
 1687526835.938857	1687526835.881057	1.460977	-33.447148	-1.083603	0.289816	0.289799	0.241719	-0.044150	-0.035320	1.257342	0.306484	0.253107	0.249048	0.027258	0.007468	-0.588151	0.808257	
 1687526836.344383	1687526836.285420	1.486429	-33.435722	-1.088393	0.293484	0.293437	0.243526	-0.044512	-0.034514	1.258475	0.398658	0.275453	0.251041	0.027043	0.007836	-0.588606	0.807930	
 1687526836.748327	1687526836.689050	1.485631	-33.438486	-1.104915	0.297735	0.297813	0.245150	-0.034573	-0.019687	1.256322	0.412547	0.279173	0.252727	0.018121	0.008201	-0.587679	0.808849	
 1687526837.154636	1687526837.095586	1.470616	-33.452373	-1.110664	0.291163	0.291189	0.242808	-0.033864	-0.024191	1.262181	0.349384	0.257610	0.250033	0.019753	0.006534	-0.590063	0.807089	
 1687526837.560275	1687526837.501608	1.453909	-33.478284	-1.114553	0.299205	0.299224	0.246137	-0.038993	-0.030655	1.253973	0.355862	0.265532	0.253811	0.023846	0.006795	-0.586769	0.809375	
 1687526837.964229	1687526837.904999	1.462479	-33.493109	-1.120067	0.296325	0.296337	0.244664	-0.036385	-0.038185	1.253559	0.388158	0.275019	0.252435	0.026128	0.003535	-0.586617	0.809435	
 1687526838.374179	1687526838.307134	1.469850	-33.517945	-1.114320	0.300617	0.300676	0.246344	-0.031022	-0.030457	1.247439	0.371728	0.281387	0.254008	0.021417	0.003695	-0.584112	0.811382	
 1687526838.780397	1687526838.711774	1.468163	-33.534371	-1.092657	0.300375	0.300430	0.246464	-0.046337	-0.024672	1.257952	0.354249	0.273860	0.254074	0.023600	0.011476	-0.588345	0.808184	
 1687526839.186417	1687526839.115968	1.460560	-33.541822	-1.072608	0.296710	0.296481	0.245248	-0.049157	-0.026471	1.259664	0.406005	0.269273	0.252770	0.025167	0.012066	-0.589042	0.807620	
 1687526839.593931	1687526839.519255	1.464285	-33.539237	-1.065415	0.300665	0.300558	0.246506	-0.028701	-0.025275	1.253762	0.428026	0.274688	0.254255	0.018651	0.004208	-0.586661	0.809607	
 1687526839.999229	1687526839.923712	1.481232	-33.526392	-1.056077	0.299218	0.299367	0.246360	-0.039024	-0.026622	1.252992	0.342561	0.268616	0.253979	0.022219	0.008001	-0.586357	0.809709	
 1687526840.405331	1687526840.328497	1.490379	-33.520315	-1.063182	0.295947	0.296161	0.245347	-0.049689	-0.018539	1.264086	0.380396	0.271595	0.252842	0.022152	0.014568	-0.590772	0.806403	
 1687526840.810346	1687526840.733245	1.469927	-33.532222	-1.090128	0.299886	0.299998	0.246385	-0.039945	-0.013025	1.260330	0.435198	0.267529	0.253897	0.017029	0.012298	-0.589253	0.807675	
 1687526841.217398	1687526841.136008	1.448301	-33.548340	-1.098800	0.297902	0.297987	0.245250	-0.027659	-0.016583	1.247251	0.387912	0.259572	0.252777	0.014806	0.006384	-0.583999	0.811594	
 1687526841.620659	1687526841.538762	1.433882	-33.563658	-1.091987	0.299825	0.299918	0.246327	-0.039429	-0.029717	1.246132	0.346294	0.263339	0.254059	0.023566	0.007339	-0.583588	0.811675	
 1687526842.029425	1687526841.946726	1.434372	-33.557917	-1.086951	0.298321	0.298353	0.245599	-0.040208	-0.028245	1.256767	0.442457	0.292738	0.253538	0.023238	0.007961	-0.587890	0.808568	
 1687526842.434484	1687526842.352209	1.433540	-33.558549	-1.078244	0.302053	0.302153	0.247019	-0.036228	-0.013288	1.259889	0.462590	0.294271	0.254972	0.016038	0.010723	-0.589087	0.807839	
 1687526842.738508	1687526842.656619	1.432684	-33.563332	-1.060655	0.240379	0.240357	0.214557	-0.035218	-0.028664	1.221216	0.381061	0.233431	0.221097	0.021835	0.006209	-0.573425	0.818944	
 1687526843.143432	1687526843.061767	1.438242	-33.563249	-1.044790	0.294814	0.294804	0.243822	-0.034810	-0.037738	1.155433	0.440014	0.297976	0.251655	0.025306	0.004275	-0.546208	0.837257	
 1687526843.546429	1687526843.466830	1.459789	-33.542379	-1.057474	0.293634	0.293734	0.243872	-0.045800	-0.028437	1.159050	0.453075	0.333992	0.251711	0.024432	0.011373	-0.547700	0.836241	
 1687526843.949616	1687526843.871345	1.452402	-33.540878	-1.082745	0.290870	0.291003	0.242232	-0.036259	-0.003391	1.161686	0.498829	0.306168	0.249895	0.011365	0.014225	-0.548664	0.835845	
 1687526844.352583	1687526844.274727	1.442521	-33.565183	-1.096916	0.298293	0.298378	0.245334	-0.025939	-0.020309	1.143637	0.396736	0.255776	0.252980	0.015557	0.005411	-0.541199	0.840733	
 1687526844.657537	1687526844.578645	1.449659	-33.578193	-1.096048	0.240942	0.240980	0.215445	-0.031607	-0.032055	1.135387	0.313761	0.243898	0.221762	0.022007	0.004706	-0.537766	0.842794	
 1687526845.062670	1687526844.983035	1.456524	-33.573855	-1.102893	0.292629	0.292643	0.242844	-0.043351	-0.032111	1.145678	0.387803	0.304013	0.250495	0.025235	0.009512	-0.542115	0.839871	
 1687526845.466299	1687526845.384683	1.458214	-33.563012	-1.115702	0.299797	0.299816	0.245742	-0.041144	-0.022459	1.161644	0.475002	0.318265	0.253729	0.020673	0.011036	-0.548754	0.835656	
 1687526845.870808	1687526845.791605	1.462526	-33.549873	-1.116644	0.290006	0.290032	0.241609	-0.031846	-0.025156	1.157993	0.419509	0.280732	0.249351	0.019238	0.006445	-0.547239	0.836730	
 1687526846.276071	1687526846.200589	1.469328	-33.545253	-1.099766	0.297570	0.297654	0.245006	-0.030495	-0.025932	1.150704	0.376496	0.286448	0.252908	0.019172	0.005737	-0.544187	0.838725	
 1687526846.681285	1687526846.605000	1.487192	-33.523550	-1.080850	0.297041	0.297110	0.245357	-0.033160	-0.029654	1.155662	0.355075	0.282605	0.253307	0.021473	0.005789	-0.546279	0.837308	
 1687526847.086542	1687526847.006963	1.509695	-33.491703	-1.090228	0.297117	0.297166	0.245553	-0.033654	-0.029267	1.155983	0.370796	0.292243	0.253462	0.021446	0.006098	-0.546413	0.837219	
 1687526847.492513	1687526847.411458	1.519643	-33.464019	-1.112416	0.299711	0.299779	0.246200	-0.041514	-0.030917	1.155759	0.377844	0.294389	0.254095	0.024281	0.008941	-0.546335	0.837167	
 1687526847.896604	1687526847.816319	1.511456	-33.439282	-1.127479	0.295171	0.295256	0.243480	-0.038134	-0.020324	1.156732	0.408523	0.296369	0.251517	0.018930	0.010410	-0.546691	0.837056	
 1687526848.302947	1687526848.218199	1.491991	-33.442221	-1.135469	0.298822	0.298970	0.245910	-0.026075	-0.027753	1.125579	0.390449	0.277733	0.253792	0.018690	0.003622	-0.533604	0.845520	
 1687526848.708159	1687526848.622050	1.492426	-33.456100	-1.142894	0.298656	0.298685	0.245875	-0.022715	-0.047273	1.083962	0.329263	0.283769	0.253834	0.026103	-0.002464	-0.515887	0.856255	
 1687526849.112607	1687526849.025301	1.515686	-33.467651	-1.149235	0.299770	0.299793	0.245987	-0.036803	-0.056292	1.078377	0.331214	0.335376	0.253911	0.033589	0.001337	-0.513594	0.857375	
 1687526849.515805	1687526849.430144	1.515018	-33.482078	-1.142912	0.297571	0.297585	0.244915	-0.045726	-0.046237	1.062476	0.404756	0.382982	0.252760	0.031504	0.007997	-0.506789	0.861457	
 1687526849.918798	1687526849.833435	1.490136	-33.523624	-1.131896	0.298545	0.298552	0.245538	-0.027934	-0.038833	1.009394	0.429536	0.349316	0.253401	0.023745	0.002836	-0.483641	0.874940	
 1687526850.323817	1687526850.236667	1.490728	-33.557997	-1.122144	0.297430	0.297408	0.245197	-0.015779	-0.051124	0.999929	0.341636	0.322656	0.253077	0.026211	-0.005331	-0.479400	0.877189	
 1687526850.727656	1687526850.640970	1.529871	-33.562550	-1.128157	0.294588	0.294794	0.244237	-0.016172	-0.034074	1.047043	0.308014	0.356935	0.251925	0.018796	-0.001515	-0.499963	0.865841	
 1687526851.131599	1687526851.044908	1.527958	-33.604018	-1.130454	0.297955	0.298071	0.246197	-0.053808	-0.041945	0.971548	0.295474	0.296215	0.253817	0.031095	0.013996	-0.467120	0.883536	
 1687526851.537966	1687526851.448525	1.547208	-33.651503	-1.176889	0.298108	0.297972	0.245591	-0.031307	-0.037876	0.998368	0.456343	0.353127	0.253310	0.024116	0.004676	-0.478825	0.877566	
 1687526851.941903	1687526851.870188	1.572132	-33.735518	-1.195070	0.299202	0.299104	0.245408	-0.039036	-0.025662	0.972974	0.342606	0.318055	0.253085	0.020464	0.011254	-0.467617	0.883623	
 1687526852.348990	1687526852.280250	1.624158	-33.812638	-1.187867	0.298199	0.297887	0.245573	-0.041242	-0.032112	1.000161	0.365887	0.293947	0.253295	0.023972	0.010395	-0.479623	0.877086	
 1687526852.752678	1687526852.691690	1.683762	-33.875298	-1.193577	0.298753	0.298554	0.246454	-0.033344	-0.039212	0.986498	0.382862	0.311474	0.254209	0.025157	0.005400	-0.473621	0.880353	
 1687526853.157084	1687526853.093448	1.725870	-33.950470	-1.220833	0.297634	0.297626	0.245852	-0.035435	-0.026893	0.992276	0.342617	0.320571	0.253147	0.020256	0.009179	-0.476124	0.879097	
 1687526853.562967	1687526853.497648	1.742588	-34.034237	-1.230165	0.298362	0.298146	0.245206	-0.039848	-0.024179	1.006427	0.338840	0.287827	0.252434	0.020195	0.011623	-0.482323	0.875683	
 1687526853.967664	1687526853.900836	1.772069	-34.108838	-1.211972	0.300018	0.300050	0.246307	-0.033676	-0.030804	1.025571	0.345126	0.280556	0.253409	0.021678	0.007115	-0.490704	0.871027	
 1687526854.378583	1687526854.307409	1.827825	-34.168960	-1.197036	0.298762	0.298994	0.246767	-0.025741	-0.035152	1.006754	0.315627	0.283145	0.253600	0.021601	0.002795	-0.482470	0.875642	
 1687526854.784018	1687526854.709122	1.894276	-34.224576	-1.212876	0.293692	0.293932	0.244668	-0.022081	-0.039541	0.987917	0.296024	0.287501	0.251562	0.022638	0.000346	-0.474185	0.880134	
 1687526855.193491	1687526855.116041	1.957373	-34.287292	-1.251050	0.296934	0.297301	0.245711	-0.041961	-0.033667	0.998917	0.286756	0.291695	0.252576	0.024819	0.010353	-0.479087	0.877355	
 1687526855.603706	1687526855.520765	2.009899	-34.358619	-1.282114	0.303217	0.303187	0.247285	-0.043353	-0.030469	0.999315	0.338918	0.293181	0.254557	0.023752	0.011726	-0.479247	0.877280	
 1687526856.011529	1687526855.924575	2.066269	-34.430470	-1.288247	0.302029	0.302017	0.247047	-0.039525	-0.052128	1.003671	0.348678	0.290880	0.254384	0.032346	0.004785	-0.481230	0.875984	
 1687526856.414795	1687526856.327773	2.135543	-34.485664	-1.286828	0.294445	0.294543	0.244395	-0.037355	-0.048609	0.985644	0.342040	0.339271	0.251468	0.030240	0.004953	-0.473292	0.880373	
 1687526856.718412	1687526856.630432	2.181049	-34.563401	-1.287645	0.239491	0.239523	0.214461	-0.031705	-0.035368	0.960266	0.299624	0.298010	0.220029	0.023002	0.005891	-0.462016	0.886554	
 1687526857.123134	1687526857.034143	2.214038	-34.633694	-1.284135	0.295572	0.295569	0.243468	-0.037943	-0.031586	0.987372	0.312411	0.298644	0.250208	0.022893	0.009221	-0.473994	0.880182	
 1687526857.529560	1687526857.437246	2.246446	-34.685936	-1.263159	0.290462	0.290418	0.242002	-0.040281	-0.043609	0.993121	0.335200	0.293442	0.249172	0.028758	0.007318	-0.476580	0.878630	
 1687526857.935450	1687526857.850859	2.301767	-34.731440	-1.252708	0.298744	0.298916	0.246130	-0.034901	-0.031320	0.999461	0.349587	0.327843	0.253355	0.022103	0.007811	-0.479297	0.877340	
 1687526858.341478	1687526858.254929	2.364605	-34.795206	-1.256045	0.296957	0.297136	0.245637	-0.051755	-0.031590	0.984452	0.326972	0.294537	0.252712	0.026141	0.015338	-0.472732	0.880685	
 1687526858.646682	1687526858.557638	2.415891	-34.877679	-1.270996	0.240229	0.240262	0.214797	-0.036398	-0.027339	0.989688	0.352202	0.267795	0.221044	0.020669	0.009523	-0.474990	0.879697	
 1687526859.051857	1687526858.962445	2.460390	-34.942869	-1.286780	0.295227	0.295293	0.244726	-0.048338	-0.033390	0.992609	0.317743	0.279608	0.251333	0.026182	0.013301	-0.476328	0.878777	
 1687526859.461750	1687526859.372693	2.521724	-35.006272	-1.296587	0.298446	0.298500	0.245968	-0.043956	-0.035680	0.992535	0.359648	0.296366	0.252884	0.026146	0.010830	-0.476301	0.878827	
 1687526859.765010	1687526859.675295	2.576166	-35.067871	-1.294944	0.241278	0.241400	0.216650	-0.035618	-0.039127	0.982456	0.277627	0.249123	0.221559	0.025645	0.006473	-0.471851	0.881281	
 1687526860.171055	1687526860.080915	2.623073	-35.128198	-1.273777	0.295491	0.295801	0.245669	-0.060117	-0.021575	1.003553	0.293978	0.282924	0.250768	0.023908	0.021162	-0.481023	0.876126	
 1687526860.576093	1687526860.484687	2.653212	-35.222561	-1.273328	0.296465	0.296434	0.245057	-0.034100	-0.028498	0.966094	0.364044	0.268063	0.251435	0.020535	0.008480	-0.464580	0.885252	
 1687526860.980841	1687526860.888702	2.683879	-35.309537	-1.264645	0.297775	0.298061	0.245508	-0.041128	-0.029364	0.992532	0.304920	0.279262	0.252270	0.022697	0.011091	-0.476259	0.878942	
 1687526861.388654	1687526861.293189	2.734325	-35.391243	-1.255598	0.297654	0.297810	0.245930	-0.036795	-0.033843	0.983202	0.333300	0.286598	0.253152	0.023597	0.008230	-0.472165	0.881156	
 1687526861.793088	1687526861.698432	2.787958	-35.453034	-1.266459	0.298939	0.299156	0.246620	-0.042567	-0.039711	0.987686	0.334634	0.305576	0.253913	0.027564	0.009326	-0.474184	0.879945	
 1687526862.197575	1687526862.102253	2.828834	-35.547480	-1.301143	0.297962	0.298215	0.245519	-0.029266	-0.051911	0.912447	0.358503	0.323925	0.252741	0.029740	0.001699	-0.440706	0.897157	
 1687526862.601445	1687526862.507182	2.901870	-35.643124	-1.310847	0.290403	0.290748	0.242066	-0.031787	-0.020923	1.025323	0.313395	0.372602	0.249149	0.016910	0.008719	-0.490554	0.871203	
 1687526863.008510	1687526863.011562	2.970718	-35.735819	-1.305184	0.295723	0.295855	0.244587	-0.026514	-0.031759	0.990029	0.325272	0.277183	0.251944	0.020268	0.004121	-0.475128	0.879673	
 1687526863.412876	1687526863.416379	3.048204	-35.827120	-1.304172	0.298663	0.298675	0.246301	-0.038076	-0.042675	1.017852	0.313908	0.313065	0.253711	0.027902	0.006226	-0.487395	0.872714	
 1687526863.721126	1687526863.719361	3.105037	-35.903286	-1.321581	0.240909	0.240827	0.215071	-0.034798	-0.037527	1.001464	0.334029	0.323447	0.221218	0.024807	0.006254	-0.480197	0.876787	
 1687526864.124925	1687526864.125144	3.132767	-35.983023	-1.327720	0.297788	0.297534	0.244728	-0.041006	-0.042477	0.977398	0.362188	0.347486	0.252051	0.028370	0.008129	-0.469658	0.882355	
 1687526864.533038	1687526864.530250	3.136703	-36.049443	-1.328648	0.295918	0.295805	0.244559	-0.026619	-0.043728	0.986164	0.411794	0.387368	0.252124	0.025555	0.001373	-0.473444	0.880452	
 1687526865.037150	1687526865.032890	3.191248	-36.125935	-1.329941	0.327971	0.328317	0.256896	-0.025723	-0.039150	1.010909	0.347459	0.407474	0.265064	0.023351	0.001774	-0.484293	0.874593	
 1687526865.444369	1687526865.436839	3.254888	-36.224607	-1.331996	0.288320	0.288559	0.241969	-0.032876	-0.033944	0.984257	0.323882	0.362548	0.249410	0.022721	0.006466	-0.472617	0.880951	
 1687526865.852797	1687526865.841120	3.306188	-36.319092	-1.327493	0.283951	0.283913	0.239493	-0.043002	-0.037748	0.986151	0.360094	0.342345	0.246875	0.026796	0.010004	-0.473501	0.880329	
 1687526866.263768	1687526866.246547	3.351374	-36.398049	-1.334307	0.299236	0.299118	0.245909	-0.043052	-0.033518	1.005554	0.450026	0.383063	0.253898	0.025051	0.010785	-0.481997	0.875748	
 1687526866.667414	1687526866.650092	3.412843	-36.500132	-1.340192	0.296838	0.296708	0.244913	-0.041536	-0.036416	1.009563	0.440352	0.352432	0.252728	0.025974	0.009370	-0.483763	0.874764	
 1687526867.074138	1687526867.053835	3.464241	-36.621686	-1.343136	0.297981	0.297863	0.245491	-0.043112	-0.042883	1.009903	0.434359	0.370191	0.253369	0.029185	0.008490	-0.483946	0.874570	
 1687526867.479513	1687526867.458243	3.508892	-36.712121	-1.352660	0.297156	0.297102	0.245265	-0.039153	-0.043662	1.034654	0.457927	0.416755	0.253263	0.028648	0.006216	-0.494718	0.868559	
 1687526867.883488	1687526867.861598	3.541044	-36.813050	-1.361054	0.299731	0.299713	0.246256	-0.038981	-0.042212	1.017167	0.425067	0.415850	0.254225	0.027918	0.006744	-0.487099	0.872874	
 1687526868.286615	1687526868.266107	3.571840	-36.883239	-1.367426	0.296683	0.296769	0.244876	-0.033486	-0.042254	1.030684	0.429079	0.414317	0.252809	0.026628	0.004155	-0.492961	0.869634	
 1687526868.693473	1687526868.671449	3.623900	-36.977517	-1.365620	0.293647	0.293863	0.243625	-0.036832	-0.049088	1.025175	0.383706	0.406197	0.251481	0.030412	0.004010	-0.490597	0.870847	
 1687526869.104100	1687526869.075469	3.677613	-37.087381	-1.363122	0.298999	0.299245	0.245936	-0.036204	-0.044685	1.022666	0.415016	0.462872	0.253995	0.028335	0.004851	-0.489490	0.871535	
 1687526869.516248	1687526869.483274	3.730822	-37.184035	-1.364009	0.301136	0.301304	0.246974	-0.035087	-0.056191	1.040522	0.418179	0.442088	0.255188	0.033088	0.001253	-0.497261	0.866969	
 1687526869.924784	1687526869.889755	3.803065	-37.301687	-1.371782	0.301983	0.302135	0.246983	-0.032516	-0.054546	1.036381	0.406072	0.519695	0.255174	0.031736	0.000613	-0.495445	0.868059	
 1687526870.331194	1687526870.295041	3.874593	-37.424102	-1.369482	0.299796	0.299848	0.246256	-0.038582	-0.056126	1.031990	0.386503	0.506693	0.254387	0.033916	0.002930	-0.493585	0.869031	
 1687526870.735452	1687526870.697330	3.941441	-37.523973	-1.370428	0.298689	0.298660	0.245969	-0.033657	-0.053116	1.046574	0.437404	0.531885	0.254122	0.031405	0.001302	-0.499870	0.865530	
 1687526871.138843	1687526871.101408	4.017804	-37.629369	-1.377985	0.291625	0.291589	0.242769	-0.028804	-0.055330	1.034007	0.385122	0.482675	0.250573	0.031159	-0.001156	-0.494384	0.868684	
 1687526871.548124	1687526871.504004	4.082279	-37.708275	-1.382776	0.296264	0.296235	0.244700	-0.027225	-0.057417	1.020407	0.359914	0.511040	0.252524	0.031691	-0.002143	-0.488449	0.872014	
 1687526871.857950	1687526871.807229	4.145451	-37.785685	-1.384232	0.243918	0.243942	0.216949	-0.021395	-0.057215	1.008432	0.305702	0.456101	0.223547	0.030209	-0.004456	-0.483164	0.874997	
 1687526872.261527	1687526872.212981	4.189118	-37.839116	-1.388207	0.292224	0.292331	0.242547	-0.034075	-0.054345	1.007286	0.314301	0.519187	0.250262	0.032012	0.001805	-0.482776	0.875157	
 1687526872.664900	1687526872.618210	4.234578	-37.913913	-1.393907	0.297795	0.297933	0.245185	-0.028475	-0.053365	1.007217	0.383161	0.488970	0.253132	0.030233	-0.000409	-0.482701	0.875263	
 1687526873.071804	1687526873.021854	4.290434	-38.018893	-1.393707	0.296070	0.296348	0.244535	-0.012876	-0.056369	1.027348	0.349191	0.483585	0.252439	0.027706	-0.008242	-0.491333	0.870492	
 1687526873.477201	1687526873.428013	4.345544	-38.110577	-1.382921	0.295129	0.295406	0.244420	-0.016640	-0.058306	1.038062	0.279095	0.505425	0.252342	0.029434	-0.007237	-0.496022	0.867781	
 1687526873.881967	1687526873.833585	4.428828	-38.201669	-1.379332	0.297275	0.297444	0.245152	-0.016145	-0.058276	1.026323	0.291466	0.507685	0.253211	0.029342	-0.007273	-0.490914	0.870683	
 1687526874.287023	1687526874.238320	4.500840	-38.284324	-1.374257	0.294783	0.294713	0.244155	-0.032968	-0.056451	1.018638	0.289239	0.511404	0.252090	0.032670	0.000627	-0.487728	0.872384	
 1687526874.697206	1687526874.641333	4.568168	-38.381050	-1.372397	0.301190	0.301005	0.246819	-0.034125	-0.050844	1.031168	0.372855	0.497561	0.254954	0.030521	0.002308	-0.493189	0.869383	
 1687526875.101982	1687526875.046675	4.643639	-38.487373	-1.374271	0.301810	0.301446	0.247444	-0.034013	-0.053565	1.044454	0.380619	0.458805	0.255359	0.031686	0.001378	-0.498955	0.866047	
 1687526875.507202	1687526875.456048	4.709988	-38.579730	-1.385963	0.297515	0.297199	0.245835	-0.035035	-0.053091	1.056346	0.379186	0.475860	0.253737	0.031747	0.001750	-0.504103	0.863058	
 1687526875.911435	1687526875.859502	4.767342	-38.687857	-1.407144	0.298155	0.297873	0.245643	-0.033260	-0.051493	1.046894	0.379305	0.461041	0.253568	0.030604	0.001531	-0.500004	0.865481	
 1687526876.316920	1687526876.264971	4.822204	-38.789393	-1.414670	0.292447	0.292248	0.242876	-0.029436	-0.055650	1.050356	0.364767	0.447696	0.250663	0.031445	-0.001218	-0.501473	0.864601	
 1687526876.720257	1687526876.668644	4.879156	-38.873966	-1.413502	0.298240	0.298157	0.245565	-0.022791	-0.056509	1.039641	0.350064	0.487366	0.253641	0.030175	-0.004146	-0.496773	0.867346	
 1687526877.126163	1687526877.073452	4.939706	-38.971337	-1.412430	0.297951	0.297991	0.245599	-0.027415	-0.057448	1.018573	0.310243	0.471844	0.253585	0.031753	-0.002039	-0.487651	0.872459	
 1687526877.531196	1687526877.478667	4.995068	-39.050801	-1.411826	0.298107	0.298125	0.245556	-0.027693	-0.057650	1.026557	0.333469	0.486678	0.253574	0.031901	-0.002094	-0.491133	0.870498	
 1687526877.936540	1687526877.883987	5.059612	-39.148112	-1.411654	0.297763	0.297810	0.245324	-0.029944	-0.052143	1.029304	0.329222	0.471955	0.253379	0.030056	0.000197	-0.492349	0.869879	
 1687526878.339866	1687526878.289126	5.133483	-39.248440	-1.408004	0.300672	0.300571	0.246565	-0.026258	-0.054897	1.033025	0.342359	0.442434	0.254654	0.030344	-0.002141	-0.493935	0.868966	
 1687526878.747643	1687526878.692118	5.204124	-39.325365	-1.406421	0.293282	0.293156	0.243606	-0.027368	-0.055056	1.031154	0.322058	0.457072	0.251589	0.030688	-0.001669	-0.493132	0.869412	
 1687526879.151504	1687526879.095943	5.272506	-39.407570	-1.410927	0.296919	0.296635	0.245332	-0.038790	-0.056940	1.021690	0.325152	0.449903	0.253297	0.034305	0.002996	-0.489106	0.871544	
 1687526879.560350	1687526879.500004	5.323759	-39.477884	-1.425502	0.298845	0.298451	0.245969	-0.042861	-0.054831	1.028779	0.386376	0.466677	0.253839	0.034399	0.005165	-0.492217	0.869777	
 1687526879.967521	1687526879.902903	5.357028	-39.530074	-1.439106	0.300669	0.300382	0.246679	-0.041196	-0.047562	1.015831	0.417459	0.460496	0.254698	0.030787	0.006429	-0.486544	0.873090	
 1687526880.371722	1687526880.305333	5.408593	-39.610189	-1.450596	0.299705	0.299559	0.246158	-0.038702	-0.047558	1.024011	0.399855	0.409830	0.254201	0.030201	0.005217	-0.490097	0.871129	
 1687526880.779552	1687526880.708167	5.464949	-39.675815	-1.449696	0.296694	0.296690	0.244659	-0.032409	-0.046995	1.021665	0.386002	0.410481	0.252742	0.028413	0.002646	-0.489037	0.871796	
 1687526881.185041	1687526881.111758	5.550636	-39.754208	-1.427272	0.295608	0.295597	0.244648	-0.074850	-0.047314	1.052447	0.348441	0.404086	0.252648	0.039228	0.020473	-0.502544	0.863418	
 1687526881.594242	1687526881.516006	5.632600	-39.850376	-1.424707	0.297693	0.297371	0.245747	-0.036430	-0.052456	1.011634	0.646506	0.400126	0.253670	0.031759	0.003223	-0.484693	0.874101	
 1687526882.002257	1687526881.920488	5.698529	-39.936618	-1.424983	0.300849	0.300797	0.246855	-0.052149	-0.044428	1.032047	0.370916	0.436494	0.254533	0.032175	0.011715	-0.493640	0.868992	
 1687526882.406774	1687526882.322247	5.758512	-40.041648	-1.434177	0.300136	0.300086	0.246601	-0.025988	-0.046770	0.979683	0.458328	0.381917	0.254786	0.026743	0.000462	-0.470586	0.881949	
 1687526882.712740	1687526882.626998	5.852421	-40.121830	-1.455026	0.239858	0.239997	0.214571	-0.034002	-0.052301	1.019976	0.274024	0.344615	0.221058	0.031113	0.002070	-0.488317	0.872109	
 1687526883.117846	1687526883.030879	5.925977	-40.231489	-1.476798	0.290617	0.290802	0.241997	-0.027163	-0.035303	0.996130	0.341909	0.410487	0.249704	0.021992	0.003498	-0.477819	0.878176	
 1687526883.522234	1687526883.435236	5.993669	-40.316303	-1.497021	0.294935	0.294872	0.244634	-0.038692	-0.034905	1.061775	0.312154	0.331380	0.251995	0.024840	0.007846	-0.506418	0.861895	
 1687526883.826434	1687526883.736542	6.049899	-40.416677	-1.512534	0.243498	0.243407	0.216759	-0.024652	-0.038091	1.011855	0.321610	0.288695	0.223354	0.022630	0.001551	-0.484700	0.874387	
 1687526884.231951	1687526884.142103	6.099533	-40.497770	-1.522543	0.293750	0.293816	0.243143	-0.031577	-0.040216	1.027229	0.300708	0.339300	0.250872	0.025266	0.003870	-0.491444	0.870534	
 1687526884.636863	1687526884.572967	6.163252	-40.591418	-1.522895	0.298494	0.298597	0.245401	-0.027369	-0.038876	1.014280	0.330129	0.349361	0.253393	0.023633	0.002520	-0.485774	0.873761	
 1687526885.048011	1687526884.975508	6.210531	-40.672959	-1.514758	0.297194	0.297362	0.245123	-0.024834	-0.036784	1.012618	0.313077	0.344681	0.253049	0.022103	0.001939	-0.485033	0.874214	
 1687526885.452722	1687526885.381878	6.267020	-40.764748	-1.497010	0.302112	0.302200	0.247402	-0.033847	-0.042927	1.015957	0.303568	0.334702	0.255625	0.026979	0.004345	-0.486548	0.873227	
 1687526885.755394	1687526885.685167	6.317795	-40.844042	-1.486356	0.239613	0.239623	0.214373	-0.024836	-0.043301	1.004422	0.297040	0.315907	0.221164	0.024951	0.000462	-0.481450	0.876118	
 1687526886.160185	1687526886.088206	6.392200	-40.922604	-1.480115	0.294151	0.294276	0.243468	-0.037854	-0.047613	1.013098	0.296702	0.350505	0.251418	0.029991	0.004998	-0.485332	0.873801	
 1687526886.568809	1687526886.495552	6.465530	-41.017649	-1.484247	0.290085	0.290091	0.242071	-0.036596	-0.046389	0.995907	0.348980	0.372134	0.250039	0.029109	0.004995	-0.477793	0.877976	
 1687526886.973591	1687526886.898254	6.530822	-41.091166	-1.508955	0.297120	0.297094	0.245306	-0.038040	-0.048837	1.029195	0.348167	0.373076	0.253417	0.030608	0.004536	-0.492353	0.869846	
 1687526887.378614	1687526887.302302	6.587273	-41.188513	-1.536516	0.297395	0.297284	0.245394	-0.039666	-0.047772	1.001543	0.352733	0.379007	0.253561	0.030465	0.005928	-0.480287	0.876562	
 1687526887.784161	1687526887.705255	6.633817	-41.267529	-1.558422	0.297124	0.296967	0.244968	-0.038417	-0.046608	1.023961	0.361391	0.377834	0.252981	0.029717	0.005326	-0.490071	0.871159	
 1687526888.189100	1687526888.111529	6.680940	-41.361515	-1.559930	0.302062	0.301994	0.246917	-0.036707	-0.040506	1.001520	0.352213	0.366448	0.255117	0.026571	0.006375	-0.480239	0.876712	
 1687526888.597237	1687526888.515684	6.738281	-41.464367	-1.550207	0.296678	0.296645	0.245130	-0.031292	-0.054622	0.992118	0.342563	0.341302	0.253230	0.031457	0.000759	-0.476103	0.878826	
 1687526888.903124	1687526888.818741	6.809763	-41.546906	-1.534852	0.240690	0.240744	0.214998	-0.038588	-0.043746	0.999649	0.282404	0.354335	0.221665	0.028436	0.006448	-0.479438	0.877091	
 1687526889.306981	1687526889.226369	6.868071	-41.659662	-1.519995	0.296767	0.296564	0.244610	-0.053141	-0.042067	1.007489	0.345527	0.348740	0.252282	0.031234	0.013113	-0.482920	0.875009	
 1687526889.713808	1687526889.630417	6.926386	-41.745817	-1.511714	0.297590	0.297469	0.245110	-0.040200	-0.046015	1.048908	0.422457	0.347310	0.253157	0.029971	0.005875	-0.500907	0.864962	
 1687526890.117732	1687526890.033169	6.997281	-41.865076	-1.511736	0.290298	0.290258	0.242376	-0.031155	-0.046349	1.013719	0.349166	0.350784	0.250191	0.027816	0.002368	-0.485560	0.873757	
 1687526890.523745	1687526890.436798	7.062919	-41.959246	-1.525239	0.290478	0.290466	0.242751	-0.037411	-0.050674	1.029974	0.315080	0.356190	0.250547	0.031254	0.003797	-0.492692	0.869634	
 1687526890.829760	1687526890.740433	7.119972	-42.064681	-1.558698	0.241182	0.241187	0.215563	-0.029394	-0.047971	1.018095	0.299815	0.328933	0.222336	0.028100	0.001142	-0.487461	0.872692	
 1687526891.236651	1687526891.144119	7.157150	-42.150197	-1.596357	0.289876	0.289912	0.241428	-0.038888	-0.042196	1.036498	0.307096	0.360095	0.249093	0.027952	0.006438	-0.495512	0.868127	
 1687526891.641607	1687526891.550816	7.197442	-42.256375	-1.616035	0.300507	0.300474	0.245881	-0.046120	-0.049611	1.013580	0.345241	0.338561	0.253912	0.032868	0.008118	-0.485595	0.873528	
 1687526891.949558	1687526891.856799	7.241183	-42.342377	-1.600621	0.240342	0.240336	0.214693	-0.036897	-0.052107	0.989363	0.333751	0.326332	0.221393	0.031679	0.003865	-0.474933	0.879443	
 1687526892.357393	1687526892.262714	7.315022	-42.442113	-1.589179	0.287573	0.287651	0.240219	-0.034431	-0.046014	0.991268	0.331679	0.374408	0.247930	0.028418	0.004200	-0.475741	0.879116	
 1687526892.766015	1687526892.766274	7.387147	-42.521345	-1.560755	0.297208	0.297202	0.245144	-0.047457	-0.036784	0.992731	0.331120	0.360295	0.253085	0.027464	0.012104	-0.476402	0.878715	
 1687526893.172546	1687526893.169657	7.482513	-42.610948	-1.550493	0.295667	0.295466	0.244908	-0.049732	-0.042739	1.002612	0.378125	0.319692	0.252806	0.030679	0.011534	-0.480779	0.876229	
 1687526893.577532	1687526893.571809	7.576587	-42.701537	-1.563435	0.299342	0.299123	0.246283	-0.044512	-0.043744	1.009984	0.393835	0.343360	0.254238	0.029900	0.008894	-0.483991	0.874517	
 1687526893.981411	1687526893.975242	7.644851	-42.784881	-1.581045	0.297534	0.297442	0.245620	-0.040624	-0.042127	1.009133	0.373061	0.349026	0.253603	0.028250	0.007596	-0.483596	0.874803	
 1687526894.384294	1687526894.380137	7.709505	-42.889899	-1.603889	0.292106	0.292146	0.243402	-0.036113	-0.044842	1.018003	0.341586	0.329728	0.251232	0.028370	0.004840	-0.487457	0.872672	
 1687526894.789608	1687526894.783951	7.761859	-42.980098	-1.628030	0.296336	0.296582	0.245083	-0.038351	-0.041024	1.020324	0.330425	0.344403	0.252989	0.027257	0.006716	-0.488469	0.872129	
 1687526895.195300	1687526895.187237	7.829657	-43.104066	-1.649009	0.293116	0.293279	0.243379	-0.041487	-0.040089	1.011160	0.333337	0.325646	0.251285	0.027575	0.008439	-0.484477	0.874328	
 1687526895.600681	1687526895.595187	7.899525	-43.228756	-1.655023	0.300167	0.300188	0.246092	-0.040763	-0.037449	1.007640	0.351924	0.329177	0.254122	0.026231	0.008807	-0.482924	0.875225	
 1687526896.007103	1687526895.998341	7.960111	-43.320533	-1.643685	0.297193	0.297092	0.245054	-0.043999	-0.040810	1.004242	0.350364	0.321488	0.253096	0.028465	0.009461	-0.481463	0.875953	
 1687526896.410706	1687526896.402769	8.030399	-43.414509	-1.629732	0.301768	0.301701	0.247020	-0.037991	-0.040683	1.002591	0.366457	0.335408	0.255170	0.026960	0.006881	-0.480715	0.876435	
 1687526896.825497	1687526896.807476	8.079454	-43.483195	-1.612927	0.297201	0.297281	0.245335	-0.053451	-0.045019	0.988905	0.341405	0.334648	0.253229	0.032483	0.012839	-0.474790	0.879406	
 1687526897.234544	1687526897.209403	8.142442	-43.553736	-1.618168	0.301481	0.301561	0.247271	-0.041430	-0.040103	1.004857	0.423068	0.360374	0.255544	0.027541	0.008497	-0.481719	0.875851	
 1687526897.640362	1687526897.611747	8.222040	-43.644155	-1.630007	0.301920	0.302253	0.247599	-0.040060	-0.039979	1.009747	0.358733	0.335449	0.255634	0.027177	0.007860	-0.483853	0.874692	
 1687526898.044823	1687526898.015936	8.282237	-43.735643	-1.649246	0.292672	0.292948	0.243484	-0.034388	-0.039586	1.005588	0.349719	0.331353	0.251434	0.025623	0.005527	-0.482008	0.875774	
 1687526898.451525	1687526898.422017	8.354403	-43.834286	-1.665715	0.298252	0.298401	0.245736	-0.040554	-0.042704	1.006851	0.327067	0.330041	0.253821	0.028477	0.007458	-0.482599	0.875347	
 1687526898.857868	1687526898.826158	8.415790	-43.930093	-1.675922	0.300298	0.300367	0.246366	-0.042869	-0.042956	0.989781	0.356001	0.345614	0.254552	0.029072	0.008660	-0.475122	0.879397	
 1687526899.266534	1687526899.229848	8.464584	-44.013712	-1.677222	0.294469	0.294468	0.243926	-0.043945	-0.044488	0.997275	0.365464	0.346892	0.251999	0.030034	0.008656	-0.478425	0.877572	
 1687526899.672109	1687526899.632373	8.514161	-44.112977	-1.673455	0.293874	0.293861	0.243530	-0.048858	-0.035706	1.000425	0.362934	0.345705	0.251548	0.027373	0.012871	-0.479775	0.876870	
 1687526900.075527	1687526900.035669	8.560800	-44.209564	-1.661599	0.299223	0.299259	0.245680	-0.047648	-0.036512	1.014640	0.390004	0.319083	0.253753	0.027523	0.011952	-0.485998	0.873445	
 1687526900.482521	1687526900.440585	8.616255	-44.299637	-1.652634	0.297846	0.297988	0.245423	-0.037530	-0.034960	1.005109	0.385705	0.321463	0.253570	0.024352	0.008023	-0.481795	0.875909	
 1687526900.785652	1687526900.745090	8.684124	-44.392944	-1.643453	0.241257	0.241426	0.215587	-0.036658	-0.040993	0.996594	0.293422	0.273074	0.222249	0.026757	0.006302	-0.478080	0.877886	
 1687526901.194901	1687526901.147195	8.746023	-44.516350	-1.644946	0.293830	0.294042	0.243444	-0.043571	-0.031379	1.002383	0.326736	0.326125	0.251173	0.024221	0.011566	-0.480598	0.876530	
 1687526901.598495	1687526901.552680	8.801805	-44.634102	-1.655950	0.295372	0.295310	0.244392	-0.040187	-0.031264	1.031789	0.353998	0.298626	0.252259	0.023505	0.009766	-0.493427	0.869415	
 1687526902.004661	1687526901.960034	8.856107	-44.719259	-1.671875	0.294642	0.294652	0.244154	-0.035115	-0.038476	1.036522	0.342563	0.297859	0.252147	0.025403	0.005720	-0.495496	0.868220	
 1687526902.410559	1687526902.362981	8.926402	-44.829100	-1.691212	0.294636	0.294808	0.244292	-0.033358	-0.044548	1.028724	0.323221	0.318030	0.252318	0.027591	0.003561	-0.492113	0.870087	
 1687526902.713818	1687526902.666750	8.988393	-44.928102	-1.712550	0.240339	0.240491	0.214972	-0.027166	-0.044746	1.032605	0.280636	0.299428	0.221518	0.026157	0.000766	-0.493763	0.869203	
 1687526903.117077	1687526903.069124	9.043501	-45.047458	-1.726195	0.289428	0.289614	0.241044	-0.034578	-0.038739	1.025367	0.293076	0.332546	0.248637	0.025354	0.005564	-0.490644	0.870973	
 1687526903.520321	1687526903.472128	9.088754	-45.137730	-1.720514	0.292010	0.292018	0.242227	-0.031169	-0.042532	1.022950	0.320500	0.318336	0.250175	0.026167	0.003179	-0.489583	0.871558	
 1687526903.824540	1687526903.774886	9.142341	-45.234368	-1.699545	0.240910	0.240937	0.214960	-0.017618	-0.050279	1.008375	0.272491	0.291085	0.221783	0.026262	-0.004433	-0.483119	0.875150	
 1687526904.229818	1687526904.183182	9.185766	-45.299506	-1.678442	0.293081	0.293308	0.243147	-0.025096	-0.044998	1.011207	0.272654	0.357015	0.251068	0.025757	0.000080	-0.484422	0.874455	
 1687526904.633851	1687526904.586992	9.234974	-45.396299	-1.670480	0.294948	0.295164	0.244446	-0.031213	-0.042139	1.027291	0.291000	0.337737	0.252466	0.026013	0.003238	-0.491473	0.870498	
 1687526904.936760	1687526904.895227	9.288897	-45.469991	-1.684274	0.237957	0.238054	0.213873	-0.025341	-0.045018	1.044767	0.270603	0.287410	0.220097	0.025824	-0.000252	-0.499028	0.866201	
 1687526905.343715	1687526905.299699	9.347508	-45.583794	-1.704808	0.289948	0.290066	0.241624	-0.038841	-0.034831	1.049309	0.287389	0.330181	0.249008	0.024795	0.008083	-0.501036	0.865033	
 1687526905.747479	1687526905.702846	9.401138	-45.691057	-1.720573	0.296070	0.296000	0.244534	-0.042589	-0.040569	1.044241	0.336109	0.305834	0.252481	0.028194	0.008339	-0.498878	0.866173	
 1687526906.155330	1687526906.139333	9.463364	-45.827670	-1.735801	0.296981	0.296908	0.245006	-0.028294	-0.044564	1.050566	0.346856	0.320259	0.253052	0.026367	0.001065	-0.501556	0.864723	
 1687526906.563924	1687526906.542769	9.528811	-45.958007	-1.741443	0.294271	0.294258	0.243959	-0.015037	-0.048482	1.050375	0.297785	0.330049	0.252028	0.024740	-0.005649	-0.501372	0.864860	
 1687526906.867342	1687526906.846290	9.594452	-46.046204	-1.741847	0.243157	0.243241	0.216467	-0.005641	-0.050672	1.056259	0.236413	0.301424	0.223188	0.023302	-0.010330	-0.503817	0.863435	
 1687526907.272055	1687526907.249844	9.643391	-46.126246	-1.728936	0.294439	0.294587	0.243430	-0.023770	-0.048732	1.017381	0.252863	0.337991	0.251174	0.027064	-0.001488	-0.487108	0.872921	
 1687526907.682567	1687526907.655519	9.690360	-46.218115	-1.716294	0.291694	0.291639	0.242711	-0.026809	-0.048210	1.017632	0.281039	0.331880	0.250525	0.027575	-0.000038	-0.487240	0.872832	
 1687526908.089983	1687526908.062671	9.735487	-46.295499	-1.711194	0.299461	0.299412	0.246162	-0.035024	-0.043464	1.010738	0.293477	0.338214	0.254224	0.027487	0.004800	-0.484275	0.874471	
 1687526908.494847	1687526908.464234	9.785260	-46.342952	-1.718225	0.295835	0.295833	0.244770	-0.035986	-0.037366	1.015080	0.316988	0.326100	0.252840	0.025067	0.006643	-0.486159	0.873485	
 1687526908.798907	1687526908.767366	9.843867	-46.401973	-1.728479	0.243486	0.243463	0.216881	-0.030574	-0.040656	1.010978	0.279745	0.270053	0.223605	0.025183	0.003530	-0.484351	0.874504	
 1687526909.202223	1687526909.172453	9.905185	-46.497087	-1.739920	0.289404	0.289389	0.241330	-0.033322	-0.037926	1.021134	0.295278	0.307628	0.248990	0.024681	0.005268	-0.488792	0.872035	
 1687526909.607424	1687526909.576398	9.973037	-46.602029	-1.748340	0.297159	0.297081	0.244880	-0.026142	-0.039010	1.047400	0.308267	0.306248	0.252858	0.023423	0.001564	-0.500171	0.865609	
 1687526910.013921	1687526909.984311	10.043752	-46.685838	-1.748418	0.297510	0.297472	0.245170	-0.028423	-0.044901	1.044806	0.290331	0.309335	0.253169	0.026542	0.001112	-0.499064	0.866158	
 1687526910.417264	1687526910.388163	10.118641	-46.788317	-1.741840	0.293907	0.293865	0.243736	-0.022458	-0.050982	1.034996	0.294195	0.322564	0.251785	0.027702	-0.002853	-0.494764	0.868581	
 1687526910.821486	1687526910.791808	10.188183	-46.868521	-1.735384	0.296829	0.296823	0.245148	-0.030808	-0.047089	1.035610	0.282689	0.344962	0.253278	0.028076	0.001729	-0.495093	0.868384	
 1687526911.225152	1687526911.196070	10.238380	-46.918294	-1.737724	0.295760	0.295664	0.244771	-0.034074	-0.043508	1.021705	0.305825	0.337129	0.252853	0.027300	0.004224	-0.489058	0.871814	
 1687526911.633560	1687526911.600873	10.297891	-46.981063	-1.747401	0.298855	0.298745	0.245840	-0.037084	-0.041169	1.008691	0.314007	0.324648	0.253979	0.026975	0.006284	-0.483383	0.874971	
 1687526911.937350	1687526911.903965	10.353468	-47.023556	-1.752636	0.242922	0.242860	0.216219	-0.030820	-0.043670	1.004418	0.286452	0.282534	0.222942	0.026551	0.002995	-0.481486	0.876046	
 1687526912.343646	1687526912.307689	10.420160	-47.091037	-1.747472	0.287886	0.287902	0.240375	-0.033864	-0.042774	0.994748	0.297447	0.317973	0.248051	0.026868	0.004674	-0.477260	0.878339	
 1687526912.748440	1687526912.709960	10.479082	-47.140666	-1.742610	0.299988	0.300015	0.246198	-0.035087	-0.036493	1.017185	0.315853	0.326820	0.254331	0.024475	0.006436	-0.487072	0.872995	
 1687526913.153113	1687526913.113362	10.544445	-47.215858	-1.742544	0.295945	0.295847	0.244914	-0.036971	-0.038595	1.018922	0.314566	0.303600	0.252822	0.025856	0.006725	-0.487844	0.872522	
 1687526913.556712	1687526913.520555	10.604357	-47.290337	-1.747056	0.300074	0.299945	0.246425	-0.035886	-0.039978	1.035190	0.325185	0.313503	0.254552	0.026242	0.005701	-0.494925	0.868521	
 1687526913.861708	1687526913.829040	10.642410	-47.361528	-1.763106	0.238946	0.238922	0.214018	-0.008597	-0.059715	1.019202	0.280582	0.275882	0.220616	0.028156	-0.010812	-0.487719	0.872480	
 1687526914.266075	1687526914.233419	10.701469	-47.428153	-1.770041	0.289425	0.289600	0.241429	-0.024477	-0.060037	1.025377	0.255689	0.367481	0.249026	0.032153	-0.004061	-0.490584	0.870791	
 1687526914.672982	1687526914.636808	10.757565	-47.521783	-1.773390	0.293762	0.293839	0.243547	-0.025354	-0.054782	1.000982	0.286157	0.370398	0.251624	0.030107	-0.002023	-0.479943	0.876781	
 1687526914.984453	1687526914.939303	10.809831	-47.597377	-1.778678	0.241038	0.241081	0.215389	-0.015488	-0.055051	1.028440	0.255506	0.316389	0.222014	0.027770	-0.006797	-0.491841	0.870216	
 1687526915.389356	1687526915.343817	10.896890	-47.681858	-1.775480	0.297749	0.297759	0.244910	-0.041817	-0.047409	1.013928	0.268381	0.351398	0.252736	0.030864	0.006767	-0.485716	0.873545	
 1687526915.692633	1687526915.646992	10.970755	-47.753806	-1.778739	0.238089	0.237990	0.213591	-0.027479	-0.049821	0.997585	0.296004	0.293513	0.220027	0.028441	0.000148	-0.478472	0.877642	
 1687526916.099273	1687526916.050924	11.049381	-47.844759	-1.786237	0.294267	0.294077	0.243503	-0.037476	-0.044419	1.006417	0.292814	0.339546	0.251125	0.028485	0.005703	-0.482400	0.875469	
 1687526916.506365	1687526916.456357	11.104831	-47.923376	-1.797009	0.291951	0.291629	0.242939	-0.036392	-0.040805	1.018412	0.322516	0.325601	0.250705	0.026678	0.005940	-0.487626	0.872625	
 1687526916.913180	1687526916.858627	11.159497	-48.020085	-1.810115	0.298930	0.298740	0.245951	-0.021858	-0.053501	0.979391	0.320768	0.316405	0.254011	0.028741	-0.002939	-0.470419	0.881970	
 1687526917.318114	1687526917.262715	11.229779	-48.117585	-1.813334	0.296135	0.296158	0.244712	-0.038189	-0.042459	1.009387	0.281816	0.354941	0.252747	0.027808	0.006446	-0.483697	0.874770	
 1687526917.721852	1687526917.667747	11.281346	-48.214053	-1.821188	0.298536	0.298379	0.245808	-0.033114	-0.047410	0.986403	0.329794	0.324882	0.253925	0.028712	0.003358	-0.473596	0.880268	
 1687526918.125083	1687526918.071157	11.351099	-48.316931	-1.823245	0.297638	0.297531	0.245305	-0.036980	-0.040155	1.010876	0.305324	0.328216	0.253321	0.026513	0.006455	-0.484335	0.874457	
 1687526918.532109	1687526918.475403	11.405843	-48.398280	-1.820453	0.295642	0.295365	0.244551	-0.032009	-0.041405	0.985523	0.317042	0.309600	0.252478	0.025805	0.004305	-0.473191	0.880572	
 1687526918.838982	1687526918.779031	11.468424	-48.477842	-1.818233	0.242942	0.242837	0.216438	-0.029215	-0.042782	0.993963	0.266691	0.275686	0.223226	0.025762	0.002640	-0.476889	0.878582	
 1687526919.243588	1687526919.182212	11.518195	-48.537050	-1.820978	0.292152	0.292086	0.242610	-0.040722	-0.042605	0.989586	0.294040	0.314949	0.250451	0.028408	0.007801	-0.475025	0.879479	
 1687526919.651636	1687526919.584811	11.581967	-48.619659	-1.832783	0.296142	0.296098	0.244519	-0.040377	-0.036357	1.001498	0.327375	0.316272	0.252499	0.025632	0.008981	-0.480227	0.876723	
 1687526920.061683	1687526919.992009	11.643575	-48.717120	-1.839819	0.297410	0.297475	0.245218	-0.046235	-0.030727	1.005656	0.327723	0.301521	0.253163	0.024596	0.012850	-0.482031	0.875715	
 1687526920.465804	1687526920.400462	11.708574	-48.809852	-1.859032	0.301543	0.301444	0.247075	-0.035257	-0.036201	1.022570	0.352567	0.292655	0.255187	0.024406	0.006516	-0.489420	0.871682	
 1687526920.871186	1687526920.803877	11.770661	-48.939522	-1.868327	0.295616	0.295616	0.244619	-0.039197	-0.033041	0.989437	0.310564	0.298185	0.252633	0.023840	0.009403	-0.474913	0.879660	
 1687526921.278307	1687526921.206837	11.824565	-49.051337	-1.870356	0.301121	0.300994	0.246855	-0.041340	-0.030808	1.021775	0.327702	0.297176	0.254927	0.023539	0.010498	-0.489067	0.871865	
 1687526921.688049	1687526921.611965	11.875947	-49.178553	-1.867594	0.293989	0.293870	0.243846	-0.038466	-0.030776	1.000941	0.330161	0.287338	0.251816	0.022725	0.009489	-0.479952	0.876949	
 1687526922.094418	1687526922.016940	11.936633	-49.274531	-1.867488	0.296212	0.296173	0.244796	-0.038250	-0.030875	1.021672	0.321489	0.288501	0.252770	0.022812	0.009135	-0.489017	0.871928	
 1687526922.499059	1687526922.420135	11.991028	-49.358533	-1.875449	0.298334	0.298386	0.245758	-0.041175	-0.030980	0.998887	0.325063	0.290775	0.253819	0.023453	0.010652	-0.479058	0.877405	
 1687526922.903439	1687526922.824710	12.048072	-49.467628	-1.887607	0.299275	0.299385	0.246022	-0.043235	-0.029388	1.004120	0.331937	0.290822	0.254120	0.023278	0.011877	-0.481346	0.876141	
 1687526923.210410	1687526923.127620	12.098130	-49.554885	-1.898270	0.240187	0.240215	0.214663	-0.033531	-0.029368	1.014535	0.298236	0.251916	0.221200	0.020976	0.007520	-0.485885	0.873739	
 1687526923.615987	1687526923.532132	12.152744	-49.665647	-1.905730	0.297086	0.297239	0.244619	-0.040607	-0.032791	1.014920	0.307737	0.285081	0.252345	0.024190	0.009776	-0.486084	0.873522	
 1687526923.920917	1687526923.835650	12.203630	-49.754211	-1.911593	0.239964	0.240029	0.214581	-0.023926	-0.041020	1.025415	0.292342	0.259016	0.221116	0.023737	0.000363	-0.490614	0.871053	
 1687526924.324724	1687526924.238598	12.264506	-49.866878	-1.911060	0.295554	0.295909	0.243839	-0.040108	-0.038983	1.009396	0.282581	0.309800	0.251441	0.026752	0.008127	-0.483696	0.874789	
 1687526924.728707	1687526924.642894	12.315202	-49.965858	-1.911140	0.295928	0.295976	0.244328	-0.037421	-0.043532	1.008992	0.331807	0.310938	0.252413	0.028091	0.005856	-0.483524	0.874861	
 1687526925.134735	1687526925.046923	12.366276	-50.074401	-1.905715	0.295749	0.295805	0.244484	-0.037669	-0.043524	1.020810	0.320619	0.320432	0.252585	0.028182	0.005801	-0.488686	0.871985	
 1687526925.537875	1687526925.449170	12.402718	-50.162425	-1.888572	0.298647	0.298617	0.245897	-0.074881	-0.055322	0.986890	0.325471	0.323844	0.254108	0.042064	0.019863	-0.474062	0.879262	
 1687526925.941333	1687526925.866469	12.460097	-50.262929	-1.891391	0.295364	0.295449	0.244779	0.006908	-0.038703	1.043515	0.472821	0.362556	0.252891	0.015054	-0.012638	-0.498250	0.866810	
 1687526926.346506	1687526926.268121	12.545330	-50.356723	-1.903358	0.290997	0.292308	0.244066	-0.015142	-0.046887	1.045306	0.248647	0.291948	0.250748	0.024089	-0.005143	-0.499183	0.866146	
 1687526926.752920	1687526926.672185	12.618479	-50.439792	-1.917375	0.297558	0.298300	0.245922	-0.008660	-0.044407	1.042815	0.268073	0.326292	0.253648	0.021408	-0.007305	-0.498057	0.866849	
 1687526927.156297	1687526927.076493	12.698939	-50.535281	-1.933236	0.296257	0.296813	0.245082	-0.014992	-0.049328	1.048099	0.257209	0.310146	0.252813	0.025101	-0.005852	-0.500384	0.865420	
 1687526927.560263	1687526927.481956	12.748595	-50.614513	-1.931878	0.293045	0.293171	0.243301	-0.037232	-0.048154	1.013855	0.264899	0.325855	0.251170	0.030078	0.004583	-0.485661	0.873618	
 1687526927.968102	1687526927.885733	12.812593	-50.702161	-1.922594	0.295300	0.295256	0.244162	-0.027589	-0.054558	1.016460	0.320294	0.332620	0.252140	0.030536	-0.001226	-0.486733	0.873016	
 1687526928.371755	1687526928.290194	12.880385	-50.776301	-1.908739	0.302891	0.302888	0.247419	-0.028976	-0.053920	0.999089	0.296948	0.353252	0.255651	0.030597	-0.000199	-0.479144	0.877203	
 1687526928.778861	1687526928.695288	12.937616	-50.832984	-1.900882	0.296398	0.296398	0.244926	-0.034632	-0.050945	1.018785	0.299441	0.353406	0.253102	0.030674	0.002694	-0.487801	0.872412	
 1687526929.187917	1687526929.100270	12.998550	-50.917823	-1.894900	0.300292	0.300228	0.246531	-0.033575	-0.048798	1.021239	0.314473	0.341618	0.254764	0.029483	0.002720	-0.488861	0.871859	
 1687526929.591561	1687526929.504667	13.062486	-51.010117	-1.891937	0.298843	0.298755	0.246091	-0.050926	-0.053631	1.028662	0.311936	0.336514	0.254298	0.035856	0.008972	-0.492211	0.869691	
 1687526929.901078	1687526929.807751	13.130516	-51.089739	-1.913545	0.239304	0.239225	0.214421	-0.031699	-0.055348	1.028035	0.328404	0.311589	0.220959	0.031881	0.000192	-0.491811	0.870118	
 1687526930.304817	1687526930.214610	13.189236	-51.176235	-1.931631	0.297097	0.297084	0.244746	-0.046125	-0.050183	1.017280	0.307253	0.356730	0.252439	0.033133	0.007920	-0.487212	0.872619	
 1687526930.708405	1687526930.617494	13.246708	-51.287787	-1.961175	0.293289	0.293069	0.243689	-0.028343	-0.052005	1.007998	0.353966	0.342880	0.251534	0.029606	-0.000150	-0.483042	0.875096	
 1687526931.114011	1687526931.019161	13.310452	-51.397719	-1.965940	0.296010	0.296039	0.244372	-0.035470	-0.040668	1.009445	0.292278	0.335085	0.252300	0.026368	0.005689	-0.483704	0.874816	
 1687526931.520064	1687526931.522160	13.376094	-51.485254	-1.951231	0.294924	0.294773	0.244176	-0.042524	-0.039814	1.003239	0.310191	0.307210	0.252054	0.027670	0.009068	-0.481013	0.876230	
 1687526931.923793	1687526931.925768	13.454031	-51.590365	-1.941543	0.297715	0.297526	0.245521	-0.034373	-0.045130	1.007605	0.333259	0.308279	0.253491	0.028051	0.004155	-0.482905	0.875214	
 1687526932.331652	1687526932.329919	13.530467	-51.696422	-1.941749	0.296872	0.296813	0.245229	-0.036343	-0.044421	1.025524	0.310320	0.321858	0.253121	0.028261	0.004936	-0.490736	0.870836	
 1687526932.739139	1687526932.733215	13.590398	-51.777954	-1.948960	0.300222	0.300207	0.246760	-0.028413	-0.049048	1.027280	0.320370	0.323916	0.254833	0.028333	0.000322	-0.491457	0.870441	
 1687526933.143250	1687526933.136049	13.651547	-51.900322	-1.967624	0.299339	0.299497	0.246123	-0.027527	-0.049722	1.033182	0.295891	0.331567	0.254210	0.028408	-0.000314	-0.494017	0.868988	
 1687526933.547686	1687526933.538385	13.704324	-52.001489	-1.970192	0.294136	0.294221	0.243950	-0.036973	-0.052449	1.043595	0.292911	0.333517	0.251898	0.031939	0.002952	-0.498603	0.866237	
 1687526933.955535	1687526933.941993	13.746692	-52.138646	-1.978380	0.296124	0.296139	0.244743	-0.026602	-0.055439	1.036221	0.316253	0.336817	0.252782	0.030661	-0.002174	-0.495326	0.868163	
 1687526934.359010	1687526934.346390	13.787408	-52.269161	-1.983905	0.299645	0.299707	0.246119	-0.031766	-0.054198	1.056346	0.292255	0.349025	0.254203	0.031401	0.000060	-0.504079	0.863086	
 1687526934.765241	1687526934.752896	13.829917	-52.357008	-1.987457	0.298847	0.298855	0.245750	-0.029570	-0.053380	1.048102	0.307674	0.349874	0.253830	0.030498	-0.000556	-0.500500	0.865199	
 1687526935.171554	1687526935.161894	13.884350	-52.460281	-1.986925	0.296825	0.296805	0.244871	-0.029693	-0.053019	1.023954	0.298658	0.342294	0.252848	0.030375	-0.000046	-0.490019	0.871183	
 1687526935.575548	1687526935.566592	13.936875	-52.550676	-1.979407	0.298381	0.298292	0.245631	-0.035858	-0.049532	1.007949	0.301409	0.347053	0.253631	0.030336	0.003738	-0.483073	0.875047	
 1687526935.882126	1687526935.870048	13.993745	-52.605189	-1.985262	0.243835	0.243775	0.217048	-0.022591	-0.049900	1.016458	0.283661	0.301935	0.223725	0.027288	-0.002275	-0.486695	0.873143	
 1687526936.287768	1687526936.274379	14.050859	-52.656514	-1.986125	0.290681	0.290765	0.241908	-0.026013	-0.052213	1.039910	0.277583	0.325431	0.249429	0.029112	-0.001685	-0.496924	0.867304	
 1687526936.690774	1687526936.679515	14.098677	-52.739066	-1.982688	0.293090	0.293057	0.243376	-0.032701	-0.046427	1.028544	0.286924	0.333766	0.251200	0.028247	0.002815	-0.492033	0.870114	
 1687526936.993976	1687526936.983555	14.144279	-52.793362	-1.992626	0.239249	0.239196	0.214331	-0.022119	-0.051522	1.043789	0.268597	0.284161	0.220554	0.027839	-0.003256	-0.498575	0.866394	
 1687526937.399918	1687526937.391977	14.195974	-52.876383	-1.996092	0.294037	0.294052	0.243183	-0.035419	-0.047116	1.015268	0.278993	0.332873	0.250677	0.029188	0.004022	-0.486264	0.873315	
 1687526937.802947	1687526937.796776	14.239049	-52.936162	-1.995308	0.298143	0.297928	0.245513	-0.038167	-0.045723	1.008591	0.317871	0.331259	0.253498	0.029228	0.005659	-0.483359	0.874916	
 1687526938.206725	1687526938.201650	14.300539	-53.015297	-1.994751	0.293294	0.293130	0.243524	-0.034082	-0.045035	1.010909	0.325634	0.327817	0.251443	0.027946	0.004005	-0.484348	0.874420	
 1687526938.610702	1687526938.604395	14.363323	-53.093878	-1.990759	0.294549	0.294387	0.244004	-0.032315	-0.044257	1.021975	0.312029	0.324132	0.251977	0.027197	0.003270	-0.489167	0.871760	
 1687526939.014473	1687526939.007771	14.413891	-53.146568	-1.980966	0.296400	0.296236	0.244896	-0.036162	-0.043122	1.034754	0.309469	0.324257	0.252873	0.027675	0.005048	-0.494745	0.868583	
 1687526939.422085	1687526939.412175	14.483518	-53.218847	-1.980334	0.295580	0.295478	0.244715	-0.028213	-0.047792	1.040729	0.319226	0.318827	0.252705	0.027740	0.000357	-0.497298	0.867136	
 1687526939.825014	1687526939.816564	14.553092	-53.297500	-1.994280	0.299722	0.299772	0.246492	-0.032701	-0.047913	1.047260	0.299910	0.334882	0.254596	0.028915	0.002179	-0.500156	0.865450	
 1687526940.128128	1687526940.120363	14.606561	-53.372018	-2.010176	0.239723	0.239759	0.214608	-0.024401	-0.050462	1.050736	0.273571	0.294060	0.220984	0.027941	-0.002100	-0.501601	0.864645	
 1687526940.535680	1687526940.523965	14.656047	-53.450559	-2.020253	0.294503	0.294545	0.243382	-0.031992	-0.051072	1.042671	0.286114	0.334736	0.251050	0.030102	0.001151	-0.498167	0.866558	
 1687526940.941151	1687526940.927862	14.711182	-53.553599	-2.021125	0.299772	0.299716	0.246020	-0.033165	-0.053903	1.037795	0.308589	0.340522	0.254182	0.031618	0.001031	-0.496063	0.867710	
 1687526941.346950	1687526941.333368	14.748096	-53.664517	-2.019070	0.296003	0.295916	0.244708	-0.038645	-0.051917	1.035200	0.312519	0.351277	0.252815	0.032108	0.003944	-0.494973	0.868306	
 1687526941.754534	1687526941.738069	14.779310	-53.738143	-2.016924	0.299493	0.299335	0.246145	-0.042441	-0.047182	1.039854	0.333469	0.350432	0.254288	0.031006	0.006693	-0.497001	0.867170	
 1687526942.162952	1687526942.142011	14.806657	-53.834224	-2.011258	0.299319	0.299016	0.246166	-0.045414	-0.043773	1.013781	0.343119	0.332883	0.254074	0.030148	0.009224	-0.485654	0.873582	
 1687526942.566437	1687526942.548397	14.831841	-53.911396	-2.007475	0.299315	0.298973	0.246274	-0.046786	-0.041045	1.005879	0.356127	0.327634	0.254241	0.029247	0.010602	-0.482190	0.875514	
 1687526942.974220	1687526942.955449	14.858801	-53.946606	-2.010772	0.292750	0.292485	0.243525	-0.046188	-0.036774	0.998706	0.361511	0.320057	0.251268	0.027193	0.011467	-0.479022	0.877307	
 1687526943.281347	1687526943.258801	14.891847	-53.975999	-2.018436	0.240492	0.240436	0.214705	-0.039291	-0.041279	0.985237	0.312805	0.269913	0.221017	0.027469	0.007546	-0.473100	0.880548	
 1687526943.684675	1687526943.662909	14.940328	-54.038908	-2.034082	0.298391	0.298700	0.244946	-0.019551	-0.030965	1.007486	0.328270	0.316139	0.252681	0.018276	0.001087	-0.482759	0.875562	
 1687526943.992532	1687526943.965159	14.981375	-54.087622	-2.032119	0.238662	0.238924	0.214307	-0.026883	-0.035768	1.011368	0.239296	0.249364	0.220159	0.022153	0.003095	-0.484495	0.874508	
 1687526944.401178	1687526944.368450	15.026107	-54.171466	-2.036938	0.296238	0.296708	0.244231	0.016100	-0.018466	1.077561	0.289310	0.295732	0.251391	0.003794	-0.011646	-0.512987	0.858309	
 1687526944.805674	1687526944.773703	15.071909	-54.257681	-2.012870	0.296678	0.297767	0.245728	-0.061495	-0.027228	1.027421	0.259208	0.255283	0.252710	0.026957	0.020085	-0.491499	0.870229	
 1687526945.210985	1687526945.177926	15.118652	-54.315989	-2.010863	0.298799	0.298850	0.246633	-0.041559	-0.033741	1.021215	0.416768	0.285693	0.253929	0.024868	0.009883	-0.488838	0.871964	
 1687526945.619553	1687526945.583117	15.184061	-54.391696	-2.013969	0.296176	0.296302	0.245198	-0.039307	-0.031630	1.034646	0.332978	0.294398	0.252991	0.023460	0.009259	-0.494668	0.868716	
 1687526946.026055	1687526945.987330	15.246622	-54.459182	-2.030084	0.296882	0.297022	0.245455	-0.028672	-0.033388	1.038807	0.328553	0.290976	0.253573	0.021605	0.004158	-0.496450	0.867787	
 1687526946.431690	1687526946.391544	15.319092	-54.552028	-2.051732	0.300132	0.300358	0.246711	-0.025762	-0.038963	1.053796	0.295712	0.291747	0.254809	0.023313	0.001337	-0.502934	0.864009	
 1687526946.835261	1687526946.795988	15.386639	-54.653109	-2.067747	0.293726	0.293907	0.243739	-0.023198	-0.044058	1.057438	0.287124	0.301818	0.251798	0.024868	-0.001098	-0.504492	0.863058	
 1687526947.239072	1687526947.201431	15.444809	-54.733143	-2.076037	0.299021	0.299171	0.245798	-0.022644	-0.049821	1.054909	0.285868	0.320140	0.254017	0.027218	-0.002756	-0.503391	0.863626	
 1687526947.641845	1687526947.609803	15.502894	-54.832292	-2.074892	0.295047	0.295142	0.244102	-0.023259	-0.052520	1.028175	0.282049	0.330554	0.252233	0.028578	-0.002788	-0.491803	0.870233	
 1687526948.047113	1687526948.011991	15.545467	-54.901269	-2.068592	0.297152	0.297210	0.244919	-0.028326	-0.051885	1.019654	0.286350	0.344878	0.253145	0.029548	-0.000301	-0.488134	0.872268	
 1687526948.451096	1687526948.417594	15.590758	-54.983114	-2.060713	0.300083	0.300110	0.246388	-0.026827	-0.046259	1.010707	0.299573	0.344255	0.254679	0.026726	0.000538	-0.484215	0.874541	
 1687526948.854595	1687526948.821412	15.661189	-55.052791	-2.066840	0.297680	0.297731	0.245352	-0.031339	-0.046292	1.021749	0.293771	0.326802	0.253547	0.027845	0.002350	-0.489066	0.871799	
 1687526949.260350	1687526949.222580	15.725771	-55.109981	-2.081462	0.298956	0.298965	0.245790	-0.023783	-0.046013	1.021506	0.308992	0.331808	0.254046	0.025879	-0.000874	-0.488909	0.871951	
 1687526949.667058	1687526949.626385	15.812176	-55.186439	-2.091501	0.298205	0.298338	0.245519	-0.034278	-0.040735	1.033425	0.287147	0.326653	0.253719	0.026170	0.004838	-0.494153	0.868968	
 1687526950.074074	1687526950.029089	15.902651	-55.289251	-2.102025	0.298017	0.297881	0.245516	-0.036773	-0.049317	1.025820	0.316428	0.315248	0.253677	0.030499	0.003918	-0.490878	0.870686	
 1687526950.480761	1687526950.433114	15.981064	-55.381579	-2.106988	0.300546	0.300395	0.246461	-0.043748	-0.047107	1.035482	0.328798	0.344911	0.254702	0.031282	0.007347	-0.495110	0.868236	
 1687526950.884808	1687526950.836276	16.059829	-55.497269	-2.110956	0.299657	0.299460	0.246070	-0.039263	-0.046848	1.023070	0.350921	0.336045	0.254244	0.030026	0.005650	-0.489689	0.871362	
 1687526951.289138	1687526951.244535	16.120372	-55.595636	-2.111317	0.299143	0.298968	0.245905	-0.034656	-0.046915	1.030535	0.337023	0.337727	0.253985	0.028943	0.003517	-0.492912	0.869591	
 1687526951.695261	1687526951.649536	16.189027	-55.707689	-2.113314	0.297057	0.297007	0.245203	-0.032986	-0.047782	1.026788	0.317981	0.332511	0.253299	0.028904	0.002631	-0.491273	0.870522	
 1687526951.998618	1687526951.953281	16.250832	-55.798289	-2.119786	0.238639	0.238637	0.213643	-0.023477	-0.048794	1.024037	0.274402	0.294395	0.220281	0.027014	-0.001721	-0.490008	0.871298	
 1687526952.402899	1687526952.357773	16.320413	-55.905062	-2.130521	0.296069	0.296183	0.244097	-0.031017	-0.048976	1.022473	0.285437	0.333494	0.251949	0.028938	0.001543	-0.489382	0.871588	
 1687526952.812856	1687526952.762646	16.396731	-56.000051	-2.136684	0.298189	0.298215	0.245252	-0.022602	-0.043752	1.084525	0.307300	0.338767	0.253319	0.024566	-0.001611	-0.516130	0.856156	
 1687526953.124164	1687526953.065300	16.463492	-56.058857	-2.133408	0.243504	0.243507	0.216695	-0.016190	-0.051815	1.118410	0.251242	0.282234	0.223468	0.026251	-0.006883	-0.530495	0.847254	
 1687526953.531084	1687526953.468696	16.514347	-56.115058	-2.122058	0.297485	0.297438	0.245005	-0.044263	-0.050138	1.114226	0.270511	0.337186	0.252859	0.032968	0.005527	-0.528913	0.848017	
 1687526953.937002	1687526953.872391	16.576143	-56.181351	-2.132123	0.297468	0.297326	0.245339	-0.019195	-0.053663	1.151627	0.350641	0.336268	0.253363	0.027725	-0.006561	-0.544512	0.838269	
 1687526954.341264	1687526954.274975	16.632778	-56.261702	-2.140866	0.297359	0.297468	0.245373	-0.036524	-0.049786	1.203048	0.275841	0.338719	0.253265	0.030849	0.000968	-0.566005	0.823824	
 1687526954.749545	1687526954.677887	16.664059	-56.328606	-2.141730	0.298939	0.298749	0.245981	-0.036169	-0.050760	1.205244	0.325365	0.331786	0.254003	0.031150	0.000512	-0.566908	0.823192	
 1687526955.054487	1687526954.980792	16.692530	-56.413228	-2.136196	0.242102	0.242028	0.215819	-0.024267	-0.050282	1.176179	0.282620	0.290518	0.222504	0.027643	-0.003853	-0.554810	0.831509	
 1687526955.458411	1687526955.384432	16.724390	-56.467304	-2.117624	0.296194	0.296111	0.244116	-0.036088	-0.053483	1.171840	0.287448	0.330435	0.251991	0.032249	0.000245	-0.553081	0.832503	
 1687526955.862880	1687526955.788131	16.768914	-56.527121	-2.102590	0.296213	0.296104	0.244683	-0.034390	-0.052742	1.164932	0.322894	0.340522	0.252807	0.031472	-0.000149	-0.550191	0.834446	
 1687526956.271571	1687526956.191734	16.805091	-56.566644	-2.093470	0.296986	0.296887	0.245179	-0.036466	-0.048922	1.205806	0.320253	0.341923	0.253328	0.030478	0.001146	-0.567140	0.823057	
 1687526956.678799	1687526956.595667	16.851154	-56.618670	-2.089772	0.295522	0.295348	0.244884	-0.039165	-0.046597	1.222635	0.323248	0.324692	0.252837	0.030309	0.002662	-0.574055	0.818251	
 1687526957.084794	1687526956.999496	16.889555	-56.673847	-2.094646	0.295911	0.295788	0.244849	-0.043149	-0.037507	1.231237	0.334573	0.320021	0.252854	0.027762	0.006783	-0.577558	0.815849	
 1687526957.488360	1687526957.403388	16.920447	-56.732975	-2.102669	0.297622	0.297397	0.245556	-0.041548	-0.044744	1.222483	0.351368	0.298869	0.253484	0.030234	0.004172	-0.573998	0.818288	
 1687526957.892693	1687526957.805803	16.962315	-56.821492	-2.109447	0.298186	0.298100	0.245647	-0.044032	-0.044445	1.216159	0.344113	0.315089	0.253675	0.030807	0.005372	-0.571414	0.820066	
 1687526958.296406	1687526958.208780	16.991461	-56.894772	-2.109173	0.296122	0.296076	0.244754	-0.045032	-0.040326	1.210624	0.356308	0.315992	0.252863	0.029383	0.007041	-0.569132	0.821691	
 1687526958.700102	1687526958.614100	17.032860	-56.996895	-2.107826	0.298553	0.298422	0.245840	-0.045137	-0.032141	1.189083	0.354433	0.302887	0.253928	0.025948	0.009693	-0.560215	0.827884	
 1687526959.104782	1687526959.017154	17.076372	-57.102010	-2.107283	0.297221	0.297081	0.245270	-0.033492	-0.022037	1.166068	0.353143	0.286068	0.253238	0.018415	0.007913	-0.550603	0.834527	
 1687526959.508911	1687526959.419665	17.105319	-57.190031	-2.109244	0.291100	0.291126	0.242919	-0.031641	-0.016836	1.148834	0.307858	0.265096	0.250569	0.015661	0.008707	-0.543370	0.839302	
 1687526959.915351	1687526959.830113	17.152051	-57.279964	-2.118977	0.298327	0.298375	0.246114	-0.032865	-0.014163	1.163381	0.303428	0.260986	0.253869	0.014944	0.009839	-0.549446	0.835337	
 1687526960.320198	1687526960.233744	17.200421	-57.362005	-2.141885	0.296753	0.296880	0.245384	-0.033941	-0.011644	1.156300	0.306277	0.257331	0.253178	0.014148	0.011030	-0.546470	0.837286	
 1687526960.724115	1687526960.638712	17.230451	-57.445745	-2.166849	0.298812	0.299074	0.245983	-0.026870	-0.002116	1.149767	0.311663	0.255925	0.253873	0.008193	0.010700	-0.543699	0.839172	
 1687526961.028970	1687526960.940938	17.263919	-57.536722	-2.187178	0.240090	0.240262	0.214601	-0.019902	0.000769	1.159156	0.250075	0.217031	0.221172	0.005128	0.008536	-0.547640	0.836655	
 1687526961.432637	1687526961.343968	17.302445	-57.660792	-2.195380	0.295071	0.295361	0.243874	-0.026234	-0.000941	1.155999	0.268164	0.245606	0.251491	0.007560	0.010729	-0.546308	0.837482	
 1687526961.841211	1687526961.746256	17.336099	-57.781041	-2.194739	0.297042	0.297138	0.244927	-0.025787	-0.001452	1.162087	0.283630	0.247356	0.252860	0.007684	0.010379	-0.548858	0.835816	
 1687526962.145883	1687526962.150070	17.354047	-57.873601	-2.188307	0.244346	0.244373	0.217317	-0.024193	-0.000685	1.169754	0.251758	0.219675	0.224156	0.006964	0.009896	-0.552060	0.833717	
 1687526962.560551	1687526962.553293	17.379461	-57.977579	-2.181763	0.294590	0.294691	0.243653	-0.010455	-0.011219	1.157733	0.276174	0.246063	0.251584	0.007555	0.001307	-0.547084	0.837043	
 1687526962.965957	1687526962.957985	17.411150	-58.066387	-2.177018	0.294953	0.295131	0.244142	-0.035960	0.000469	1.185889	0.256942	0.250327	0.252106	0.009853	0.015041	-0.558711	0.829167	
 1687526963.369401	1687526963.360896	17.447968	-58.174308	-2.182545	0.293239	0.293234	0.243512	-0.039284	-0.008176	1.185107	0.300678	0.245948	0.251542	0.014359	0.014009	-0.558435	0.829305	
 1687526963.772390	1687526963.763813	17.494180	-58.261121	-2.197394	0.295071	0.295216	0.244325	-0.035260	0.022735	1.262937	0.316824	0.250999	0.252391	0.001232	0.020938	-0.590039	0.807102	
 1687526964.180658	1687526964.167201	17.520122	-58.385207	-2.210182	0.296886	0.296797	0.244903	-0.040408	0.005153	1.183855	0.296404	0.253909	0.252852	0.009135	0.018203	-0.557802	0.829724	
 1687526964.587319	1687526964.570208	17.552286	-58.508036	-2.226907	0.293778	0.293724	0.243686	-0.032672	0.002508	1.236689	0.315076	0.245478	0.251689	0.008448	0.014037	-0.579592	0.814742	
 1687526964.992989	1687526964.972933	17.575598	-58.616721	-2.240934	0.302933	0.303028	0.247331	-0.035083	-0.004510	1.203371	0.299887	0.249301	0.255564	0.011787	0.013184	-0.565977	0.824232	
 1687526965.400134	1687526965.375759	17.604133	-58.738612	-2.242000	0.297722	0.297716	0.245343	-0.036088	-0.011401	1.196940	0.303730	0.249545	0.253581	0.014874	0.011696	-0.563363	0.825993	
 1687526965.803414	1687526965.777691	17.641128	-58.837568	-2.235805	0.298877	0.298862	0.245892	-0.061594	-0.010176	1.212870	0.312561	0.254902	0.254142	0.021728	0.022403	-0.569793	0.821195	
 1687526966.206571	1687526966.179633	17.670113	-58.972454	-2.246313	0.297756	0.297810	0.245378	-0.037166	-0.016279	1.177097	0.411796	0.255876	0.253558	0.017084	0.010937	-0.555166	0.831492	
 1687526966.610175	1687526966.584997	17.700636	-59.093466	-2.253704	0.295742	0.295802	0.244521	-0.046841	-0.019703	1.209070	0.316133	0.258423	0.252611	0.021413	0.013669	-0.568386	0.822370	
 1687526967.013573	1687526966.989467	17.730399	-59.182610	-2.270996	0.298516	0.298551	0.245669	-0.034778	-0.018700	1.207859	0.356362	0.264921	0.253956	0.017569	0.009003	-0.567904	0.822858	
 1687526967.421664	1687526967.393312	17.761774	-59.296292	-2.289198	0.290405	0.290559	0.242042	-0.030084	-0.026082	1.210409	0.307169	0.257604	0.250025	0.019280	0.004950	-0.568979	0.822111	
 1687526967.827284	1687526967.795681	17.791549	-59.412084	-2.298764	0.296262	0.296394	0.244564	-0.039370	-0.024150	1.222714	0.299838	0.269480	0.252601	0.021183	0.009188	-0.574021	0.818515	
 1687526968.235276	1687526968.199954	17.818673	-59.514521	-2.304818	0.297231	0.297352	0.244957	-0.035630	-0.033509	1.218533	0.332141	0.269279	0.253207	0.023930	0.005021	-0.572340	0.819652	
 1687526968.640564	1687526968.601949	17.858377	-59.630763	-2.309637	0.299371	0.299471	0.245907	-0.033811	-0.036004	1.217040	0.320062	0.283370	0.254186	0.024430	0.003579	-0.571729	0.820071	
 1687526969.051050	1687526969.004202	17.902021	-59.724655	-2.305861	0.299289	0.299366	0.245887	-0.046243	-0.034247	1.212386	0.317526	0.289091	0.254195	0.027238	0.009244	-0.569832	0.821257	
 1687526969.455286	1687526969.406696	17.944328	-59.855995	-2.305251	0.294918	0.294966	0.243966	-0.032597	-0.038670	1.196207	0.356158	0.284666	0.252182	0.025150	0.002581	-0.563156	0.825963	
 1687526969.863709	1687526969.808653	17.992956	-59.983252	-2.302566	0.298401	0.298512	0.245476	-0.035724	-0.040098	1.226023	0.313254	0.293422	0.253681	0.026669	0.003074	-0.575419	0.817418	
 1687526970.171138	1687526970.110952	18.037247	-60.074780	-2.300591	0.240899	0.240938	0.215163	-0.026484	-0.043283	1.234770	0.284558	0.259786	0.221888	0.025307	-0.001732	-0.578952	0.814967	
 1687526970.575306	1687526970.514468	18.076689	-60.183647	-2.307098	0.294340	0.294479	0.243568	-0.032632	-0.043518	1.233909	0.293101	0.296157	0.251371	0.027181	0.000718	-0.578629	0.815137	
 1687526970.979261	1687526970.917277	18.109478	-60.264611	-2.322790	0.299355	0.299481	0.245955	-0.036628	-0.038146	1.245049	0.316066	0.302636	0.254090	0.026168	0.003756	-0.583168	0.811921	
 1687526971.387101	1687526971.321098	18.144775	-60.389534	-2.340385	0.290577	0.290709	0.242035	-0.033415	-0.042095	1.236874	0.317739	0.283828	0.249837	0.026830	0.001409	-0.579839	0.814288	
 1687526971.792344	1687526971.723841	18.178348	-60.499819	-2.352349	0.300166	0.300302	0.246011	-0.026933	-0.046131	1.238483	0.317480	0.298177	0.254258	0.026593	-0.002423	-0.580464	0.813848	
 1687526972.200059	1687526972.126972	18.234382	-60.632570	-2.344728	0.298672	0.298798	0.245485	-0.046884	-0.039941	1.237607	0.297651	0.303030	0.253660	0.029855	0.007510	-0.580167	0.813915	
 1687526972.604718	1687526972.529377	18.288264	-60.770459	-2.328753	0.293382	0.293279	0.243573	-0.040316	-0.049042	1.209236	0.362865	0.293592	0.251609	0.031622	0.002644	-0.568568	0.822024	
 1687526973.011728	1687526972.934417	18.341327	-60.871664	-2.321200	0.297681	0.297598	0.245466	-0.041661	-0.046541	1.233599	0.346785	0.318007	0.253619	0.031021	0.003530	-0.578541	0.815056	
 1687526973.417152	1687526973.336658	18.396951	-60.986341	-2.324897	0.298673	0.298632	0.245965	-0.035810	-0.044254	1.224561	0.347395	0.308381	0.254106	0.028391	0.001934	-0.574827	0.817780	
 1687526973.824507	1687526973.739019	18.460375	-61.084157	-2.341549	0.299252	0.299318	0.246248	-0.036170	-0.048435	1.241119	0.328556	0.304807	0.254261	0.030210	0.000629	-0.581581	0.812927	
 1687526974.128772	1687526974.041420	18.524429	-61.163929	-2.364558	0.241646	0.241691	0.215613	-0.033399	-0.049084	1.245115	0.291601	0.275872	0.222325	0.029667	-0.000746	-0.583191	0.811793	
 1687526974.535880	1687526974.443331	18.580053	-61.252988	-2.373676	0.294283	0.294454	0.243285	-0.036191	-0.054847	1.215547	0.317531	0.308837	0.250982	0.032835	-0.000807	-0.571140	0.820195	
 1687526974.943439	1687526974.947641	18.625700	-61.376138	-2.381785	0.299801	0.299886	0.245802	-0.029644	-0.050350	1.209378	0.331166	0.325786	0.253961	0.029130	-0.002120	-0.568571	0.822116	
 1687526975.350328	1687526975.351284	18.671206	-61.494021	-2.371954	0.298572	0.298597	0.245670	-0.037645	-0.050086	1.214095	0.310073	0.314947	0.253695	0.031296	0.001172	-0.570552	0.820664	
 1687526975.755851	1687526975.753158	18.707666	-61.583245	-2.359718	0.299652	0.299612	0.246264	-0.035015	-0.046835	1.201924	0.339968	0.319566	0.254462	0.029206	0.001198	-0.565532	0.824208	
 1687526976.161998	1687526976.155798	18.761242	-61.678805	-2.349970	0.297073	0.297048	0.245377	-0.034601	-0.051377	1.195833	0.326818	0.309058	0.253429	0.030961	-0.000163	-0.563019	0.825864	
 1687526976.569314	1687526976.559320	18.824897	-61.771698	-2.349304	0.292218	0.292284	0.243049	-0.022256	-0.041121	1.196073	0.325268	0.318293	0.251037	0.023254	-0.002380	-0.563056	0.826088	
 1687526976.976262	1687526976.963017	18.867434	-61.849188	-2.352857	0.299646	0.299776	0.246428	-0.040783	-0.052108	1.220744	0.291215	0.297097	0.254390	0.033026	0.001774	-0.573294	0.818682	
 1687526977.380184	1687526977.367054	18.913688	-61.956063	-2.358123	0.300137	0.300167	0.246437	-0.047895	-0.052739	1.207415	0.346643	0.319246	0.254475	0.035289	0.004742	-0.567858	0.822356	
 1687526977.788854	1687526977.770027	18.951683	-62.057222	-2.366915	0.297162	0.296989	0.245187	-0.044609	-0.048851	1.217464	0.375941	0.323657	0.253204	0.032781	0.004329	-0.571962	0.819614	
 1687526978.096334	1687526978.071954	18.998446	-62.187853	-2.378757	0.243884	0.243850	0.216957	-0.031939	-0.040829	1.220286	0.316807	0.275093	0.223767	0.025876	0.001390	-0.573059	0.819104	
 1687526978.501750	1687526978.475568	19.023028	-62.303062	-2.381864	0.295427	0.295314	0.244102	-0.045887	-0.039236	1.200568	0.313172	0.292086	0.251799	0.029140	0.007849	-0.564991	0.824545	
 1687526978.904577	1687526978.879489	19.053258	-62.438149	-2.389466	0.297968	0.297740	0.245403	-0.038165	-0.037650	1.222711	0.363286	0.294661	0.253340	0.026362	0.004820	-0.574066	0.818370	
 1687526979.309487	1687526979.283093	19.086179	-62.565099	-2.391831	0.296862	0.296874	0.245039	-0.039264	-0.033159	1.220118	0.334166	0.288813	0.252945	0.024831	0.006591	-0.572994	0.819157	
 1687526979.716106	1687526979.684744	19.118081	-62.666148	-2.394392	0.298595	0.298546	0.246007	-0.039106	-0.034948	1.218166	0.341678	0.284081	0.254004	0.025512	0.006039	-0.572199	0.819696	
 1687526980.120567	1687526980.087817	19.168677	-62.780604	-2.403381	0.301588	0.301664	0.247272	-0.033704	-0.034827	1.228395	0.339667	0.286778	0.255298	0.023938	0.003736	-0.576373	0.816827	
 1687526980.526115	1687526980.491509	19.207715	-62.865216	-2.410536	0.292276	0.292378	0.243282	-0.033737	-0.034436	1.223094	0.318341	0.281622	0.251131	0.023778	0.003925	-0.574206	0.818356	
 1687526980.932976	1687526980.892989	19.257485	-62.961062	-2.418129	0.293582	0.293695	0.243669	-0.032163	-0.037540	1.223410	0.317678	0.280855	0.251594	0.024597	0.002385	-0.574336	0.818247	
 1687526981.341635	1687526981.295308	19.308977	-63.052109	-2.422669	0.299022	0.299163	0.245832	-0.031981	-0.041768	1.215391	0.317422	0.289178	0.253931	0.026269	0.001203	-0.571054	0.820491	
 1687526981.749000	1687526981.698827	19.351460	-63.139962	-2.425112	0.300197	0.300328	0.246327	-0.030727	-0.043051	1.206811	0.321798	0.300336	0.254560	0.026436	0.000435	-0.567524	0.822932	
 1687526982.153725	1687526982.100980	19.415251	-63.236485	-2.422843	0.300074	0.300150	0.246320	-0.032656	-0.047508	1.206155	0.315997	0.300811	0.254556	0.028817	-0.000027	-0.567264	0.823032	
 1687526982.560045	1687526982.503619	19.480283	-63.329835	-2.420594	0.294493	0.294545	0.244064	-0.034591	-0.044848	1.195500	0.322002	0.309587	0.252174	0.028262	0.001675	-0.562879	0.826054	
 1687526982.963710	1687526982.905831	19.523923	-63.419386	-2.424007	0.297655	0.297696	0.245368	-0.026001	-0.045393	1.160814	0.332744	0.308981	0.253575	0.026103	-0.001575	-0.548423	0.835792	
 1687526983.370096	1687526983.308753	19.592969	-63.516752	-2.430642	0.297631	0.297754	0.245538	-0.041723	-0.044247	1.195383	0.302789	0.304749	0.253532	0.030018	0.004793	-0.562857	0.825995	
 1687526983.782331	1687526983.713279	19.628713	-63.608273	-2.441819	0.298685	0.298559	0.245769	-0.041606	-0.035690	1.170476	0.357276	0.307833	0.253817	0.026360	0.007482	-0.552500	0.833062	
 1687526984.089237	1687526984.015899	19.679406	-63.709664	-2.450567	0.245704	0.245591	0.217965	-0.037020	-0.032558	1.190407	0.310435	0.257382	0.224772	0.023853	0.006199	-0.560756	0.827614	
 1687526984.493475	1687526984.420925	19.715235	-63.794363	-2.451163	0.297470	0.297278	0.244659	-0.040282	-0.031519	1.174893	0.334056	0.282706	0.252515	0.024275	0.008029	-0.554320	0.831911	
 1687526984.896923	1687526984.828614	19.764477	-63.891139	-2.442676	0.297089	0.296987	0.245157	-0.059906	-0.037168	1.164637	0.341401	0.280955	0.253107	0.031981	0.014793	-0.550085	0.834365	
 1687526985.303814	1687526985.233571	19.811083	-63.983548	-2.452344	0.295165	0.295039	0.244447	-0.041552	-0.026200	1.165520	0.430462	0.298195	0.252400	0.022367	0.010136	-0.550392	0.834545	
 1687526985.707593	1687526985.637528	19.856606	-64.110975	-2.464721	0.294189	0.294199	0.244135	-0.044684	-0.018374	1.161538	0.342938	0.272311	0.251805	0.019935	0.013637	-0.548679	0.835684	
 1687526986.110663	1687526986.040232	19.905426	-64.224537	-2.474325	0.297713	0.297664	0.245525	-0.037051	-0.014821	1.179215	0.355320	0.264767	0.253283	0.016458	0.011276	-0.556038	0.830917	
 1687526986.515224	1687526986.444103	19.936181	-64.311301	-2.478137	0.296967	0.297011	0.245382	-0.035196	-0.014423	1.169646	0.328523	0.258989	0.253145	0.015726	0.010692	-0.552058	0.833589	
 1687526986.921822	1687526986.846231	19.963921	-64.419064	-2.481397	0.287626	0.287843	0.241298	-0.040827	-0.014291	1.171215	0.313891	0.253721	0.248938	0.017235	0.013062	-0.552698	0.833101	
 1687526987.329436	1687526987.250802	19.982064	-64.546715	-2.492439	0.299066	0.299300	0.246035	-0.038614	-0.009965	1.178613	0.340689	0.259888	0.253963	0.014871	0.013280	-0.555754	0.831108	
 1687526987.733980	1687526987.656397	20.007014	-64.642443	-2.502753	0.299705	0.299968	0.246152	-0.038835	-0.006827	1.194734	0.333429	0.255752	0.254243	0.013743	0.014134	-0.562413	0.826621	
 1687526988.042961	1687526987.960841	20.049264	-64.743649	-2.501042	0.241115	0.241231	0.215208	-0.041916	-0.017468	1.196944	0.289664	0.221253	0.221976	0.019020	0.012394	-0.563387	0.825881	
 1687526988.448094	1687526988.364882	20.082852	-64.900488	-2.505494	0.296858	0.297026	0.244394	-0.029064	-0.008716	1.163877	0.340798	0.260699	0.252381	0.011627	0.009744	-0.549634	0.835268	
 1687526988.852613	1687526988.770840	20.117200	-65.049585	-2.503242	0.297828	0.297993	0.245375	-0.046389	-0.012802	1.204398	0.298911	0.252359	0.253329	0.018411	0.015487	-0.566415	0.823769	
 1687526989.261323	1687526989.172412	20.154611	-65.146979	-2.507829	0.296140	0.296166	0.244747	-0.039701	-0.014224	1.209824	0.361890	0.257546	0.252899	0.017137	0.012283	-0.568679	0.822289	
 1687526989.667922	1687526989.584774	20.206069	-65.245700	-2.516320	0.291437	0.291527	0.242748	-0.036156	-0.021185	1.202746	0.327423	0.254688	0.250717	0.018959	0.008913	-0.565809	0.824270	
 1687526990.078046	1687526989.989335	20.261064	-65.342871	-2.525407	0.297544	0.297707	0.245344	-0.040144	-0.016095	1.192572	0.323908	0.264718	0.253360	0.017928	0.012088	-0.561576	0.827143	
 1687526990.482280	1687526990.392910	20.302206	-65.435265	-2.536106	0.299535	0.299704	0.246136	-0.037998	-0.025214	1.176975	0.339398	0.261420	0.254327	0.021029	0.008804	-0.555159	0.831432	
 1687526990.886852	1687526990.798107	20.368055	-65.535642	-2.544857	0.299586	0.299760	0.246130	-0.040297	-0.029020	1.188365	0.332327	0.271841	0.254348	0.023298	0.008571	-0.559901	0.828187	
 1687526991.291595	1687526991.202583	20.409963	-65.626199	-2.549633	0.292846	0.292943	0.243154	-0.035888	-0.031381	1.168174	0.340909	0.275253	0.251233	0.022980	0.006316	-0.551516	0.833824	
 1687526991.695889	1687526991.605419	20.466227	-65.719769	-2.548219	0.297097	0.297200	0.244923	-0.040978	-0.034933	1.190029	0.324252	0.278377	0.253013	0.025943	0.007176	-0.560614	0.827640	
 1687526992.103582	1687526992.114833	20.521827	-65.805031	-2.543000	0.297928	0.298011	0.245418	-0.040431	-0.030461	1.185191	0.345868	0.286412	0.253522	0.023919	0.008261	-0.558592	0.829056	
 1687526992.507570	1687526992.417346	20.533684	-65.914850	-2.539160	0.299736	0.299824	0.246260	-0.042584	-0.033242	1.173521	0.347312	0.281573	0.254419	0.025623	0.008527	-0.553759	0.832239	
 1687526992.910498	1687526992.820062	20.552895	-66.045450	-2.542488	0.293369	0.293471	0.243531	-0.045718	-0.030081	1.212656	0.350123	0.283246	0.251558	0.025379	0.010212	-0.569923	0.821243	
 1687526993.316298	1687526993.227228	20.584264	-66.158953	-2.551521	0.289100	0.289164	0.241456	-0.041601	-0.026484	1.218842	0.360024	0.275252	0.249393	0.022760	0.009475	-0.572445	0.819573	
 1687526993.721654	1687526993.630241	20.609638	-66.246924	-2.560746	0.296951	0.297075	0.244897	-0.032772	-0.030430	1.205653	0.350400	0.273316	0.252937	0.021820	0.004871	-0.567037	0.823389	
 1687526994.127574	1687526994.070114	20.636450	-66.366929	-2.562814	0.298210	0.298493	0.245486	-0.052805	-0.020568	1.197629	0.317234	0.276673	0.253542	0.023371	0.016010	-0.563661	0.825520	
 1687526994.532994	1687526994.474588	20.653085	-66.475129	-2.559372	0.287993	0.287926	0.241103	-0.046763	-0.026373	1.190451	0.386027	0.263605	0.248944	0.024023	0.011966	-0.560749	0.827551	
 1687526994.938337	1687526994.878643	20.674120	-66.605931	-2.562342	0.295092	0.295131	0.244105	-0.043144	-0.023444	1.213899	0.362035	0.272481	0.252064	0.021928	0.011032	-0.570400	0.821000	
 1687526995.341238	1687526995.283871	20.696006	-66.739382	-2.563107	0.296497	0.296669	0.244809	-0.039635	-0.021710	1.218808	0.349644	0.268020	0.252868	0.020241	0.010036	-0.572409	0.819657	
 1687526995.747068	1687526995.688125	20.729480	-66.847550	-2.565125	0.291509	0.291678	0.242821	-0.043030	-0.028702	1.229305	0.336265	0.263505	0.250763	0.024126	0.009300	-0.576734	0.816523	
 1687526996.153719	1687526996.090553	20.764128	-66.992047	-2.573024	0.298206	0.298361	0.245533	-0.038874	-0.031683	1.221968	0.352351	0.275372	0.253633	0.024121	0.006832	-0.573746	0.818650	
 1687526996.560902	1687526996.498974	20.800516	-67.135432	-2.583626	0.300538	0.300691	0.246518	-0.035530	-0.038067	1.250225	0.341207	0.281167	0.254757	0.025824	0.003267	-0.585265	0.810424	
 1687526996.966604	1687526996.902848	20.840141	-67.245433	-2.594855	0.292995	0.293143	0.243425	-0.027682	-0.040015	1.257645	0.328941	0.287356	0.251496	0.024317	-0.000575	-0.588243	0.808318	
 1687526997.369614	1687526997.306486	20.875769	-67.380245	-2.606283	0.299252	0.299466	0.245985	-0.025781	-0.043870	1.236218	0.303889	0.288993	0.254091	0.025342	-0.002207	-0.579538	0.814548	
 1687526997.775821	1687526997.710996	20.906316	-67.479209	-2.611977	0.296328	0.296507	0.244702	-0.025526	-0.048044	1.226229	0.300661	0.296576	0.252808	0.026985	-0.003385	-0.575455	0.817381	
 1687526998.178762	1687526998.115816	20.927781	-67.607243	-2.610721	0.299420	0.299568	0.245957	-0.028689	-0.048151	1.205963	0.302096	0.305437	0.254146	0.027958	-0.001840	-0.567163	0.823129	
 1687526998.586182	1687526998.520354	20.957618	-67.711688	-2.610281	0.295574	0.295676	0.244265	-0.010816	-0.054408	1.213617	0.311531	0.307883	0.252389	0.025427	-0.011070	-0.570150	0.821072	
 1687526998.989421	1687526998.924415	20.981457	-67.779481	-2.596148	0.300742	0.300975	0.246682	-0.042331	-0.043732	1.184842	0.273465	0.319474	0.254794	0.029949	0.005347	-0.558496	0.828949	
 1687526999.392769	1687526999.330090	21.016011	-67.857746	-2.592199	0.293364	0.293232	0.243536	-0.038499	-0.043263	1.182899	0.358278	0.303858	0.251489	0.028682	0.003917	-0.557677	0.829553	
 1687526999.796199	1687526999.756187	21.039684	-67.903478	-2.591327	0.297056	0.296837	0.245084	-0.041173	-0.039327	1.180828	0.348857	0.305793	0.253054	0.027788	0.006153	-0.556816	0.830148	
 1687527000.203159	1687527000.162144	21.060581	-67.974127	-2.592681	0.296190	0.295952	0.244792	-0.043714	-0.038211	1.178166	0.353558	0.296241	0.252625	0.028021	0.007557	-0.555712	0.830868	
 1687527000.607418	1687527000.565386	21.084903	-68.025205	-2.596557	0.300696	0.300397	0.246784	-0.044355	-0.039128	1.176464	0.367302	0.298158	0.254699	0.028573	0.007592	-0.555009	0.831319	
 1687527001.015666	1687527000.970128	21.110186	-68.032144	-2.601805	0.297372	0.297118	0.245416	-0.046820	-0.036342	1.170321	0.373400	0.301080	0.253085	0.028069	0.009477	-0.552445	0.833022	
 1687527001.419412	1687527001.373134	21.141181	-68.053603	-2.605965	0.298835	0.298611	0.245917	-0.047722	-0.033493	1.164998	0.381066	0.296211	0.253605	0.027103	0.010712	-0.550213	0.834516	
 1687527001.824558	1687527001.781258	21.161100	-68.074673	-2.602890	0.293916	0.293687	0.243786	-0.047934	-0.028578	1.167975	0.381990	0.289509	0.251517	0.025129	0.012115	-0.551426	0.833757	
 1687527002.231956	1687527002.185453	21.174991	-68.056457	-2.592202	0.300807	0.300544	0.246715	-0.046304	-0.027371	1.164987	0.385701	0.283918	0.254356	0.024159	0.011804	-0.550174	0.834617	
 1687527002.638392	1687527002.595796	21.193057	-68.054407	-2.578215	0.297995	0.297935	0.245836	-0.048671	-0.029991	1.158852	0.351553	0.273268	0.253185	0.025866	0.012151	-0.547625	0.836236	
 1687527003.050132	1687527003.000100	21.200073	-68.016356	-2.568351	0.299954	0.299771	0.246577	-0.050128	-0.031722	1.158904	0.369380	0.280882	0.254333	0.026988	0.012286	-0.547657	0.836177	
 1687527003.454531	1687527003.402708	21.214655	-67.997173	-2.568767	0.301006	0.301023	0.247025	-0.045727	-0.033887	1.159836	0.370578	0.282579	0.254544	0.026694	0.009840	-0.548057	0.835957	
 1687527003.857989	1687527003.804651	21.226625	-67.971728	-2.575945	0.294601	0.294581	0.244302	-0.040105	-0.034255	1.167863	0.355862	0.283180	0.251842	0.025339	0.007286	-0.551403	0.833822	
 1687527004.261505	1687527004.207591	21.230307	-67.927453	-2.586382	0.296163	0.296272	0.244876	-0.037098	-0.034746	1.165353	0.341762	0.284442	0.252130	0.024708	0.005927	-0.550352	0.834546	
 1687527004.665130	1687527004.609991	21.222024	-67.930601	-2.592789	0.293386	0.293610	0.243597	-0.038357	-0.034920	1.163682	0.328588	0.282338	0.250786	0.025121	0.006426	-0.549658	0.834987	
 1687527005.070211	1687527005.012604	21.210325	-67.940505	-2.591777	0.292323	0.292382	0.242923	-0.038343	-0.037472	1.149378	0.334144	0.283650	0.250342	0.026141	0.005906	-0.543680	0.838865	
 1687527005.475523	1687527005.437040	21.193601	-67.923634	-2.583575	0.295019	0.295004	0.243745	-0.039202	-0.038135	1.145293	0.340287	0.292116	0.250808	0.026640	0.006140	-0.541970	0.839953	
 1687527005.884498	1687527005.841887	21.175090	-67.935216	-2.570864	0.300766	0.300825	0.246422	-0.039961	-0.040446	1.148675	0.344177	0.295430	0.253888	0.027826	0.005786	-0.543398	0.838994	
 1687527006.291561	1687527006.245353	21.160900	-67.909129	-2.561150	0.297748	0.297681	0.245352	-0.039350	-0.041927	1.144684	0.350356	0.301058	0.253113	0.028271	0.005184	-0.541725	0.840064	
 1687527006.697581	1687527006.647838	21.152906	-67.899647	-2.557564	0.300819	0.300850	0.246785	-0.036247	-0.040198	1.157264	0.348614	0.304715	0.254275	0.026732	0.004180	-0.546984	0.836706	
 1687527007.107407	1687527007.051891	21.136937	-67.890968	-2.562264	0.293721	0.293690	0.243715	-0.033806	-0.043570	1.158762	0.334291	0.297064	0.251286	0.027478	0.002216	-0.547606	0.836282	
 1687527007.512248	1687527007.456193	21.107774	-67.852277	-2.558480	0.301146	0.301141	0.246859	-0.051970	-0.031991	1.113864	0.334197	0.309290	0.254377	0.027305	0.013601	-0.528691	0.848266	
 1687527007.915818	1687527007.861531	21.101098	-67.835673	-2.573484	0.297909	0.297793	0.245632	-0.018616	-0.039596	1.154612	0.397002	0.292150	0.253057	0.021667	-0.003006	-0.545792	0.837635	
 1687527008.319910	1687527008.265678	21.091022	-67.829411	-2.574766	0.298626	0.298910	0.245911	-0.024856	-0.030164	1.175496	0.286136	0.293194	0.253330	0.019440	0.001979	-0.554539	0.831929	
 1687527008.723853	1687527008.668690	21.087426	-67.809273	-2.573319	0.296525	0.296605	0.244977	-0.037877	-0.037221	1.155625	0.297677	0.276957	0.252272	0.025927	0.005698	-0.546296	0.837172	
 1687527009.136409	1687527009.072724	21.093407	-67.813794	-2.569323	0.299609	0.299642	0.245949	-0.026811	-0.035212	1.172616	0.340436	0.293898	0.253423	0.022079	0.001424	-0.553350	0.832655	
 1687527009.539749	1687527009.475911	21.089740	-67.792131	-2.552286	0.301299	0.301172	0.246922	-0.040038	-0.033547	1.166232	0.306839	0.288302	0.254710	0.025019	0.007474	-0.550720	0.834281	
 1687527009.944782	1687527009.884024	21.111479	-67.750327	-2.544469	0.291731	0.291564	0.242909	-0.036330	-0.033163	1.163411	0.343602	0.284233	0.250429	0.023830	0.006066	-0.549535	0.835109	
 1687527010.348226	1687527010.291274	21.118091	-67.703110	-2.540991	0.300505	0.300372	0.246547	-0.033144	-0.028943	1.182850	0.336819	0.287923	0.254486	0.021249	0.005688	-0.557609	0.829812	
 1687527010.752723	1687527010.693970	21.113559	-67.645193	-2.544346	0.296249	0.296221	0.244880	-0.029180	-0.026632	1.185985	0.323683	0.277849	0.252761	0.019194	0.004657	-0.558897	0.829002	
 1687527011.156293	1687527011.097155	21.113621	-67.619094	-2.553173	0.298172	0.298291	0.245692	-0.022378	-0.027205	1.187885	0.308434	0.272686	0.253500	0.017533	0.001660	-0.559672	0.828527	
 1687527011.560637	1687527011.518468	21.130077	-67.593456	-2.559080	0.298310	0.298442	0.245620	-0.019884	-0.029057	1.182259	0.290036	0.271977	0.253395	0.017602	0.000158	-0.557333	0.830103	
 1687527011.964605	1687527011.920812	21.139834	-67.567014	-2.558271	0.298094	0.298212	0.245434	-0.019437	-0.032448	1.185729	0.285390	0.274867	0.253092	0.018883	-0.001005	-0.558770	0.829107	
 1687527012.369372	1687527012.326263	21.158657	-67.546776	-2.548097	0.295927	0.296023	0.244479	-0.022094	-0.033059	1.183050	0.282364	0.277079	0.252305	0.019879	-0.000048	-0.557669	0.829826	
 1687527012.773321	1687527012.728425	21.165464	-67.516600	-2.533217	0.291968	0.291963	0.242734	-0.026280	-0.034218	1.189271	0.288079	0.278343	0.250687	0.021530	0.001299	-0.560263	0.828034	
 1687527013.178381	1687527013.133041	21.181480	-67.488978	-2.519826	0.296504	0.296476	0.244649	-0.025330	-0.035044	1.192938	0.300123	0.282236	0.252731	0.021607	0.000635	-0.561777	0.827006	
 1687527013.584207	1687527013.536237	21.186881	-67.471265	-2.510422	0.299163	0.299106	0.245850	-0.024827	-0.035183	1.202043	0.299629	0.285322	0.254050	0.021525	0.000290	-0.565534	0.824444	
 1687527013.989663	1687527013.941946	21.181459	-67.446972	-2.506209	0.298830	0.298771	0.245808	-0.024361	-0.033738	1.202451	0.299647	0.286547	0.253974	0.020798	0.000502	-0.565701	0.824348	
 1687527014.302774	1687527014.245304	21.173063	-67.425996	-2.503919	0.239396	0.239412	0.214156	-0.025899	-0.032991	1.200293	0.257315	0.244784	0.220747	0.020923	0.001370	-0.564816	0.824951	
 1687527014.709247	1687527014.651146	21.168386	-67.424658	-2.501049	0.300022	0.299995	0.245655	-0.019970	-0.033397	1.198693	0.297978	0.279121	0.253717	0.019419	-0.001175	-0.564134	0.825454	
 1687527015.121195	1687527015.057905	21.170504	-67.421675	-2.496743	0.288211	0.288186	0.241048	-0.019746	-0.033980	1.199143	0.278850	0.273599	0.248884	0.019595	-0.001437	-0.564318	0.825324	
 1687527015.525830	1687527015.461290	21.167282	-67.412566	-2.490184	0.299263	0.299242	0.245870	-0.023546	-0.032280	1.201608	0.285134	0.281135	0.253882	0.019966	0.000587	-0.565350	0.824610	
 1687527015.933372	1687527015.862261	21.185224	-67.393466	-2.483072	0.298083	0.298034	0.245532	-0.023293	-0.030575	1.200876	0.292132	0.277783	0.253618	0.019192	0.000972	-0.565047	0.824835	
 1687527016.337821	1687527016.266565	21.184054	-67.398817	-2.475957	0.300826	0.300752	0.246668	-0.024538	-0.030115	1.205963	0.292368	0.276482	0.254892	0.019357	0.001566	-0.567146	0.823388	
 1687527016.740846	1687527016.671030	21.175392	-67.398190	-2.470090	0.293608	0.293523	0.243634	-0.032067	-0.037844	1.205547	0.291635	0.272386	0.251714	0.024672	0.002479	-0.567005	0.823341	
 1687527017.147602	1687527017.118442	21.167999	-67.412407	-2.464139	0.296208	0.296085	0.244922	-0.034318	-0.045893	1.203781	0.312289	0.284838	0.253018	0.028622	0.001150	-0.566294	0.823706	
 1687527017.451410	1687527017.420066	21.153823	-67.416395	-2.466950	0.239520	0.239478	0.214258	-0.027938	-0.036649	1.200998	0.281748	0.262165	0.220900	0.023008	0.001170	-0.565115	0.824690	
 1687527017.856095	1687527017.829228	21.146391	-67.428180	-2.466854	0.294831	0.294766	0.243476	-0.028007	-0.037914	1.197482	0.295508	0.276773	0.251312	0.023547	0.000883	-0.563666	0.825667	
 1687527018.259433	1687527018.233235	21.133737	-67.434477	-2.465883	0.298150	0.298091	0.245271	-0.030091	-0.036246	1.194724	0.299817	0.281794	0.253370	0.023443	0.002246	-0.562533	0.826440	
 1687527018.663959	1687527018.637515	21.133729	-67.440549	-2.462224	0.295849	0.295767	0.244517	-0.029808	-0.037061	1.195872	0.301941	0.277659	0.252534	0.023701	0.001886	-0.563007	0.826110	
 1687527019.069488	1687527019.041046	21.122426	-67.462347	-2.458313	0.292290	0.292190	0.243037	-0.032810	-0.037377	1.195883	0.300949	0.278155	0.251010	0.024676	0.003037	-0.563022	0.826068	
 1687527019.473967	1687527019.445900	21.112628	-67.470815	-2.458646	0.299831	0.299706	0.246231	-0.032586	-0.037635	1.192401	0.315972	0.284938	0.254402	0.024715	0.002915	-0.561582	0.827047	
 1687527019.879905	1687527019.850448	21.104466	-67.495223	-2.463390	0.291374	0.291281	0.242676	-0.033486	-0.038715	1.193312	0.309965	0.280617	0.250633	0.025415	0.002972	-0.561963	0.826766	
 1687527020.286369	1687527020.255177	21.096744	-67.509998	-2.473813	0.297465	0.297366	0.245209	-0.034367	-0.038129	1.191741	0.319025	0.287317	0.253323	0.025417	0.003521	-0.561316	0.827204	
 1687527020.694886	1687527020.659240	21.081553	-67.541944	-2.483063	0.295878	0.295759	0.244456	-0.035099	-0.038366	1.189900	0.319484	0.285112	0.252445	0.025717	0.003781	-0.560557	0.827708	
 1687527021.101817	1687527021.063162	21.065878	-67.569702	-2.484281	0.296356	0.296229	0.244557	-0.035658	-0.037921	1.187128	0.316519	0.282226	0.252587	0.025684	0.004173	-0.559410	0.828483	
 1687527021.405085	1687527021.365947	21.055307	-67.578039	-2.480084	0.242565	0.242490	0.216046	-0.035700	-0.038435	1.185177	0.284021	0.250744	0.222677	0.025905	0.004072	-0.558602	0.829021	
 1687527021.809062	1687527021.770029	21.052677	-67.587508	-2.477426	0.294151	0.294052	0.243215	-0.033741	-0.039438	1.184572	0.319928	0.283156	0.251030	0.025773	0.002988	-0.558347	0.829202	
 1687527022.114596	1687527022.072793	21.054818	-67.581700	-2.480572	0.239539	0.239498	0.214233	-0.035862	-0.039475	1.184987	0.279574	0.251928	0.220858	0.026380	0.003852	-0.558526	0.829058	
 1687527022.518840	1687527022.476378	21.058914	-67.573225	-2.489978	0.294784	0.294721	0.243527	-0.035224	-0.038643	1.187835	0.324681	0.287034	0.251360	0.025863	0.003782	-0.559703	0.828281	
 1687527022.923359	1687527022.896240	21.067034	-67.574680	-2.503257	0.296668	0.296621	0.244808	-0.034346	-0.039856	1.189672	0.319161	0.283558	0.252792	0.026122	0.003055	-0.560462	0.827762	
 1687527023.327116	1687527023.299980	21.080789	-67.571981	-2.516397	0.296708	0.296677	0.244913	-0.033170	-0.040449	1.190693	0.316451	0.284716	0.252877	0.026040	0.002389	-0.560881	0.827483	
 1687527023.734571	1687527023.703834	21.087923	-67.564784	-2.519900	0.297018	0.296984	0.245015	-0.034181	-0.040842	1.191181	0.314527	0.285764	0.252957	0.026487	0.002691	-0.561088	0.827328	
 1687527024.140070	1687527024.107498	21.103491	-67.554418	-2.516725	0.288878	0.288825	0.241248	-0.033526	-0.040706	1.188531	0.312002	0.281816	0.248943	0.026243	0.002492	-0.559988	0.828081	
 1687527024.447450	1687527024.410037	21.116664	-67.536417	-2.511346	0.240659	0.240615	0.214832	-0.034248	-0.042100	1.188715	0.279370	0.252861	0.221513	0.027023	0.002399	-0.560069	0.828002	
 1687527024.850851	1687527024.814019	21.151083	-67.502221	-2.511952	0.291328	0.291270	0.241999	-0.032268	-0.042057	1.189983	0.315277	0.285801	0.249802	0.026452	0.001574	-0.560586	0.827672	
 1687527025.256728	1687527025.219709	21.174825	-67.467214	-2.518411	0.296892	0.296852	0.244846	-0.034449	-0.040464	1.196003	0.315978	0.290305	0.252813	0.026412	0.002844	-0.563081	0.825975	
 1687527025.564313	1687527025.522782	21.211414	-67.422004	-2.527556	0.239277	0.239233	0.214192	-0.035731	-0.039634	1.199147	0.277942	0.249495	0.220713	0.026435	0.003565	-0.564382	0.825083	
 1687527025.969762	1687527025.931967	21.226094	-67.389613	-2.537213	0.296359	0.296318	0.244225	-0.031590	-0.039301	1.206899	0.322409	0.284544	0.252008	0.025138	0.001853	-0.567561	0.822945	
 1687527026.375102	1687527026.334027	21.259101	-67.352085	-2.539254	0.298006	0.298011	0.245267	-0.027062	-0.041848	1.209231	0.308103	0.281004	0.253180	0.024902	-0.000763	-0.568502	0.822304	
 1687527026.781489	1687527026.738279	21.274686	-67.335074	-2.534672	0.298623	0.298667	0.245793	-0.027212	-0.043412	1.212554	0.301438	0.286821	0.253778	0.025585	-0.001188	-0.569868	0.821337	
 1687527027.184390	1687527027.142556	21.291259	-67.330640	-2.527198	0.297128	0.297126	0.245311	-0.031321	-0.043299	1.207545	0.301339	0.288467	0.253229	0.026707	0.000599	-0.567828	0.822713	
 1687527027.587651	1687527027.549784	21.297462	-67.330919	-2.525291	0.295941	0.295852	0.244787	-0.033451	-0.043023	1.198398	0.312946	0.290426	0.252760	0.027190	0.001679	-0.564069	0.825278	
 1687527027.992759	1687527027.957902	21.290228	-67.330164	-2.529840	0.298200	0.298054	0.245661	-0.040052	-0.041206	1.190616	0.324420	0.295023	0.253702	0.028281	0.005026	-0.560874	0.827403	
 1687527028.396229	1687527028.374784	21.286809	-67.332139	-2.540000	0.298432	0.298256	0.245665	-0.038933	-0.039590	1.187458	0.344744	0.293758	0.253733	0.027291	0.005059	-0.559560	0.828325	
 1687527028.803380	1687527028.778361	21.265903	-67.352559	-2.549751	0.297409	0.297263	0.245204	-0.038601	-0.039205	1.189118	0.341345	0.291020	0.253238	0.027043	0.005007	-0.560245	0.827870	
 1687527029.207966	1687527029.183328	21.243850	-67.388973	-2.553129	0.293891	0.293784	0.243568	-0.035658	-0.036077	1.190894	0.337501	0.288241	0.251514	0.024928	0.004642	-0.560965	0.827451	
 1687527029.512013	1687527029.486859	21.221704	-67.415875	-2.552608	0.238707	0.238686	0.213339	-0.033729	-0.033327	1.191900	0.282312	0.244705	0.219695	0.023253	0.004603	-0.561370	0.827225	
 1687527029.917456	1687527029.890414	21.198096	-67.454801	-2.548739	0.295103	0.295022	0.243369	-0.030021	-0.035305	1.200480	0.313274	0.273612	0.251130	0.023041	0.002415	-0.564908	0.824829	
 1687527030.321223	1687527030.296161	21.176433	-67.489395	-2.547017	0.296533	0.296520	0.244676	-0.030276	-0.035013	1.200544	0.306195	0.277058	0.252601	0.022993	0.002602	-0.564934	0.824811	
 1687527030.729215	1687527030.700787	21.156612	-67.507930	-2.550731	0.296080	0.296083	0.244777	-0.030877	-0.034591	1.196583	0.309599	0.278493	0.252686	0.022982	0.003015	-0.563301	0.825927	
 1687527031.134676	1687527031.104298	21.129307	-67.540371	-2.556495	0.299305	0.299306	0.246125	-0.032093	-0.034854	1.193656	0.311182	0.278618	0.254111	0.023428	0.003477	-0.562095	0.826733	
 1687527031.543297	1687527031.508818	21.101241	-67.565357	-2.562000	0.298890	0.298858	0.245831	-0.031231	-0.037041	1.182989	0.316721	0.280409	0.253889	0.024077	0.002635	-0.557679	0.829703	
 1687527031.950177	1687527031.913765	21.079776	-67.597751	-2.561864	0.299178	0.299157	0.245845	-0.029419	-0.040351	1.177857	0.316000	0.284606	0.253922	0.024942	0.001024	-0.555544	0.831112	
 1687527032.354492	1687527032.317986	21.077106	-67.610301	-2.555237	0.301362	0.301345	0.246744	-0.027235	-0.045691	1.169613	0.311374	0.289130	0.254930	0.026561	-0.001258	-0.552102	0.833352	
 1687527032.759085	1687527032.721710	21.075519	-67.614639	-2.543263	0.297548	0.297531	0.245185	-0.029020	-0.043889	1.171455	0.308569	0.299020	0.253279	0.026302	-0.000041	-0.552880	0.832846	
 1687527033.163515	1687527033.127990	21.080385	-67.612942	-2.530346	0.296883	0.296827	0.244985	-0.029390	-0.041855	1.177186	0.308384	0.291935	0.253026	0.025559	0.000602	-0.555266	0.831280	
 1687527033.567120	1687527033.531760	21.093237	-67.593200	-2.523663	0.296835	0.296738	0.245041	-0.032560	-0.039022	1.178788	0.308496	0.288756	0.253028	0.025263	0.002687	-0.555942	0.830833	
 1687527033.972582	1687527033.942071	21.102451	-67.570701	-2.526689	0.294245	0.294120	0.243920	-0.031057	-0.037358	1.184345	0.317745	0.285972	0.251828	0.024161	0.002458	-0.558241	0.829323	
 1687527034.380342	1687527034.345119	21.126114	-67.538035	-2.533011	0.298034	0.297926	0.245480	-0.031911	-0.034932	1.186735	0.313803	0.283951	0.253433	0.023398	0.003461	-0.559231	0.828675	
 1687527034.784386	1687527034.749335	21.136789	-67.516927	-2.537092	0.294023	0.293914	0.243741	-0.031131	-0.034752	1.191218	0.316496	0.280487	0.251609	0.023112	0.003136	-0.561084	0.827430	
 1687527035.189575	1687527035.153044	21.165453	-67.480350	-2.534620	0.294165	0.294046	0.243678	-0.031378	-0.035924	1.192668	0.315877	0.281282	0.251539	0.023669	0.002893	-0.561686	0.827007	
 1687527035.598046	1687527035.560638	21.194260	-67.441147	-2.527914	0.297534	0.297424	0.245155	-0.031108	-0.036409	1.197585	0.317880	0.284393	0.253129	0.023800	0.002586	-0.563718	0.825620	
 1687527036.004837	1687527035.965133	21.206211	-67.413693	-2.520476	0.299209	0.299132	0.246036	-0.031203	-0.035805	1.203671	0.320088	0.287045	0.254005	0.023586	0.002724	-0.566227	0.823907	
 1687527036.409852	1687527036.367179	21.227055	-67.377160	-2.516015	0.299360	0.299306	0.246142	-0.026435	-0.033633	1.206793	0.315591	0.282872	0.254145	0.021344	0.001340	-0.567496	0.823099	
 1687527036.816423	1687527036.772418	21.246532	-67.343431	-2.511803	0.299232	0.299205	0.245956	-0.024070	-0.046714	1.209527	0.302125	0.278871	0.253990	0.026052	-0.003380	-0.568603	0.822193	
 1687527037.221415	1687527037.175485	21.258693	-67.329383	-2.506184	0.296048	0.296046	0.244632	-0.030541	-0.041239	1.222827	0.300806	0.302196	0.252656	0.025644	0.000667	-0.574094	0.818387	
 1687527037.629516	1687527037.578794	21.283808	-67.298621	-2.501332	0.290948	0.290861	0.242548	-0.029951	-0.040332	1.213409	0.311676	0.287767	0.250314	0.025100	0.000804	-0.570231	0.821100	
 1687527038.033343	1687527037.982972	21.272315	-67.307274	-2.498125	0.298692	0.298615	0.245772	-0.030492	-0.037526	1.208438	0.316642	0.292176	0.253749	0.024098	0.001886	-0.568189	0.822543	
 1687527038.436230	1687527038.386341	21.251439	-67.324318	-2.501533	0.293455	0.293313	0.243569	-0.030439	-0.038881	1.195129	0.315671	0.286050	0.251347	0.024630	0.001643	-0.562704	0.826290	
 1687527038.840884	1687527038.789639	21.223971	-67.347461	-2.502722	0.296879	0.296753	0.244971	-0.036560	-0.039641	1.192550	0.311815	0.285594	0.252996	0.026659	0.003993	-0.561660	0.826929	
 1687527039.244984	1687527039.193870	21.201453	-67.364028	-2.509911	0.298323	0.298209	0.245581	-0.028832	-0.039880	1.193269	0.334129	0.290903	0.253675	0.024590	0.000721	-0.561929	0.826819	
 1687527039.551600	1687527039.524243	21.183491	-67.384810	-2.515006	0.239905	0.239879	0.214380	-0.027901	-0.038435	1.202165	0.267290	0.248397	0.221077	0.023734	0.000636	-0.565597	0.824340	
 1687527039.954623	1687527039.934265	21.170174	-67.411073	-2.518172	0.291025	0.290972	0.241810	-0.028526	-0.040648	1.203531	0.298998	0.278101	0.249539	0.024823	0.000251	-0.566163	0.823919	
 1687527040.361568	1687527040.337590	21.149419	-67.447557	-2.518296	0.295794	0.295723	0.244164	-0.028832	-0.042257	1.200407	0.301394	0.281711	0.252057	0.025573	-0.000038	-0.564877	0.824779	
 1687527040.766201	1687527040.742442	21.124054	-67.482591	-2.514932	0.297436	0.297340	0.245061	-0.031356	-0.041801	1.194331	0.306407	0.287347	0.253024	0.026093	0.001211	-0.562380	0.826466	
 1687527041.173053	1687527041.146008	21.089759	-67.527777	-2.509071	0.298742	0.298597	0.245796	-0.034080	-0.041547	1.190350	0.312472	0.287114	0.253813	0.026749	0.002462	-0.560745	0.827553	
 1687527041.576624	1687527041.549962	21.056111	-67.563413	-2.505734	0.299057	0.298881	0.246014	-0.036076	-0.042158	1.186706	0.321981	0.289428	0.254030	0.027555	0.003167	-0.559244	0.828539	
 1687527041.986356	1687527041.954587	21.034064	-67.578516	-2.510788	0.296018	0.295872	0.244803	-0.034916	-0.041838	1.184683	0.331786	0.293172	0.252764	0.027096	0.002803	-0.558401	0.829124	
 1687527042.294352	1687527042.257218	21.015267	-67.595280	-2.522331	0.243768	0.243719	0.216966	-0.034275	-0.041882	1.183815	0.291905	0.259727	0.223686	0.026934	0.002537	-0.558038	0.829374	
 1687527042.701781	1687527042.660371	20.991543	-67.633777	-2.538280	0.293016	0.292960	0.242794	-0.032040	-0.043242	1.182130	0.325859	0.291708	0.250571	0.026874	0.001253	-0.557332	0.829854	
 1687527043.106490	1687527043.066320	20.970629	-67.675197	-2.549298	0.298642	0.298615	0.245437	-0.028084	-0.043504	1.174018	0.316334	0.291121	0.253367	0.025883	-0.000357	-0.553942	0.832153	
 1687527043.509447	1687527043.471725	20.962700	-67.697420	-2.552656	0.293760	0.293710	0.243514	-0.025036	-0.043382	1.171612	0.306407	0.290813	0.251295	0.024991	-0.001562	-0.552924	0.832855	
 1687527043.921832	1687527043.875568	20.966552	-67.702086	-2.547458	0.296235	0.296134	0.244687	-0.031298	-0.044845	1.169275	0.300619	0.292084	0.252536	0.027329	0.000674	-0.551983	0.833407	
 1687527044.224992	1687527044.179440	20.986397	-67.669916	-2.539964	0.239981	0.239906	0.214500	-0.033381	-0.045312	1.172618	0.282528	0.263707	0.221134	0.028100	0.001366	-0.553386	0.832450	
 1687527044.632047	1687527044.585243	21.017020	-67.613789	-2.535657	0.293767	0.293590	0.243254	-0.039258	-0.042681	1.180965	0.322213	0.296520	0.250997	0.028648	0.004422	-0.556876	0.830090	
 1687527045.036126	1687527044.990711	21.031324	-67.566174	-2.543177	0.293336	0.293149	0.243430	-0.037899	-0.041384	1.191798	0.342121	0.294570	0.251185	0.027754	0.004069	-0.561356	0.827099	
 1687527045.441037	1687527045.397244	21.057366	-67.516669	-2.558092	0.296077	0.295979	0.244715	-0.035527	-0.039663	1.196338	0.337858	0.292523	0.252550	0.026385	0.003510	-0.563222	0.825877	
 1687527045.845826	1687527045.801462	21.086532	-67.480370	-2.571614	0.297919	0.297882	0.245545	-0.035374	-0.041273	1.204047	0.323226	0.284967	0.253366	0.027018	0.002889	-0.566403	0.823680	
 1687527046.250037	1687527046.204485	21.107489	-67.462145	-2.580548	0.293300	0.293258	0.243408	-0.030578	-0.043509	1.207039	0.322945	0.285936	0.251160	0.026583	0.000241	-0.567617	0.822863	
 1687527046.656035	1687527046.608477	21.140028	-67.433070	-2.578953	0.298483	0.298438	0.245468	-0.031179	-0.044799	1.203914	0.311074	0.289153	0.253347	0.027284	0.000165	-0.566334	0.823724	
 1687527049.262121	1687527049.241560	21.242317	-67.318776	-2.569480	0.265559	0.265543	0.229720	-0.000189	-0.044220	1.186142	0.285626	0.270406	0.236814	0.018386	-0.012278	-0.558775	0.829024	
 1687527049.667706	1687527049.645819	21.245696	-67.335138	-2.555876	0.290107	0.290458	0.241852	-0.032812	-0.037414	1.251194	0.255155	0.278906	0.249156	0.024766	0.002344	-0.585649	0.810183	
 1687527050.071869	1687527050.049312	21.224258	-67.365802	-2.542628	0.291761	0.291631	0.242270	-0.026614	-0.044536	1.221072	0.308422	0.277857	0.248871	0.025869	-0.001864	-0.573357	0.818895	
 1687527050.476076	1687527050.456975	21.212572	-67.377293	-2.515975	0.295087	0.294793	0.244007	-0.044299	-0.049483	1.198111	0.300040	0.294886	0.251626	0.032910	0.004340	-0.564004	0.825104	
 1687527050.879993	1687527050.860356	21.200915	-67.381376	-2.490328	0.296651	0.296430	0.245013	-0.041869	-0.048798	1.192708	0.363823	0.313755	0.252869	0.031934	0.003616	-0.561762	0.826674	
 1687527051.285036	1687527051.266849	21.191970	-67.377690	-2.473692	0.298526	0.298376	0.245946	-0.034134	-0.043346	1.203875	0.362927	0.318207	0.254031	0.027521	0.001794	-0.566330	0.823717	
 1687527051.693942	1687527051.673130	21.182093	-67.376172	-2.466076	0.297111	0.297076	0.245485	-0.030856	-0.042394	1.205684	0.328722	0.300980	0.253523	0.026202	0.000689	-0.567060	0.823259	
 1687527052.100329	1687527052.080062	21.170710	-67.382180	-2.468100	0.295419	0.295451	0.244685	-0.032226	-0.043459	1.204582	0.317959	0.298637	0.252692	0.027028	0.000966	-0.566613	0.823540	
 1687527052.504436	1687527052.487757	21.157285	-67.393282	-2.477591	0.293755	0.293767	0.243800	-0.031198	-0.041824	1.202386	0.325496	0.303376	0.251821	0.026063	0.001035	-0.565703	0.824196	
 1687527052.907580	1687527052.892496	21.145887	-67.405891	-2.485443	0.296262	0.296236	0.244774	-0.033463	-0.042044	1.201707	0.320985	0.299510	0.252830	0.026793	0.001915	-0.565433	0.824357	
 1687527053.312631	1687527053.293904	21.135466	-67.419357	-2.488329	0.290234	0.290170	0.242020	-0.034401	-0.040974	1.203063	0.327328	0.299361	0.249957	0.026619	0.002586	-0.565994	0.823975	
 1687527053.717267	1687527053.695563	21.124152	-67.435291	-2.485170	0.300218	0.300123	0.246159	-0.033526	-0.041380	1.201892	0.339909	0.305156	0.254340	0.026537	0.002127	-0.565509	0.824313	
 1687527054.121959	1687527054.099129	21.118515	-67.450021	-2.474111	0.291946	0.291861	0.242755	-0.031891	-0.042453	1.199377	0.324405	0.295567	0.250756	0.026516	0.001182	-0.564466	0.825030	
 1687527054.525582	1687527054.501503	21.114965	-67.463660	-2.458890	0.299166	0.299061	0.245906	-0.033587	-0.043342	1.197255	0.323460	0.300781	0.254034	0.027359	0.001660	-0.563598	0.825594	
 1687527054.932630	1687527054.906471	21.103449	-67.482077	-2.448355	0.292906	0.292760	0.243403	-0.037348	-0.044461	1.196266	0.317818	0.292925	0.251339	0.028879	0.002913	-0.563206	0.825806	
 1687527055.336494	1687527055.313157	21.087758	-67.495426	-2.447886	0.299634	0.299457	0.246248	-0.039115	-0.044269	1.194821	0.335197	0.300671	0.254302	0.029293	0.003718	-0.562616	0.826191	
 1687527055.740177	1687527055.719171	21.080520	-67.492173	-2.457060	0.296262	0.296124	0.244881	-0.039055	-0.043715	1.193664	0.345469	0.303315	0.252903	0.029045	0.003866	-0.562137	0.826525	
 1687527056.146191	1687527056.121978	21.055805	-67.514728	-2.471859	0.296846	0.296781	0.245100	-0.037902	-0.042710	1.195845	0.338915	0.298072	0.253117	0.028310	0.003641	-0.563032	0.825942	
 1687527056.551158	1687527056.526053	21.038754	-67.537627	-2.487140	0.299674	0.299660	0.246214	-0.036799	-0.042598	1.193904	0.335826	0.296457	0.254278	0.027951	0.003243	-0.562226	0.826505	
 1687527056.954463	1687527056.932966	21.015106	-67.578332	-2.495334	0.296742	0.296699	0.244816	-0.036972	-0.045719	1.191508	0.328341	0.292957	0.252751	0.029286	0.002473	-0.561240	0.827131	
 1687527057.358207	1687527057.337874	20.998299	-67.615278	-2.495292	0.289945	0.289892	0.241736	-0.034910	-0.048665	1.186712	0.322326	0.292077	0.249564	0.029925	0.000864	-0.559248	0.828460	
 1687527057.766069	1687527057.741938	20.997076	-67.631273	-2.487798	0.292134	0.292060	0.242678	-0.034784	-0.049152	1.184300	0.323064	0.301735	0.250516	0.030090	0.000712	-0.558248	0.829128	
 1687527058.171605	1687527058.145148	20.990548	-67.642641	-2.479271	0.300575	0.300444	0.246458	-0.039572	-0.047475	1.183689	0.326228	0.305902	0.254459	0.030729	0.003176	-0.558016	0.829255	
 1687527058.575243	1687527058.550295	20.984800	-67.634246	-2.477247	0.285896	0.285753	0.240248	-0.041917	-0.045955	1.187656	0.333394	0.297675	0.247885	0.030761	0.004512	-0.559666	0.828135	
 1687527058.980829	1687527058.953815	20.980333	-67.614359	-2.489445	0.297923	0.297790	0.245605	-0.043792	-0.042730	1.185065	0.349769	0.302519	0.253353	0.029942	0.006230	-0.558590	0.828880	
 1687527059.385002	1687527059.359790	20.962428	-67.615833	-2.514034	0.297454	0.297370	0.245619	-0.042644	-0.040275	1.188948	0.344498	0.291125	0.253155	0.028616	0.006384	-0.560188	0.827847	
 1687527059.788884	1687527059.766505	20.954596	-67.610988	-2.543996	0.297233	0.297212	0.245306	-0.040694	-0.039197	1.186176	0.347392	0.290468	0.252896	0.027616	0.005917	-0.559032	0.828665	
 1687527060.192800	1687527060.169733	20.939536	-67.626630	-2.565676	0.297893	0.297871	0.245371	-0.038393	-0.040446	1.188276	0.343075	0.289927	0.252926	0.027497	0.004585	-0.559899	0.828092	
 1687527060.601596	1687527060.574289	20.931066	-67.642144	-2.571972	0.296990	0.296958	0.244825	-0.036731	-0.039909	1.186987	0.339054	0.293329	0.252618	0.026806	0.004064	-0.559358	0.828482	
 1687527061.005936	1687527060.978289	20.943228	-67.633093	-2.566874	0.302435	0.302356	0.247189	-0.041629	-0.039591	1.189182	0.341841	0.298115	0.255119	0.028050	0.006152	-0.560280	0.827805	
 1687527061.410113	1687527061.384925	20.953447	-67.619134	-2.558696	0.298441	0.298308	0.245664	-0.042805	-0.035393	1.189153	0.358324	0.297393	0.253557	0.026642	0.007815	-0.560256	0.827854	
 1687527061.814504	1687527061.788490	20.960373	-67.593318	-2.554837	0.296887	0.296752	0.245178	-0.043276	-0.031265	1.190399	0.364519	0.291242	0.253037	0.025070	0.009151	-0.560754	0.827552	
 1687527062.218412	1687527062.190698	20.970565	-67.558063	-2.561048	0.292867	0.292785	0.243532	-0.042497	-0.028350	1.189502	0.368371	0.284075	0.251217	0.023641	0.009657	-0.560369	0.827849	
 1687527062.622533	1687527062.599978	20.972141	-67.533893	-2.578413	0.293279	0.293310	0.243731	-0.041195	-0.026822	1.193583	0.361826	0.278362	0.251355	0.022664	0.009499	-0.562050	0.826738	
 1687527063.026052	1687527063.007535	20.988343	-67.496387	-2.604306	0.296550	0.296694	0.244954	-0.036196	-0.025514	1.193948	0.362781	0.278294	0.252687	0.020721	0.007796	-0.562196	0.826708	
 1687527063.432738	1687527063.409465	21.014906	-67.458149	-2.626206	0.287054	0.287243	0.240565	-0.029597	-0.027762	1.196945	0.332411	0.268953	0.248082	0.019803	0.004406	-0.563435	0.825911	
 1687527063.836822	1687527063.813117	21.041094	-67.432200	-2.633011	0.295715	0.295917	0.244164	-0.023083	-0.032408	1.198115	0.316055	0.275713	0.252079	0.019888	0.000394	-0.563907	0.825599	
 1687527064.243407	1687527064.215632	21.061263	-67.415617	-2.625551	0.297917	0.298079	0.245160	-0.015835	-0.038123	1.193363	0.299872	0.284635	0.253273	0.020214	-0.004161	-0.561906	0.826944	
 1687527064.647752	1687527064.633526	21.094886	-67.379128	-2.607369	0.289358	0.289473	0.241521	-0.018735	-0.040035	1.193281	0.277305	0.288445	0.249487	0.021819	-0.003498	-0.561885	0.826920	
 1687527065.052668	1687527065.035797	21.121574	-67.341801	-2.587844	0.296389	0.296445	0.244592	-0.026420	-0.039913	1.202399	0.289695	0.299266	0.252759	0.023925	-0.000395	-0.565687	0.824273	
 1687527065.457363	1687527065.439922	21.151435	-67.292528	-2.575422	0.298617	0.298626	0.245687	-0.028142	-0.038518	1.210021	0.311107	0.299654	0.253915	0.023839	0.000619	-0.568832	0.822108	
 1687527065.861157	1687527065.842004	21.170794	-67.257359	-2.576038	0.296343	0.296351	0.244835	-0.028457	-0.037990	1.213837	0.316174	0.297251	0.253030	0.023714	0.000853	-0.570400	0.821024	
 1687527066.265046	1687527066.246304	21.179923	-67.245199	-2.583323	0.297631	0.297645	0.245314	-0.032310	-0.041414	1.208157	0.319522	0.298125	0.253556	0.026213	0.001533	-0.568083	0.822552	
 1687527066.669182	1687527066.652305	21.189667	-67.244833	-2.589943	0.297367	0.297338	0.245142	-0.038168	-0.045420	1.200360	0.332725	0.305358	0.253400	0.029511	0.002921	-0.564900	0.824626	
 1687527067.077557	1687527067.060210	21.195941	-67.254149	-2.590521	0.298116	0.298042	0.245315	-0.043781	-0.050709	1.193847	0.360989	0.319740	0.253568	0.033262	0.003851	-0.562244	0.826293	
 1687527067.485050	1687527067.469430	21.198615	-67.264649	-2.579480	0.300685	0.300618	0.246432	-0.049894	-0.054017	1.192650	0.395825	0.341064	0.254727	0.036341	0.005470	-0.561783	0.826468	
 1687527070.496373	1687527070.500506	21.254614	-67.217848	-2.573879	0.284983	0.285078	0.239609	0.004581	0.015293	1.192308	0.383914	0.326792	0.247400	-0.007614	0.002398	-0.561461	0.827465	
 1687527070.899919	1687527070.903640	21.261970	-67.228460	-2.559935	0.296329	0.296964	0.246233	-0.033612	-0.013922	1.224170	0.255937	0.253481	0.252679	0.015352	0.009755	-0.574576	0.818249	
 1687527071.303231	1687527071.208218	21.256542	-67.248704	-2.552502	0.293974	0.294007	0.243987	-0.037636	-0.025764	1.214986	0.312186	0.254699	0.251215	0.021315	0.008097	-0.570861	0.820730	
 1687527071.708508	1687527071.613156	21.254736	-67.268410	-2.546718	0.296705	0.296611	0.245017	-0.040967	-0.032257	1.196127	0.329444	0.270648	0.252994	0.024856	0.007846	-0.563125	0.825961	
 1687527072.116188	1687527072.118228	21.247363	-67.303146	-2.539927	0.299003	0.298962	0.245930	-0.041442	-0.034290	1.193034	0.328907	0.276223	0.254004	0.025818	0.007510	-0.561855	0.826799	
 1687527072.523281	1687527072.521443	21.234960	-67.344248	-2.531351	0.296597	0.296555	0.244918	-0.038942	-0.035429	1.194211	0.331231	0.278628	0.252975	0.025591	0.006141	-0.562342	0.826486	
 1687527072.929768	1687527072.925675	21.208934	-67.398772	-2.523446	0.300811	0.300790	0.246818	-0.037972	-0.035464	1.201810	0.317912	0.277033	0.254991	0.025355	0.005633	-0.565476	0.824356	
 1687527073.337933	1687527073.330101	21.176820	-67.448643	-2.524052	0.296748	0.296758	0.245207	-0.034424	-0.034513	1.214759	0.313926	0.275042	0.253251	0.023988	0.004284	-0.570792	0.820733	
 1687527073.742051	1687527073.734545	21.147393	-67.484807	-2.532884	0.301752	0.301816	0.247180	-0.034356	-0.033356	1.209178	0.309424	0.275970	0.255317	0.023481	0.004652	-0.568497	0.822337	
 1687527074.148984	1687527074.137688	21.130800	-67.509986	-2.541933	0.297213	0.297280	0.245145	-0.033714	-0.034445	1.202358	0.303068	0.270169	0.253184	0.023733	0.004159	-0.565690	0.824266	
 1687527074.553478	1687527074.541962	21.119966	-67.532855	-2.539689	0.300357	0.300406	0.246302	-0.036298	-0.038027	1.190883	0.305730	0.273668	0.254387	0.025915	0.004360	-0.560966	0.827421	
 1687527074.958493	1687527074.948988	21.113463	-67.552377	-2.527762	0.297851	0.297873	0.245224	-0.034677	-0.039437	1.184361	0.314096	0.279121	0.253252	0.026033	0.003379	-0.558263	0.829249	
 1687527075.369330	1687527075.352127	21.107462	-67.565944	-2.507664	0.293687	0.293680	0.243496	-0.037120	-0.038969	1.180631	0.306187	0.277162	0.251402	0.026511	0.004572	-0.556722	0.830263	
 1687527075.775484	1687527075.756770	21.101508	-67.572791	-2.487003	0.297061	0.297011	0.245046	-0.039975	-0.037096	1.185739	0.315972	0.279892	0.253000	0.026544	0.006212	-0.558843	0.828825	
 1687527076.181222	1687527076.162891	21.100173	-67.571835	-2.479250	0.299574	0.299506	0.246341	-0.041068	-0.035215	1.188006	0.317793	0.275664	0.254295	0.026077	0.007161	-0.559778	0.828201	
 1687527076.586960	1687527076.567875	21.096517	-67.577911	-2.487173	0.297756	0.297712	0.245549	-0.039921	-0.032257	1.189008	0.322569	0.274570	0.253428	0.024536	0.007501	-0.560180	0.827973	
 1687527076.991108	1687527076.970102	21.096215	-67.584830	-2.499965	0.299489	0.299459	0.246182	-0.039411	-0.033204	1.188438	0.325657	0.274100	0.254109	0.024783	0.007032	-0.559947	0.828128	
 1687527077.395251	1687527077.373429	21.094531	-67.596834	-2.506605	0.298174	0.298163	0.245540	-0.036406	-0.034782	1.185838	0.321603	0.273385	0.253458	0.024589	0.005377	-0.558870	0.828874	
 1687527077.806714	1687527077.777675	21.088536	-67.603088	-2.505331	0.290890	0.290881	0.242344	-0.036120	-0.036328	1.183463	0.313683	0.273018	0.250083	0.025144	0.004856	-0.557888	0.829521	
 1687527078.210534	1687527078.181875	21.077358	-67.597661	-2.496473	0.299758	0.299734	0.246121	-0.037489	-0.037022	1.181476	0.324828	0.282957	0.254112	0.025808	0.005256	-0.557069	0.830049	
 1687527078.614152	1687527078.585309	21.062189	-67.589109	-2.487263	0.296660	0.296649	0.244841	-0.036751	-0.035048	1.186128	0.327421	0.283015	0.252830	0.024796	0.005442	-0.558991	0.828785	
 1687527079.022812	1687527078.988979	21.052099	-67.574573	-2.478670	0.299587	0.299613	0.246127	-0.036258	-0.034000	1.187661	0.328413	0.282198	0.254219	0.024229	0.005512	-0.559622	0.828375	
 1687527079.426220	1687527079.394764	21.051926	-67.565507	-2.473685	0.299230	0.299294	0.246113	-0.035044	-0.033202	1.189505	0.321038	0.277550	0.254172	0.023564	0.005211	-0.560381	0.827883	
 1687527079.833225	1687527079.797661	21.064620	-67.560012	-2.475484	0.295318	0.295382	0.244505	-0.036695	-0.032317	1.191616	0.317871	0.275799	0.252425	0.023666	0.006118	-0.561255	0.827282	
 1687527080.236480	1687527080.201986	21.081858	-67.554551	-2.481279	0.299054	0.299065	0.245984	-0.038491	-0.032019	1.194825	0.328209	0.278291	0.253941	0.024057	0.006906	-0.562584	0.826361	
 1687527080.642249	1687527080.605824	21.094389	-67.543492	-2.486139	0.297379	0.297310	0.245266	-0.040302	-0.031236	1.192961	0.329092	0.275733	0.253130	0.024235	0.007897	-0.561812	0.826872	
 1687527081.050171	1687527081.009192	21.092355	-67.527871	-2.487654	0.299606	0.299461	0.246189	-0.040271	-0.032278	1.188605	0.341889	0.278543	0.254099	0.024641	0.007646	-0.560014	0.828082	
 1687527081.458686	1687527081.413310	21.084175	-67.505619	-2.485934	0.299049	0.298960	0.245901	-0.037872	-0.031326	1.188975	0.345394	0.281568	0.253909	0.023577	0.006914	-0.560161	0.828020	
 1687527081.863713	1687527081.818876	21.078894	-67.480709	-2.482159	0.300548	0.300543	0.246484	-0.037100	-0.030704	1.192409	0.333814	0.278628	0.254601	0.023115	0.006728	-0.561579	0.827073	
 1687527082.270762	1687527082.222636	21.081185	-67.458368	-2.477746	0.299441	0.299491	0.246095	-0.033718	-0.030602	1.200675	0.333305	0.278057	0.254229	0.022146	0.005267	-0.564987	0.824785	
 1687527082.674092	1687527082.628870	21.098765	-67.440905	-2.475274	0.300059	0.300180	0.246415	-0.036189	-0.031194	1.203046	0.320133	0.275879	0.254497	0.023094	0.006091	-0.565970	0.824080	
 1687527083.076912	1687527083.032197	21.120695	-67.435348	-2.476224	0.296761	0.296861	0.244979	-0.033229	-0.030990	1.204308	0.328295	0.276730	0.252960	0.022177	0.004915	-0.566485	0.823759	
 1687527083.482197	1687527083.436334	21.134043	-67.437358	-2.474243	0.296677	0.296745	0.244904	-0.036372	-0.030852	1.202441	0.321873	0.277036	0.252866	0.023004	0.006271	-0.565720	0.824253	
 1687527083.888550	1687527083.854316	21.138076	-67.437119	-2.472478	0.296851	0.296808	0.245027	-0.036923	-0.031213	1.196056	0.332303	0.277847	0.253036	0.023288	0.006470	-0.563087	0.826044	
 1687527084.295202	1687527084.258533	21.135704	-67.432773	-2.476917	0.299738	0.299676	0.246277	-0.037368	-0.032140	1.196400	0.342994	0.283255	0.254423	0.023797	0.006389	-0.563233	0.825931	
 1687527084.699712	1687527084.665495	21.134172	-67.422835	-2.486293	0.300737	0.300710	0.246614	-0.036013	-0.032509	1.195883	0.348489	0.286892	0.254852	0.023566	0.005731	-0.563019	0.826088	
 1687527085.104109	1687527085.071239	21.133045	-67.412443	-2.495710	0.297266	0.297296	0.245122	-0.033811	-0.031823	1.198467	0.333551	0.281758	0.253275	0.022670	0.004985	-0.564080	0.825394	
 1687527085.507914	1687527085.473515	21.129513	-67.407225	-2.497932	0.295085	0.295174	0.244017	-0.033049	-0.030886	1.200804	0.325699	0.279279	0.252067	0.022074	0.004909	-0.565040	0.824753	
 1687527085.913275	1687527085.879072	21.129098	-67.408721	-2.491534	0.296842	0.296947	0.244805	-0.031573	-0.031362	1.200710	0.322988	0.278093	0.252886	0.021854	0.004167	-0.565000	0.824791	
 1687527086.317747	1687527086.286263	21.135156	-67.421147	-2.481067	0.298305	0.298391	0.245529	-0.031317	-0.031554	1.200497	0.320676	0.280266	0.253672	0.021860	0.004009	-0.564912	0.824852	
 1687527086.720910	1687527086.689882	21.144371	-67.437304	-2.476970	0.297757	0.297804	0.245453	-0.031447	-0.033804	1.197712	0.320556	0.280717	0.253625	0.022820	0.003459	-0.563767	0.825611	
 1687527087.126807	1687527087.096880	21.156434	-67.448549	-2.481546	0.298340	0.298347	0.245661	-0.028696	-0.034912	1.207104	0.317158	0.281819	0.253826	0.022512	0.001905	-0.567632	0.822973	
 1687527087.530020	1687527087.500736	21.155181	-67.454376	-2.490120	0.297738	0.297681	0.245396	-0.042889	-0.033029	1.187951	0.310787	0.283543	0.253475	0.025681	0.008528	-0.559749	0.828221	
 1687527087.933761	1687527087.904975	21.151322	-67.452202	-2.500821	0.297086	0.296936	0.245009	-0.040042	-0.031693	1.192490	0.362789	0.286198	0.253057	0.024349	0.007667	-0.561619	0.827002	
 1687527088.338642	1687527088.309925	21.141704	-67.450058	-2.503348	0.297047	0.296974	0.244919	-0.038255	-0.028786	1.195362	0.342072	0.279278	0.252970	0.022657	0.007712	-0.562793	0.826251	
 1687527088.741976	1687527088.714732	21.131088	-67.450793	-2.500588	0.299432	0.299428	0.245979	-0.033574	-0.030760	1.198195	0.340184	0.277062	0.254101	0.022164	0.005190	-0.563964	0.825485	
 1687527089.149516	1687527089.117118	21.128541	-67.455447	-2.496302	0.297656	0.297741	0.245310	-0.033160	-0.030991	1.198561	0.321406	0.276792	0.253407	0.022143	0.004950	-0.564115	0.825384	
 1687527089.557070	1687527089.520244	21.132879	-67.468856	-2.491595	0.297932	0.298018	0.245383	-0.034723	-0.031405	1.196171	0.323185	0.278786	0.253490	0.022748	0.005506	-0.563132	0.826035	
 1687527089.967583	1687527089.923842	21.138019	-67.487103	-2.485378	0.302555	0.302595	0.247262	-0.036487	-0.031358	1.194039	0.334020	0.283410	0.255503	0.023218	0.006272	-0.562254	0.826615	
 1687527090.271308	1687527090.227655	21.143204	-67.503068	-2.480178	0.242851	0.242832	0.216310	-0.037399	-0.031092	1.192470	0.295548	0.247179	0.223171	0.023359	0.006742	-0.561605	0.827048	
 1687527090.674648	1687527090.632001	21.149524	-67.506165	-2.479166	0.290461	0.290355	0.241792	-0.040164	-0.032401	1.191748	0.327951	0.273769	0.249593	0.024674	0.007528	-0.561315	0.827200	
 1687527091.078136	1687527091.033889	21.152360	-67.497201	-2.486077	0.290936	0.290831	0.242301	-0.042670	-0.032999	1.190279	0.343055	0.279065	0.250138	0.025617	0.008416	-0.560712	0.827572	
 1687527091.486509	1687527091.436548	21.145902	-67.484762	-2.499310	0.296598	0.296548	0.244782	-0.041169	-0.031500	1.190840	0.361946	0.285808	0.252774	0.024579	0.008208	-0.560937	0.827453	
 1687527091.896528	1687527091.840522	21.134639	-67.477299	-2.506778	0.290261	0.290326	0.241966	-0.036699	-0.028290	1.193130	0.340171	0.275231	0.249824	0.022006	0.007232	-0.561868	0.826902	
 1687527092.301503	1687527092.244715	21.122757	-67.483046	-2.502955	0.300363	0.300502	0.246322	-0.032964	-0.031019	1.193756	0.332579	0.275326	0.254379	0.022088	0.004914	-0.562130	0.826739	
 1687527092.706372	1687527092.649827	21.122718	-67.491744	-2.490945	0.291827	0.291950	0.242791	-0.033145	-0.032129	1.193293	0.318119	0.275183	0.250723	0.022597	0.004682	-0.561942	0.826855	
 1687527093.115843	1687527093.052812	21.102580	-67.534996	-2.480260	0.297751	0.297820	0.245352	-0.037373	-0.033851	1.190964	0.316614	0.276709	0.253412	0.024488	0.005976	-0.560991	0.827438	
 1687527093.523330	1687527093.469611	21.096907	-67.557400	-2.474991	0.299603	0.299609	0.246181	-0.039802	-0.034029	1.195704	0.334164	0.282566	0.254273	0.025259	0.006871	-0.562955	0.826073	
 1687527093.926661	1687527093.872974	21.098025	-67.559996	-2.474993	0.300199	0.300121	0.246539	-0.042254	-0.030781	1.192475	0.342052	0.283326	0.254528	0.024593	0.008838	-0.561610	0.826989	
 1687527094.330601	1687527094.277057	21.093641	-67.549462	-2.481282	0.298177	0.298073	0.245712	-0.041509	-0.029325	1.190577	0.353666	0.280370	0.253688	0.023773	0.008961	-0.560818	0.827549	
 1687527094.736631	1687527094.680846	21.085725	-67.533480	-2.488833	0.292734	0.292713	0.243195	-0.038716	-0.027364	1.189591	0.351148	0.276673	0.251105	0.022175	0.008366	-0.560401	0.827882	
 1687527095.144533	1687527095.123420	21.081140	-67.518878	-2.492276	0.298695	0.298757	0.245702	-0.035718	-0.028034	1.191004	0.338631	0.274214	0.253749	0.021618	0.006922	-0.560987	0.827513	
 1687527095.548673	1687527095.527378	21.082934	-67.510941	-2.491209	0.300625	0.300736	0.246514	-0.035128	-0.028333	1.192088	0.333183	0.276587	0.254636	0.021580	0.006582	-0.561436	0.827212	
 1687527095.957361	1687527095.931868	21.094710	-67.502450	-2.487158	0.296720	0.296816	0.244945	-0.036569	-0.029335	1.193509	0.332919	0.276841	0.253018	0.022404	0.006881	-0.562028	0.826786	
 1687527096.362154	1687527096.336243	21.107970	-67.493953	-2.483939	0.300242	0.300305	0.246413	-0.037687	-0.029164	1.193117	0.338033	0.279486	0.254583	0.022645	0.007396	-0.561867	0.826885	
 1687527096.766668	1687527096.743065	21.117849	-67.485898	-2.481552	0.294544	0.294583	0.243958	-0.034082	-0.034576	1.192403	0.342438	0.278162	0.252013	0.023869	0.004393	-0.561582	0.827065	
 1687527097.174247	1687527097.147049	21.127899	-67.475925	-2.481188	0.291067	0.291120	0.242413	-0.035389	-0.030139	1.201509	0.328264	0.284490	0.250419	0.022429	0.006077	-0.565332	0.824536	
 1687527097.581366	1687527097.551254	21.127014	-67.466054	-2.480682	0.300022	0.300020	0.246349	-0.047590	-0.029368	1.187634	0.338903	0.282492	0.254499	0.025478	0.011504	-0.559599	0.828292	
 1687527097.989184	1687527097.955732	21.129708	-67.456519	-2.490408	0.300099	0.300058	0.246381	-0.034638	-0.028196	1.196294	0.398192	0.287511	0.254626	0.021399	0.006373	-0.563173	0.826037	
 1687527098.392557	1687527098.359906	21.124957	-67.458904	-2.494673	0.297852	0.297937	0.245546	-0.037224	-0.028320	1.197808	0.331791	0.277221	0.253652	0.022184	0.007389	-0.563801	0.825580	
 1687527098.796012	1687527098.768187	21.114877	-67.470740	-2.497961	0.297834	0.297923	0.245410	-0.035169	-0.027345	1.194599	0.345701	0.279580	0.253554	0.021192	0.006850	-0.562471	0.826517	
 1687527099.199948	1687527099.172810	21.094943	-67.498037	-2.498584	0.298122	0.298220	0.245417	-0.035717	-0.028656	1.194402	0.339885	0.278727	0.253535	0.021886	0.006710	-0.562395	0.826552	
 1687527099.604024	1687527099.576457	21.074776	-67.525594	-2.494424	0.296624	0.296687	0.244756	-0.036993	-0.029895	1.194532	0.344427	0.281778	0.252864	0.022757	0.006888	-0.562453	0.826487	
 1687527100.008972	1687527099.982511	21.065098	-67.539411	-2.489286	0.298505	0.298542	0.245311	-0.037703	-0.030131	1.194061	0.354105	0.286307	0.253285	0.023053	0.007120	-0.562260	0.826608	
 1687527100.415869	1687527100.386318	21.046519	-67.561572	-2.485108	0.295708	0.295727	0.244368	-0.038367	-0.027764	1.191113	0.347876	0.282678	0.252497	0.022249	0.008093	-0.561033	0.827455	
 1687527100.820194	1687527100.791055	21.032830	-67.578831	-2.486101	0.299600	0.299610	0.246132	-0.038295	-0.026954	1.191305	0.353529	0.281438	0.254352	0.021895	0.008288	-0.561109	0.827411	
 1687527101.223129	1687527101.194360	21.030728	-67.581933	-2.493390	0.298629	0.298653	0.245832	-0.037372	-0.026260	1.189038	0.356941	0.281165	0.253972	0.021339	0.008125	-0.560168	0.828065	
 1687527101.630743	1687527101.597511	21.017726	-67.595453	-2.505645	0.291184	0.291224	0.242549	-0.036916	-0.023455	1.188091	0.338872	0.272868	0.250455	0.020047	0.008731	-0.559763	0.828364	
 1687527102.036221	1687527102.002800	21.011864	-67.594870	-2.513777	0.297526	0.297566	0.245170	-0.035996	-0.022548	1.187208	0.339023	0.271115	0.253187	0.019410	0.008612	-0.559394	0.828630	
 1687527102.442894	1687527102.407724	21.002948	-67.597636	-2.515850	0.300775	0.300817	0.246524	-0.035880	-0.023190	1.185182	0.336003	0.270861	0.254583	0.019635	0.008405	-0.558557	0.829191	
 1687527102.853259	1687527102.810802	20.999522	-67.599288	-2.514486	0.294734	0.294788	0.244036	-0.034940	-0.024095	1.185625	0.328257	0.267824	0.252046	0.019749	0.007758	-0.558745	0.829068	
 1687527103.260819	1687527103.215089	21.007112	-67.593241	-2.513779	0.295607	0.295686	0.244421	-0.035168	-0.024187	1.186224	0.328326	0.270058	0.252436	0.019853	0.007820	-0.558993	0.828898	
 1687527103.664020	1687527103.620483	21.003373	-67.601259	-2.514841	0.298581	0.298658	0.245671	-0.036516	-0.022781	1.187855	0.325762	0.269877	0.253725	0.019654	0.008756	-0.559663	0.828441	
 1687527104.071709	1687527104.024152	20.996106	-67.606477	-2.516507	0.299277	0.299310	0.246021	-0.037402	-0.022520	1.188640	0.330709	0.268826	0.254082	0.019798	0.009189	-0.559986	0.828214	
 1687527104.476434	1687527104.427602	20.995461	-67.595394	-2.521928	0.300805	0.300820	0.246694	-0.038579	-0.020900	1.188600	0.336880	0.269995	0.254719	0.019456	0.010130	-0.559961	0.828228	
 1687527104.880812	1687527104.832263	20.983650	-67.592047	-2.529604	0.297070	0.297063	0.245182	-0.039783	-0.020577	1.189724	0.331702	0.264816	0.253087	0.019665	0.010708	-0.560423	0.827904	
 1687527105.287055	1687527105.236456	20.983928	-67.576637	-2.539320	0.297221	0.297247	0.245144	-0.039274	-0.019404	1.188415	0.337440	0.265005	0.253135	0.019030	0.010839	-0.559876	0.828287	
 1687527105.691657	1687527105.644715	20.979407	-67.577328	-2.549526	0.296354	0.296401	0.244676	-0.036190	-0.020305	1.190404	0.333266	0.262818	0.252576	0.018549	0.009291	-0.560708	0.827754	
 1687527106.101616	1687527106.048382	20.979240	-67.580327	-2.556889	0.293497	0.293579	0.243524	-0.033410	-0.023350	1.189769	0.313448	0.259621	0.251277	0.019029	0.007292	-0.560458	0.827932	
 1687527106.508293	1687527106.479457	20.989690	-67.572505	-2.562295	0.294801	0.294928	0.243991	-0.031793	-0.024091	1.190203	0.309556	0.263377	0.251699	0.018884	0.006411	-0.560640	0.827820	
 1687527106.912673	1687527106.882508	20.980969	-67.577425	-2.566224	0.297683	0.297824	0.245300	-0.032221	-0.022410	1.187781	0.304498	0.264219	0.253037	0.018299	0.007081	-0.559631	0.828509	
 1687527107.322316	1687527107.286001	20.961278	-67.582466	-2.570333	0.298558	0.298688	0.245673	-0.028115	-0.018837	1.183726	0.307037	0.263593	0.253522	0.015658	0.006411	-0.557938	0.829710	
 1687527107.625262	1687527107.590105	20.950211	-67.573686	-2.572925	0.244327	0.244357	0.217377	-0.028480	-0.019870	1.178102	0.263245	0.229799	0.223661	0.016170	0.006320	-0.555606	0.831264	
 1687527108.029827	1687527107.992792	20.943969	-67.562626	-2.574809	0.289318	0.289387	0.241022	-0.025775	-0.020453	1.177702	0.294241	0.256507	0.248530	0.015661	0.005037	-0.555440	0.831394	
 1687527108.433430	1687527108.395852	20.937807	-67.562328	-2.575764	0.295771	0.295853	0.244137	-0.024907	-0.020882	1.179278	0.290599	0.259411	0.252034	0.015602	0.004545	-0.556096	0.830959	
 1687527108.839375	1687527108.799725	20.942262	-67.563840	-2.577089	0.293010	0.293124	0.243253	-0.023633	-0.020608	1.179425	0.287964	0.258882	0.251090	0.015134	0.004090	-0.556155	0.830931	
 1687527109.248366	1687527109.204048	20.957970	-67.557027	-2.579907	0.297817	0.297959	0.245430	-0.024823	-0.019710	1.183180	0.288038	0.260708	0.253264	0.015101	0.004806	-0.557713	0.829883	
 1687527109.554477	1687527109.507094	20.967347	-67.550996	-2.584991	0.243065	0.243085	0.216693	-0.025217	-0.021951	1.183693	0.253588	0.228120	0.223100	0.016141	0.004340	-0.557931	0.829719	
 1687527109.958254	1687527109.911238	20.957766	-67.557772	-2.590874	0.294911	0.294962	0.243678	-0.025615	-0.020456	1.181337	0.287877	0.259404	0.251327	0.015626	0.004941	-0.556950	0.830384	
 1687527110.365261	1687527110.315843	20.941475	-67.564651	-2.597829	0.287223	0.287222	0.240613	-0.025581	-0.020954	1.180628	0.283371	0.254241	0.248104	0.015822	0.004794	-0.556657	0.830578	
 1687527110.773721	1687527110.720990	20.932851	-67.558850	-2.601832	0.300513	0.300532	0.246193	-0.023039	-0.021656	1.178359	0.292186	0.261545	0.254009	0.015402	0.003560	-0.555713	0.831224	
 1687527111.183491	1687527111.124223	20.918678	-67.564089	-2.597855	0.301782	0.301799	0.246907	-0.024180	-0.023162	1.179625	0.287535	0.262393	0.254880	0.016347	0.003606	-0.556244	0.830851	
 1687527111.487294	1687527111.429093	20.924500	-67.554701	-2.590094	0.241423	0.241430	0.215572	-0.025674	-0.024759	1.177421	0.254877	0.231236	0.222043	0.017422	0.003801	-0.555333	0.831437	
 1687527111.890701	1687527111.832682	20.941407	-67.542310	-2.583023	0.296687	0.296711	0.244350	-0.026926	-0.021366	1.183250	0.290893	0.263322	0.252113	0.016374	0.005216	-0.557748	0.829833	
 1687527112.304556	1687527112.285714	20.970227	-67.523191	-2.585759	0.295605	0.295625	0.244349	-0.026229	-0.019389	1.184580	0.293319	0.260213	0.252227	0.015363	0.005468	-0.558293	0.829483	
 1687527112.708128	1687527112.687985	21.003360	-67.495835	-2.590931	0.302372	0.302398	0.247317	-0.023889	-0.016880	1.181726	0.295419	0.261672	0.255325	0.013662	0.005217	-0.557102	0.830315	
 1687527113.114522	1687527113.093092	21.028192	-67.471224	-2.598226	0.295561	0.295576	0.244527	-0.020092	-0.018379	1.173524	0.284764	0.255572	0.252443	0.013214	0.003278	-0.553693	0.832609	
 1687527113.518202	1687527113.495819	21.040344	-67.452850	-2.600016	0.298006	0.298043	0.245349	-0.015057	-0.020160	1.170576	0.280756	0.257864	0.253396	0.012561	0.000707	-0.552459	0.833445	
 1687527113.925556	1687527113.900300	21.059161	-67.421943	-2.594483	0.300464	0.300521	0.246347	-0.013588	-0.024054	1.178734	0.274097	0.259993	0.254489	0.013774	-0.001037	-0.555850	0.831168	
 1687527114.332382	1687527114.304965	21.082485	-67.387650	-2.583466	0.299208	0.299252	0.245929	-0.013830	-0.025162	1.189562	0.272122	0.263724	0.254095	0.014294	-0.001322	-0.560342	0.828137	
 1687527114.736486	1687527114.710256	21.090226	-67.382700	-2.570677	0.297929	0.297963	0.245363	-0.021257	-0.027747	1.207255	0.271883	0.264291	0.253508	0.017453	0.000875	-0.567668	0.823072	
 1687527115.143205	1687527115.115978	21.088779	-67.402158	-2.559153	0.293223	0.293252	0.243310	-0.025196	-0.031105	1.214465	0.280223	0.263815	0.251309	0.019958	0.001471	-0.570644	0.820954	
 1687527115.547407	1687527115.519580	21.095901	-67.417396	-2.551985	0.299910	0.299915	0.246139	-0.027565	-0.033628	1.218545	0.293967	0.272492	0.254174	0.021673	0.001680	-0.572326	0.819738	
 1687527115.951834	1687527115.924297	21.087606	-67.452583	-2.547773	0.290901	0.290884	0.242335	-0.028353	-0.034422	1.217687	0.297393	0.273444	0.250062	0.022223	0.001785	-0.571977	0.819967	
 1687527116.356539	1687527116.331680	21.079470	-67.476430	-2.544092	0.298540	0.298495	0.245571	-0.032858	-0.035111	1.211359	0.304183	0.278908	0.253530	0.023782	0.003511	-0.569394	0.821714	
 1687527116.759571	1687527116.734540	21.074041	-67.484415	-2.540096	0.297124	0.297065	0.244934	-0.034278	-0.035508	1.202814	0.322392	0.283945	0.252832	0.024331	0.004086	-0.565882	0.824117	
 1687527117.162905	1687527117.138225	21.064430	-67.495405	-2.532185	0.297155	0.297081	0.244930	-0.033957	-0.037695	1.214958	0.330035	0.287144	0.252933	0.025161	0.003182	-0.570878	0.820643	
 1687527117.566688	1687527117.541282	21.050160	-67.504010	-2.516030	0.292449	0.292413	0.242836	-0.035982	-0.034299	1.204902	0.328728	0.289564	0.250831	0.024320	0.005104	-0.566743	0.823520	
 1687527117.975459	1687527117.953671	21.050755	-67.506430	-2.495632	0.297226	0.297197	0.245005	-0.034836	-0.029899	1.194376	0.339064	0.287245	0.253095	0.022152	0.005996	-0.562386	0.826556	
 1687527118.383433	1687527118.357584	21.054148	-67.520293	-2.479453	0.301199	0.301188	0.246882	-0.036410	-0.025573	1.194178	0.322894	0.275845	0.254985	0.020806	0.007865	-0.562291	0.826640	
 1687527118.791784	1687527118.761008	21.066791	-67.528593	-2.478196	0.297120	0.297077	0.245389	-0.039092	-0.023595	1.197308	0.325604	0.269232	0.253299	0.020757	0.009498	-0.563575	0.825750	
 1687527119.200159	1687527119.167004	21.081469	-67.529811	-2.483563	0.304140	0.304022	0.248228	-0.039753	-0.019604	1.195614	0.340846	0.271389	0.256210	0.019286	0.010912	-0.562854	0.826259	
 1687527119.603286	1687527119.571759	21.091232	-67.527513	-2.482928	0.296240	0.296079	0.244801	-0.040266	-0.020139	1.193347	0.334173	0.262543	0.252636	0.019639	0.010995	-0.561919	0.826886	
 1687527120.009286	1687527119.975775	21.100723	-67.518982	-2.475568	0.292410	0.292312	0.242942	-0.037225	-0.021957	1.190525	0.339542	0.262626	0.250778	0.019524	0.009254	-0.560765	0.827693	
 1687527120.416996	1687527120.379650	21.114203	-67.505122	-2.462481	0.298196	0.298192	0.245445	-0.037809	-0.021024	1.192635	0.333893	0.267304	0.253470	0.019312	0.009737	-0.561632	0.827104	
 1687527120.823497	1687527120.781880	21.127028	-67.490530	-2.448926	0.292083	0.292132	0.243015	-0.038247	-0.020283	1.193533	0.333080	0.263834	0.250934	0.019132	0.010118	-0.562000	0.826854	
 1687527121.232986	1687527121.185477	21.136275	-67.480174	-2.445212	0.298189	0.298278	0.245686	-0.036581	-0.019359	1.194200	0.340561	0.266446	0.253758	0.018286	0.009683	-0.562273	0.826693	
 1687527121.637290	1687527121.591166	21.145710	-67.473185	-2.450633	0.301557	0.301688	0.247083	-0.036884	-0.018710	1.193390	0.336277	0.266511	0.255226	0.018099	0.009998	-0.561934	0.826923	
 1687527122.047139	1687527121.997530	21.150803	-67.472206	-2.459689	0.298809	0.298913	0.245887	-0.036910	-0.019286	1.192515	0.338468	0.265178	0.254016	0.018340	0.009855	-0.561575	0.827164	
 1687527122.450825	1687527122.401272	21.156884	-67.471065	-2.464639	0.295102	0.295181	0.244187	-0.037482	-0.020288	1.192102	0.335559	0.263950	0.252266	0.018913	0.009814	-0.561409	0.827264	
 1687527122.855103	1687527122.806032	21.163064	-67.469083	-2.461893	0.297656	0.297718	0.245147	-0.037472	-0.021168	1.191652	0.333655	0.265056	0.253278	0.019272	0.009567	-0.561227	0.827382	
 1687527123.260588	1687527123.211803	21.167091	-67.467029	-2.456471	0.301249	0.301312	0.246679	-0.037044	-0.021443	1.193433	0.343009	0.269591	0.254899	0.019274	0.009296	-0.561965	0.826884	
 1687527123.667130	1687527123.599029	21.171274	-67.462718	-2.450634	0.298136	0.298214	0.245334	-0.037196	-0.020906	1.194045	0.338718	0.268097	0.253349	0.019098	0.009504	-0.562215	0.826716	
 1687527124.071192	1687527124.002039	21.172949	-67.458105	-2.453067	0.299641	0.299732	0.246217	-0.037198	-0.019697	1.193722	0.342860	0.269144	0.254469	0.018597	0.009848	-0.562076	0.826818	
 1687527124.477662	1687527124.406047	21.170909	-67.455724	-2.467528	0.296524	0.296622	0.244994	-0.037125	-0.019290	1.194110	0.345545	0.267285	0.253171	0.018410	0.009928	-0.562235	0.826713	
 1687527124.886107	1687527124.809649	21.167003	-67.455561	-2.486641	0.299597	0.299715	0.246058	-0.036008	-0.018627	1.193865	0.335435	0.265272	0.254252	0.017821	0.009655	-0.562132	0.826799	
 1687527125.291195	1687527125.213648	21.156499	-67.460449	-2.496762	0.301008	0.301124	0.246503	-0.035551	-0.018541	1.193496	0.328802	0.263980	0.254681	0.017655	0.009493	-0.561979	0.826909	
 1687527125.695061	1687527125.617565	21.149902	-67.465273	-2.495365	0.298691	0.298774	0.245545	-0.034518	-0.020013	1.193788	0.325650	0.262760	0.253693	0.017974	0.008650	-0.562107	0.826824	
 1687527126.105726	1687527126.021079	21.149881	-67.468778	-2.488019	0.292719	0.292785	0.243021	-0.032807	-0.023475	1.195904	0.319821	0.261671	0.251043	0.018933	0.006949	-0.562996	0.826214	
 1687527126.509911	1687527126.424837	21.152930	-67.472085	-2.482236	0.300800	0.300881	0.246548	-0.033342	-0.023987	1.197077	0.322356	0.270119	0.254764	0.019299	0.007015	-0.563482	0.825873	
 1687527126.913543	1687527126.828702	21.162049	-67.474490	-2.480607	0.296088	0.296148	0.244771	-0.038876	-0.035516	1.210602	0.319403	0.268066	0.252882	0.025657	0.005879	-0.569096	0.821850	
 1687527127.321726	1687527127.233328	21.157101	-67.477241	-2.494063	0.296696	0.296741	0.244915	-0.030881	-0.028175	1.191259	0.347803	0.289351	0.253064	0.020321	0.004878	-0.561087	0.827493	
 1687527127.628627	1687527127.536079	21.145052	-67.478964	-2.507304	0.243710	0.243736	0.216764	-0.037869	-0.029372	1.188916	0.280166	0.243628	0.223619	0.022767	0.007460	-0.560129	0.828059	
 1687527128.035269	1687527128.041186	21.132644	-67.480899	-2.522421	0.296473	0.296495	0.244042	-0.035179	-0.027835	1.192717	0.335556	0.276041	0.252053	0.021390	0.006736	-0.561694	0.827041	
 1687527128.440650	1687527128.345565	21.124334	-67.480896	-2.524858	0.298511	0.298551	0.245268	-0.036428	-0.029076	1.194756	0.321132	0.271694	0.253341	0.022261	0.006882	-0.562543	0.826440	
 1687527128.845117	1687527128.751009	21.125540	-67.479917	-2.515541	0.293880	0.293910	0.243548	-0.032261	-0.030523	1.198317	0.326677	0.273275	0.251528	0.021696	0.004713	-0.564012	0.825468	
 1687527129.254376	1687527129.257098	21.132922	-67.479348	-2.506503	0.293544	0.293596	0.243573	-0.034385	-0.030731	1.197684	0.316411	0.275400	0.251559	0.022379	0.005538	-0.563755	0.825620	
 1687527129.559354	1687527129.561764	21.142457	-67.479116	-2.505189	0.239746	0.239765	0.214430	-0.035553	-0.029447	1.194749	0.278854	0.240360	0.221128	0.022168	0.006415	-0.562540	0.826448	
 1687527129.965428	1687527129.966387	21.145669	-67.481551	-2.510136	0.291350	0.291365	0.242099	-0.036555	-0.029238	1.195078	0.323648	0.272411	0.249837	0.022365	0.006885	-0.562677	0.826346	
 1687527130.369549	1687527130.369985	21.143022	-67.484369	-2.515667	0.296229	0.296220	0.244470	-0.036180	-0.027900	1.194649	0.332151	0.275954	0.252421	0.021705	0.007111	-0.562494	0.826486	
 1687527130.773897	1687527130.777561	21.133443	-67.488438	-2.518644	0.295479	0.295458	0.244291	-0.035530	-0.029647	1.195040	0.334041	0.275163	0.252281	0.022245	0.006347	-0.562661	0.826364	
 1687527131.182144	1687527131.182550	21.125817	-67.487241	-2.516392	0.295212	0.295209	0.244206	-0.035060	-0.030156	1.194511	0.331257	0.277334	0.252258	0.022322	0.006015	-0.562444	0.826512	
 1687527131.487903	1687527131.485579	21.119041	-67.484280	-2.509572	0.241578	0.241581	0.215473	-0.036265	-0.030299	1.193712	0.295157	0.247173	0.222220	0.022717	0.006482	-0.562115	0.826722	
 1687527131.891796	1687527131.890634	21.121145	-67.479303	-2.501324	0.296203	0.296228	0.244066	-0.034973	-0.030283	1.194684	0.335465	0.279178	0.252051	0.022351	0.005942	-0.562515	0.826463	
 1687527132.300035	1687527132.296248	21.127349	-67.479233	-2.492052	0.296069	0.296123	0.244481	-0.035164	-0.028431	1.195758	0.334727	0.280700	0.252525	0.021643	0.006530	-0.562953	0.826179	
 1687527132.707595	1687527132.698926	21.135091	-67.480485	-2.484546	0.292498	0.292538	0.243170	-0.036487	-0.027593	1.194585	0.333291	0.276380	0.251116	0.021664	0.007325	-0.562467	0.826504	
 1687527133.111542	1687527133.101831	21.138694	-67.482208	-2.481027	0.299020	0.299019	0.246015	-0.038729	-0.027439	1.193982	0.337759	0.277081	0.254103	0.022228	0.008302	-0.562218	0.826649	
 1687527133.515458	1687527133.505644	21.135454	-67.484882	-2.482745	0.298356	0.298321	0.245757	-0.038112	-0.027136	1.192849	0.352176	0.279342	0.253874	0.021925	0.008144	-0.561748	0.826978	
 1687527133.921238	1687527133.910694	21.131319	-67.485137	-2.483076	0.297423	0.297400	0.245277	-0.037451	-0.027552	1.192291	0.349463	0.278518	0.253403	0.021910	0.007760	-0.561519	0.827137	
 1687527134.331451	1687527134.316332	21.128098	-67.481705	-2.481129	0.293868	0.293871	0.243365	-0.037754	-0.028312	1.194116	0.346836	0.277971	0.251241	0.022316	0.007652	-0.562277	0.826613	
 1687527134.634941	1687527134.619139	21.125672	-67.476965	-2.479587	0.243350	0.243359	0.216489	-0.038172	-0.028088	1.194371	0.314818	0.250366	0.223382	0.022341	0.007884	-0.562381	0.826539	
 1687527137.441520	1687527137.364042	21.145441	-67.463921	-2.473123	0.302551	0.302529	0.246717	-0.096569	-0.040665	1.232129	0.341307	0.279463	0.254858	0.044457	0.027650	-0.577836	0.814472	
 1687527137.747305	1687527137.670663	21.141525	-67.459116	-2.473233	0.238036	0.238070	0.213714	-0.070766	-0.044046	1.214857	0.590231	0.272659	0.220128	0.038257	0.016480	-0.570902	0.819961	
 1687527138.150714	1687527138.073608	21.132629	-67.457742	-2.485572	0.290264	0.290266	0.241585	-0.039065	-0.036623	1.195803	0.517632	0.317066	0.249340	0.026124	0.005835	-0.563003	0.826021	
 1687527138.554533	1687527138.478264	21.132724	-67.457939	-2.486068	0.291388	0.291652	0.242597	-0.047474	-0.036776	1.203981	0.350697	0.294895	0.250317	0.028589	0.009150	-0.566389	0.823591	
 1687527138.961950	1687527138.885381	21.138229	-67.456982	-2.485656	0.294569	0.294850	0.244080	-0.038547	-0.034370	1.201079	0.396603	0.300974	0.252065	0.025064	0.006189	-0.565172	0.824569	
 1687527139.365539	1687527139.288245	21.154632	-67.446274	-2.480110	0.295431	0.295789	0.244663	-0.038871	-0.035062	1.199260	0.351374	0.292543	0.252609	0.025435	0.006150	-0.564425	0.825069	
 1687527139.768640	1687527139.690405	21.162460	-67.443523	-2.476130	0.295684	0.295955	0.244791	-0.038383	-0.033236	1.196351	0.356473	0.295953	0.252800	0.024535	0.006500	-0.563218	0.825919	
 1687527140.171615	1687527140.092605	21.176981	-67.426844	-2.477605	0.293759	0.293968	0.243975	-0.039400	-0.033773	1.195180	0.347434	0.288639	0.251906	0.025039	0.006784	-0.562737	0.826229	
 1687527140.581368	1687527140.496817	21.186652	-67.407252	-2.485004	0.296743	0.296888	0.245022	-0.037425	-0.038951	1.194619	0.355095	0.292290	0.253081	0.026621	0.004518	-0.562516	0.826345	
 1687527140.987046	1687527140.901369	21.185183	-67.396549	-2.489574	0.301100	0.301240	0.246718	-0.035130	-0.046306	1.196063	0.355209	0.307831	0.254928	0.029016	0.001479	-0.563115	0.825868	
 1687527143.592557	1687527143.536040	21.133516	-67.348729	-2.468829	0.296630	0.295718	0.246030	-0.148883	0.064659	-0.791069	0.326413	0.310432	0.253041	-0.058386	0.056175	0.386252	0.918828	
 1687527143.898275	1687527143.838131	21.137903	-67.220884	-2.449045	0.255309	0.254495	0.218376	-0.179720	0.166546	-0.821711	0.628290	0.343913	0.214679	-0.111664	0.048900	0.403247	0.906935	
 1687527144.301538	1687527144.243130	21.099521	-67.084271	-2.420092	0.288801	0.287652	0.249351	-0.099115	0.087826	-0.470180	0.694095	0.613579	0.246813	-0.054167	0.037915	0.234535	0.969857	
 1687527144.711506	1687527144.647745	21.111169	-66.993459	-2.407657	0.297411	0.297500	0.250275	-0.048543	0.071110	-0.230047	0.484800	0.552067	0.251264	-0.038086	0.020015	0.115521	0.992373	
 1687527145.017426	1687527144.975378	21.186991	-66.933921	-2.382726	0.241600	0.242499	0.219318	-0.053144	0.059129	-0.157698	0.272858	0.424730	0.221313	-0.031550	0.024147	0.079488	0.996044	
 1687527145.423978	1687527145.378611	21.320813	-66.919287	-2.372596	0.284054	0.286184	0.242693	-0.080790	0.030397	-0.337272	0.302461	0.377946	0.245951	-0.021747	0.037258	0.168287	0.984794	
 1687527145.830642	1687527145.785392	21.473473	-66.896823	-2.369992	0.295750	0.293578	0.247356	-0.078706	0.011838	-0.534809	0.398714	0.291937	0.251184	-0.016100	0.036381	0.264244	0.963635	
 1687527146.238380	1687527146.189290	21.596568	-66.845576	-2.374326	0.293750	0.290329	0.246243	-0.075802	-0.006400	-0.703297	0.411736	0.257819	0.250218	-0.010049	0.036674	0.344083	0.938169	
 1687527146.644259	1687527146.592886	21.750871	-66.790338	-2.377706	0.301948	0.297467	0.250960	-0.078428	-0.019891	-0.842926	0.412759	0.247398	0.253375	-0.006969	0.039837	0.408405	0.911904	
 1687527147.048006	1687527146.997889	21.833439	-66.722876	-2.376948	0.294056	0.292165	0.246530	-0.068853	-0.037196	-0.910301	0.432074	0.247676	0.250432	0.001566	0.039081	0.438686	0.897789	
 1687527147.455323	1687527147.401526	21.968311	-66.639196	-2.364925	0.296154	0.294856	0.248780	-0.067540	-0.029801	-0.996775	0.390192	0.271098	0.252325	-0.003058	0.036771	0.477242	0.877997	
 1687527147.859276	1687527147.804264	22.120287	-66.543332	-2.359804	0.295148	0.295505	0.247547	-0.072081	-0.036969	-1.215434	0.400803	0.261258	0.252255	-0.005407	0.040123	0.569980	0.820661	
 1687527148.263664	1687527148.206707	22.242544	-66.439225	-2.362009	0.296312	0.296649	0.246952	-0.064465	-0.035118	-1.342587	0.438945	0.272013	0.252845	-0.006301	0.036146	0.621137	0.782842	
 1687527148.668083	1687527148.612320	22.331231	-66.304584	-2.368781	0.296731	0.297196	0.247005	-0.065222	-0.034705	-1.423791	0.405726	0.271194	0.252866	-0.008167	0.036012	0.652396	0.756978	
 1687527149.074255	1687527149.016241	22.401928	-66.184517	-2.371077	0.295957	0.296593	0.245877	-0.072601	-0.034278	-1.611963	0.416886	0.272156	0.252230	-0.014323	0.037482	0.720499	0.692294	
 1687527149.483743	1687527149.420600	22.415686	-66.055318	-2.364693	0.297654	0.298199	0.246039	-0.068465	-0.021554	-1.580286	0.467842	0.276599	0.252856	-0.016735	0.031737	0.709737	0.703553	
 1687527149.891013	1687527149.828301	22.402033	-65.935570	-2.356303	0.301498	0.301723	0.247632	-0.068039	-0.021840	-1.679970	0.448591	0.259865	0.254477	-0.018041	0.030828	0.743910	0.667324	
 1687527150.300161	1687527150.233034	22.384509	-65.808826	-2.347418	0.298177	0.298374	0.246094	-0.066762	-0.015779	-1.644519	0.455622	0.261918	0.252903	-0.019086	0.028490	0.732075	0.680360	
 1687527150.704902	1687527150.669328	22.373090	-65.691957	-2.339922	0.302560	0.302575	0.247945	-0.072310	-0.017364	-1.764937	0.443815	0.256526	0.254946	-0.022404	0.029662	0.771576	0.635050	
 1687527151.108332	1687527151.072819	22.378369	-65.545518	-2.337069	0.296866	0.297182	0.245740	-0.068245	-0.010161	-1.760907	0.472360	0.258404	0.252511	-0.023071	0.025639	0.770459	0.636556	
 1687527151.515251	1687527151.475876	22.376137	-65.384066	-2.337597	0.297519	0.297974	0.245902	-0.071265	-0.016018	-1.801424	0.458551	0.252627	0.252755	-0.022950	0.028398	0.783070	0.620861	
 1687527151.920299	1687527151.879215	22.359004	-65.216440	-2.336157	0.298471	0.298974	0.246089	-0.073276	-0.017986	-1.803441	0.469754	0.259017	0.253277	-0.023157	0.029769	0.783633	0.620078	
 1687527152.323859	1687527152.285245	22.322484	-65.066203	-2.330862	0.296120	0.296638	0.245147	-0.071255	-0.014296	-1.814730	0.481968	0.260468	0.252320	-0.023665	0.027563	0.787207	0.615618	
 1687527152.729168	1687527152.687195	22.283758	-64.921129	-2.327087	0.301175	0.301641	0.247195	-0.069055	-0.010476	-1.817207	0.482792	0.259567	0.254524	-0.024006	0.025353	0.788054	0.614615	
 1687527153.133567	1687527153.092195	22.260282	-64.778899	-2.323153	0.297998	0.298381	0.245933	-0.070453	-0.018257	-1.886227	0.464422	0.254729	0.253056	-0.023147	0.028066	0.808666	0.587142	
 1687527153.538772	1687527153.497671	22.270533	-64.599008	-2.320964	0.291663	0.292299	0.243393	-0.068820	-0.025622	-1.954120	0.471423	0.262309	0.250192	-0.021350	0.029858	0.828051	0.559450	
 1687527153.943537	1687527153.902021	22.269087	-64.405894	-2.317771	0.297851	0.298637	0.246028	-0.069765	-0.019783	-1.935215	0.462432	0.278294	0.253095	-0.023112	0.027923	0.822794	0.567183	
 1687527154.346395	1687527154.306147	22.241634	-64.208339	-2.316900	0.297135	0.297799	0.245575	-0.061636	-0.012936	-1.862148	0.470666	0.269003	0.253022	-0.020860	0.023581	0.801745	0.596837	
 1687527154.750470	1687527154.709632	22.207750	-64.031351	-2.315737	0.286696	0.287492	0.241164	-0.072777	-0.003079	-1.812030	0.426648	0.252827	0.248237	-0.027684	0.023654	0.786495	0.616522	
 1687527155.153506	1687527155.114560	22.185915	-63.839012	-2.314182	0.297961	0.298339	0.245986	-0.071075	-0.002923	-1.792920	0.481155	0.250064	0.253234	-0.026841	0.023325	0.780595	0.624025	
 1687527155.556673	1687527155.520462	22.146856	-63.662944	-2.316963	0.296689	0.297190	0.245507	-0.071016	-0.008241	-1.774979	0.478103	0.249373	0.252653	-0.024930	0.025607	0.774902	0.631071	
 1687527155.962142	1687527155.925216	22.130651	-63.451627	-2.320072	0.290553	0.291041	0.242665	-0.070979	-0.017557	-1.812536	0.478961	0.249230	0.249872	-0.022521	0.028787	0.786490	0.616521	
 1687527156.368213	1687527156.335652	22.115211	-63.239669	-2.317480	0.296614	0.297207	0.245281	-0.068202	-0.013561	-1.770707	0.478801	0.260764	0.252549	-0.022104	0.026828	0.773525	0.632812	
 1687527156.775606	1687527156.739252	22.097815	-63.055708	-2.308693	0.294321	0.295147	0.244506	-0.061904	-0.013094	-1.743260	0.468939	0.254765	0.251728	-0.019474	0.024925	0.764866	0.643413	
 1687527157.180470	1687527157.145894	22.074097	-62.862385	-2.306294	0.298770	0.299398	0.246383	-0.070423	-0.022329	-1.766170	0.433863	0.255025	0.253703	-0.020118	0.030966	0.771924	0.634641	
 1687527157.583941	1687527157.551402	22.058359	-62.666109	-2.306631	0.296596	0.297346	0.245582	-0.067359	-0.016708	-1.804800	0.485106	0.264620	0.252753	-0.021252	0.027420	0.784170	0.619576	
 1687527157.986986	1687527157.954178	22.034191	-62.492565	-2.309480	0.297037	0.297877	0.245956	-0.069612	-0.021146	-1.800388	0.477751	0.261013	0.253408	-0.020695	0.029903	0.782701	0.621335	
 1687527158.390835	1687527158.359913	22.005549	-62.292104	-2.313124	0.297646	0.298347	0.245915	-0.071005	-0.015669	-1.824368	0.478423	0.264910	0.253417	-0.023278	0.027915	0.790149	0.611835	
 1687527158.797469	1687527158.764345	21.973843	-62.108430	-2.314345	0.294722	0.295380	0.244155	-0.068663	-0.013181	-1.821742	0.490663	0.259004	0.251373	-0.023079	0.026246	0.789417	0.612862	
 1687527159.205164	1687527159.168200	21.916817	-61.934981	-2.309213	0.297482	0.298117	0.245685	-0.072613	-0.010766	-1.830555	0.472835	0.257687	0.253266	-0.025495	0.026391	0.792079	0.609315	
 1687527159.611465	1687527159.569362	21.857508	-61.769615	-2.303557	0.293941	0.294471	0.244100	-0.071555	-0.013437	-1.879654	0.491981	0.254772	0.251430	-0.024921	0.026522	0.806779	0.589731	
 1687527160.018671	1687527159.972415	21.804174	-61.615867	-2.303254	0.298932	0.299613	0.246332	-0.070521	-0.019485	-1.894482	0.499213	0.261811	0.253644	-0.022932	0.028488	0.811064	0.583813	
 1687527160.422431	1687527160.376213	21.737761	-61.460130	-2.302284	0.298525	0.299269	0.246370	-0.076824	-0.016343	-1.892799	0.489921	0.269068	0.253596	-0.026382	0.029074	0.810507	0.584412	
 1687527160.827527	1687527160.781456	21.665359	-61.297197	-2.300998	0.295331	0.296004	0.244920	-0.070511	-0.017572	-1.896437	0.526259	0.264946	0.252148	-0.023514	0.027686	0.811661	0.582998	
 1687527161.231494	1687527161.185892	21.600418	-61.138636	-2.303521	0.298394	0.299175	0.246208	-0.068478	-0.014319	-1.900165	0.503226	0.267843	0.253546	-0.023684	0.025730	0.812823	0.581459	
 1687527161.639235	1687527161.588959	21.522893	-60.969986	-2.302170	0.297212	0.297929	0.245803	-0.071512	-0.014741	-1.893100	0.484824	0.263036	0.253155	-0.024701	0.026870	0.810709	0.584310	
 1687527161.945827	1687527161.906771	21.457692	-60.809279	-2.299373	0.244059	0.244495	0.217486	-0.057745	-0.014670	-1.904791	0.449711	0.233716	0.223702	-0.019271	0.022709	0.814322	0.579648	
 1687527162.352803	1687527162.310851	21.382488	-60.642745	-2.302858	0.296248	0.297175	0.245058	-0.069615	-0.013278	-1.890414	0.425610	0.260995	0.252299	-0.024324	0.025756	0.809974	0.585395	
 1687527162.758692	1687527162.715535	21.325222	-60.472939	-2.305388	0.297163	0.297816	0.245568	-0.081174	-0.022845	-1.908708	0.499032	0.261933	0.252793	-0.026507	0.032769	0.814947	0.578000	
 1687527163.163484	1687527163.119906	21.269941	-60.280473	-2.299173	0.297148	0.297786	0.245549	-0.070046	-0.014044	-1.870128	0.560094	0.276489	0.252902	-0.024008	0.026438	0.803978	0.593586	
 1687527163.471041	1687527163.422871	21.214805	-60.110166	-2.292713	0.240947	0.241338	0.215509	-0.068157	-0.016892	-1.846176	0.441255	0.230028	0.221800	-0.022077	0.027288	0.796804	0.603218	
 1687527163.874288	1687527163.827711	21.172341	-59.914025	-2.291894	0.295634	0.296403	0.244545	-0.073842	-0.012476	-1.847535	0.486047	0.262183	0.251974	-0.025693	0.027225	0.797180	0.602580	
 1687527164.283951	1687527164.232191	21.134341	-59.737212	-2.291200	0.296325	0.296930	0.245046	-0.071090	-0.009607	-1.828159	0.528731	0.259498	0.252522	-0.025215	0.025498	0.791387	0.610262	
 1687527164.688688	1687527164.637448	21.109516	-59.509789	-2.292171	0.279892	0.280439	0.237812	-0.065156	-0.007842	-1.851356	0.486824	0.247819	0.244969	-0.023669	0.022716	0.798522	0.601071	
 1687527165.092303	1687527165.041958	21.097030	-59.303926	-2.301351	0.295637	0.296453	0.245020	-0.048095	-0.025444	-1.825293	0.468965	0.254162	0.252347	-0.011242	0.024768	0.790645	0.611670	
 1687527165.496341	1687527165.446728	21.072947	-59.156872	-2.313740	0.292117	0.293248	0.243897	-0.030738	-0.027001	-1.817227	0.388740	0.268920	0.251087	-0.003820	0.020094	0.788360	0.614875	
 1687527166.002968	1687527165.950483	21.054522	-58.981884	-2.323966	0.342327	0.344765	0.262651	-0.031268	-0.039312	-1.855173	0.333470	0.286211	0.269923	-0.000720	0.025100	0.799738	0.599824	
 1687527166.409901	1687527166.354234	21.048139	-58.825831	-2.307550	0.301357	0.303023	0.249065	-0.065636	-0.041727	-1.858888	0.323903	0.293529	0.256175	-0.013811	0.036334	0.800272	0.598376	
 1687527166.815691	1687527166.757643	21.030529	-58.706243	-2.254243	0.301507	0.302210	0.247433	-0.029777	-0.042510	-1.832900	0.487786	0.304155	0.255320	0.001124	0.025921	0.792986	0.608687	
 1687527167.221555	1687527167.161855	21.022465	-58.631700	-2.212930	0.298148	0.299245	0.246696	-0.014839	-0.032964	-1.855152	0.317637	0.296602	0.253879	0.003949	0.017637	0.799964	0.599775	
 1687527167.630093	1687527167.605887	21.006257	-58.541359	-2.148624	0.299487	0.300566	0.247297	-0.038229	-0.023293	-1.870713	0.274488	0.277055	0.254623	-0.008470	0.020715	0.804477	0.593562	
 1687527168.035712	1687527168.011719	20.994035	-58.498537	-2.092695	0.299313	0.299699	0.246332	-0.029081	-0.023825	-1.864368	0.348112	0.269124	0.254139	-0.004574	0.018230	0.802679	0.596115	
 1687527168.441544	1687527168.413625	20.983457	-58.426936	-2.018365	0.296863	0.297177	0.245100	-0.015248	-0.020930	-1.878776	0.307918	0.265239	0.252807	0.000023	0.012947	0.807082	0.590297	
 1687527168.848730	1687527168.819340	20.974981	-58.360650	-1.928853	0.297377	0.297509	0.245504	-0.012173	-0.010130	-1.872999	0.272436	0.260190	0.253281	-0.001901	0.007687	0.805445	0.592618	
 1687527169.253832	1687527169.227381	20.978241	-58.324857	-1.830534	0.299417	0.299282	0.246561	-0.011490	0.001485	-1.874923	0.266314	0.251880	0.254096	-0.005070	0.002802	0.806047	0.591823	
 1687527169.658232	1687527169.632284	20.965208	-58.267367	-1.729329	0.289773	0.289582	0.242340	-0.002138	0.020507	-1.893253	0.258779	0.244066	0.249775	-0.006860	-0.007695	0.811412	0.584384	
 1687527169.964628	1687527169.935134	20.958170	-58.248104	-1.632058	0.239030	0.238954	0.214854	-0.009469	0.035211	-1.871175	0.223385	0.223690	0.220649	-0.014256	-0.011362	0.804864	0.593180	
 1687527170.370521	1687527170.338583	20.943852	-58.212902	-1.546513	0.276830	0.276612	0.235756	-0.003225	0.048239	-1.901287	0.246611	0.258828	0.242421	-0.015328	-0.018690	0.813574	0.580958	
 1687527170.777587	1687527170.740891	20.935183	-58.192593	-1.457187	0.297993	0.297653	0.245355	0.001372	0.054504	-1.883094	0.257130	0.292607	0.252995	-0.015482	-0.022434	0.808158	0.588335	
 1687527171.182299	1687527171.145178	20.933365	-58.125214	-1.355406	0.298025	0.297842	0.245800	-0.003850	0.064036	-1.902895	0.259414	0.300085	0.253390	-0.020150	-0.024950	0.813874	0.580156	
 1687527171.588394	1687527171.549757	20.930624	-58.052034	-1.244525	0.294542	0.294282	0.244758	0.001902	0.064072	-1.875030	0.257354	0.316300	0.252390	-0.018189	-0.026382	0.805658	0.591514	
 1687527171.992357	1687527171.953810	20.941531	-58.007850	-1.144893	0.293636	0.293412	0.244887	-0.008423	0.060345	-1.878977	0.259495	0.318092	0.252195	-0.021203	-0.021868	0.806957	0.589825	
 1687527172.396461	1687527172.357267	20.913880	-57.923220	-1.063700	0.293722	0.293625	0.244368	-0.030823	0.042524	-1.836169	0.255482	0.299314	0.251579	-0.025151	-0.007530	0.794365	0.606873	
 1687527172.803299	1687527172.760539	20.907353	-57.839298	-0.982602	0.296299	0.295994	0.245555	-0.035181	0.058909	-1.833268	0.284035	0.268265	0.252989	-0.031870	-0.012668	0.793406	0.607726	
 1687527173.107642	1687527173.070732	20.907218	-57.695771	-0.932718	0.241273	0.241178	0.217170	-0.003232	0.021999	-1.876995	0.252897	0.250385	0.222554	-0.007804	-0.007918	0.806632	0.590950	
 1687527173.513953	1687527173.474528	20.875248	-57.615215	-0.927596	0.291188	0.291016	0.243635	0.009539	0.008521	-1.903200	0.254290	0.251852	0.250130	0.001411	-0.006237	0.814317	0.580386	
 1687527173.921883	1687527173.881484	20.853334	-57.514595	-0.927844	0.296593	0.296423	0.245482	0.005273	0.033879	-1.891110	0.262251	0.248787	0.252817	-0.007776	-0.015277	0.810677	0.585243	
 1687527174.225412	1687527174.185887	20.820265	-57.422714	-0.942882	0.244404	0.244244	0.217635	0.034766	0.012111	-1.895485	0.231108	0.234911	0.223630	0.010583	-0.015059	0.811901	0.583505	
 1687527174.634711	1687527174.590875	20.804571	-57.273616	-0.927660	0.292826	0.292808	0.243112	0.077501	0.045566	-1.826133	0.303084	0.250511	0.250094	0.016735	-0.041692	0.790043	0.611403	
 1687527175.044330	1687527174.997269	20.797382	-57.154281	-0.944389	0.292443	0.292224	0.244541	0.077084	0.046891	-1.762174	0.478450	0.288191	0.251684	0.014810	-0.042584	0.770071	0.636363	
 1687527175.452574	1687527175.399951	20.798810	-56.989273	-0.945963	0.294906	0.295139	0.244730	-0.050291	0.009417	-1.806030	0.459254	0.281029	0.251637	-0.022657	0.011873	0.785014	0.618950	
 1687527175.857577	1687527175.802581	20.773855	-56.835042	-0.908583	0.298720	0.298509	0.248292	-0.044904	0.043773	-1.835178	0.345202	0.246201	0.253568	-0.031121	-0.003735	0.794047	0.607048	
 1687527176.263787	1687527176.206186	20.742678	-56.699775	-0.893064	0.296116	0.295806	0.245560	-0.045838	-0.004345	-1.888630	0.318117	0.262207	0.252572	-0.017292	0.015196	0.809852	0.586183	
 1687527176.669422	1687527176.611228	20.682501	-56.537265	-0.893870	0.298490	0.297324	0.246779	-0.072600	0.009771	-1.874590	0.339411	0.250381	0.253394	-0.032140	0.017549	0.805524	0.591431	
 1687527177.072698	1687527177.015113	20.654523	-56.350385	-0.891304	0.301668	0.301430	0.246820	-0.050916	-0.008096	-1.935984	0.447823	0.248692	0.254288	-0.018674	0.017765	0.823417	0.566851	
 1687527177.476065	1687527177.420088	20.616738	-56.196046	-0.877011	0.297720	0.297305	0.245555	-0.046846	-0.002889	-1.849109	0.372043	0.254396	0.252974	-0.017829	0.015257	0.798112	0.602052	
 1687527177.883586	1687527177.823176	20.555214	-56.037013	-0.841741	0.286579	0.286339	0.241183	-0.069683	-0.008746	-1.885278	0.348262	0.245062	0.248503	-0.025617	0.024006	0.808523	0.587416	
 1687527178.290029	1687527178.226143	20.536847	-55.873989	-0.823123	0.298479	0.298319	0.246293	-0.059257	-0.000381	-1.907123	0.472399	0.257807	0.253973	-0.024048	0.017301	0.815121	0.578533	
 1687527178.693061	1687527178.631369	20.498276	-55.684022	-0.818060	0.294105	0.294310	0.243987	-0.076834	-0.011599	-1.859135	0.406324	0.249143	0.251443	-0.027311	0.027618	0.800623	0.597908	
 1687527179.096177	1687527179.058539	20.424991	-55.505821	-0.795578	0.292955	0.293057	0.243480	-0.088857	-0.011897	-1.882132	0.509448	0.257113	0.251025	-0.032394	0.030959	0.807219	0.588549	
 1687527179.499732	1687527179.462085	20.346878	-55.335426	-0.797209	0.288951	0.289082	0.242113	-0.047138	-0.008740	-1.900712	0.590289	0.259963	0.249860	-0.016635	0.017256	0.813329	0.581310	
 1687527180.204534	1687527180.171670	20.282372	-55.108441	-0.802237	0.285272	0.285607	0.240004	-0.135680	0.005253	-1.895736	0.358125	0.248298	0.247267	-0.056584	0.037420	0.810406	0.581928	
 1687527180.608626	1687527180.574741	20.261280	-54.934331	-0.772213	0.299566	0.299539	0.246850	-0.109658	0.025827	-1.841881	0.840859	0.256176	0.253988	-0.051429	0.022891	0.795337	0.603548	
 1687527181.014070	1687527180.979187	20.248176	-54.804762	-0.774447	0.296198	0.296607	0.245664	-0.091857	0.001350	-1.830052	0.720905	0.246925	0.253161	-0.036800	0.027462	0.791761	0.609102	
 1687527181.426356	1687527181.386022	20.204225	-54.657811	-0.785022	0.298767	0.299611	0.246097	-0.070915	-0.037714	-1.856797	0.636571	0.251686	0.253201	-0.017089	0.036322	0.799616	0.599169	
 1687527181.832376	1687527181.790215	20.162513	-54.523238	-0.759260	0.301071	0.302548	0.247550	-0.071022	-0.031268	-1.880844	0.537479	0.298226	0.254359	-0.019468	0.033546	0.806872	0.589452	
 1687527182.138742	1687527182.093096	20.124993	-54.422054	-0.732997	0.242193	0.243100	0.217250	-0.052046	-0.055256	-1.862849	0.480912	0.256114	0.223224	-0.004395	0.037680	0.801464	0.596839	
 1687527182.544378	1687527182.496284	20.090629	-54.325207	-0.731817	0.291399	0.293590	0.244729	-0.064981	-0.051031	-1.858447	0.435161	0.329943	0.250904	-0.010757	0.039863	0.799976	0.598610	
 1687527182.953163	1687527182.901262	20.051405	-54.198930	-0.742798	0.297374	0.298986	0.246257	-0.069908	-0.057688	-1.863423	0.508584	0.323551	0.253354	-0.010847	0.043970	0.801217	0.596658	
 1687527183.257051	1687527183.204466	20.017955	-54.110742	-0.755433	0.243878	0.244458	0.217535	-0.055932	-0.065993	-1.867955	0.484044	0.302504	0.223656	-0.002859	0.043132	0.802691	0.594826	
 1687527183.661098	1687527183.607413	20.001305	-54.003698	-0.749579	0.293537	0.294566	0.244065	-0.084294	-0.020223	-1.878185	0.462300	0.359042	0.250940	-0.028036	0.033033	0.806013	0.590310	
 1687527184.070085	1687527184.011298	19.973754	-53.907381	-0.739461	0.287647	0.287947	0.241518	-0.091821	-0.037066	-1.879064	0.627663	0.271396	0.248928	-0.026118	0.042025	0.805791	0.590129	
 1687527184.473991	1687527184.415466	19.938101	-53.834219	-0.731093	0.291892	0.292222	0.242459	-0.067682	-0.034958	-1.873316	0.708930	0.304835	0.250075	-0.016903	0.034115	0.804648	0.592530	
 1687527184.881062	1687527184.846350	19.893997	-53.738764	-0.696465	0.296199	0.296785	0.245315	-0.067536	-0.059693	-1.869678	0.547500	0.298891	0.252799	-0.009435	0.044038	0.803088	0.594155	
 1687527185.285187	1687527185.251918	19.893337	-53.671883	-0.683021	0.294944	0.295365	0.245526	-0.074245	-0.015359	-1.874274	0.563933	0.360192	0.253432	-0.025364	0.028159	0.805119	0.591902	
 1687527185.692872	1687527185.657107	19.882938	-53.576752	-0.696514	0.298315	0.298173	0.246519	-0.059696	-0.050605	-1.883124	0.575028	0.268427	0.253855	-0.009237	0.038003	0.807415	0.588686	
 1687527186.097789	1687527186.063791	19.838917	-53.482006	-0.702852	0.298379	0.299038	0.246436	-0.037478	-0.062855	-1.910699	0.502973	0.335174	0.253802	0.002845	0.036465	0.815629	0.577418	
 1687527186.502983	1687527186.467002	19.804905	-53.427625	-0.686593	0.296924	0.298098	0.246055	-0.068483	-0.036789	-1.904671	0.385337	0.369474	0.253119	-0.017231	0.034823	0.813791	0.579857	
 1687527186.907960	1687527186.870259	19.763355	-53.367663	-0.652541	0.296077	0.296402	0.245077	-0.065864	-0.049941	-1.896108	0.549254	0.306073	0.252741	-0.012182	0.039469	0.811109	0.583435	
 1687527187.312911	1687527187.273393	19.749694	-53.288755	-0.638550	0.300686	0.300704	0.247354	-0.034709	-0.010953	-1.874869	0.548124	0.340038	0.255415	-0.010747	0.014685	0.805853	0.591837	
 1687527187.717325	1687527187.677475	19.737085	-53.225484	-0.646375	0.292419	0.291778	0.244445	-0.022242	-0.026917	-1.864811	0.341608	0.253953	0.251245	-0.000910	0.017433	0.802844	0.595933	
 1687527188.122603	1687527188.082040	19.708861	-53.156786	-0.650440	0.292615	0.293018	0.244245	-0.049081	-0.037591	-1.868752	0.296445	0.270048	0.251241	-0.008564	0.029691	0.803570	0.594407	
 1687527188.526405	1687527188.487694	19.693055	-53.116663	-0.654408	0.299103	0.299288	0.246106	-0.067425	-0.016646	-1.880937	0.436698	0.302511	0.254053	-0.022325	0.026586	0.807182	0.589281	
 1687527188.929228	1687527188.892143	19.657955	-53.055227	-0.639173	0.298071	0.298016	0.245368	-0.061452	-0.003959	-1.870083	0.537261	0.269162	0.253422	-0.023544	0.019834	0.804206	0.593553	
 1687527189.334831	1687527189.296122	19.616597	-52.994005	-0.628484	0.291578	0.291453	0.243201	-0.033675	-0.039401	-1.866182	0.489025	0.251717	0.251202	-0.001799	0.025847	0.802997	0.595420	
 1687527189.738092	1687527189.699470	19.609371	-52.960112	-0.641876	0.296317	0.296668	0.245545	-0.053218	-0.007752	-1.865186	0.354623	0.302611	0.253339	-0.019061	0.018962	0.802816	0.595621	
 1687527190.141821	1687527190.103764	19.580028	-52.907778	-0.654622	0.298977	0.298903	0.245511	-0.051882	-0.032334	-1.887600	0.436599	0.255453	0.253404	-0.011520	0.028303	0.809169	0.586781	
 1687527190.545904	1687527190.515334	19.538043	-52.876586	-0.635411	0.292274	0.292320	0.242722	-0.053898	-0.021499	-1.864815	0.444518	0.290193	0.250732	-0.015234	0.024685	0.802546	0.595884	
 1687527190.951195	1687527190.922104	19.543058	-52.843804	-0.623196	0.291792	0.291796	0.243169	-0.018387	-0.004295	-1.881530	0.448804	0.269941	0.251158	-0.006163	0.007151	0.807962	0.589160	
 1687527191.359154	1687527191.328228	19.548923	-52.819769	-0.629397	0.297845	0.298133	0.246486	-0.037295	-0.024048	-1.853860	0.283325	0.249578	0.253965	-0.007696	0.020807	0.799449	0.600324	
 1687527191.767206	1687527191.733793	19.543948	-52.796848	-0.650672	0.298137	0.298469	0.245647	-0.060992	-0.012585	-1.881929	0.369874	0.273464	0.253547	-0.020936	0.023042	0.807622	0.588878	
 1687527192.071630	1687527192.036803	19.506659	-52.769409	-0.664591	0.244622	0.244676	0.216747	-0.024733	-0.037661	-1.876018	0.439361	0.232548	0.223653	0.001165	0.022495	0.806040	0.591432	
 1687527192.478210	1687527192.442757	19.484753	-52.769040	-0.621044	0.294589	0.294888	0.243819	-0.045793	-0.002345	-1.856601	0.316621	0.293122	0.251544	-0.017627	0.014657	0.800376	0.599060	
 1687527192.883119	1687527192.847155	19.487967	-52.774950	-0.598072	0.288946	0.288870	0.242160	-0.048783	-0.051634	-1.887035	0.394880	0.247475	0.249904	-0.004593	0.035204	0.808748	0.587083	
 1687527193.288571	1687527193.253197	19.502720	-52.749108	-0.607135	0.292151	0.292278	0.243086	-0.027651	-0.032299	-1.909119	0.452734	0.337386	0.250886	-0.001948	0.021166	0.815746	0.578020	
 1687527193.696052	1687527193.657921	19.504370	-52.708475	-0.618896	0.293210	0.293660	0.244182	-0.032913	-0.040301	-1.860812	0.331339	0.285863	0.251666	-0.001155	0.025985	0.801393	0.597572	
 1687527194.101635	1687527194.061946	19.478161	-52.688239	-0.643017	0.298057	0.298580	0.246189	-0.036520	-0.050542	-1.843973	0.364472	0.305945	0.254025	0.000721	0.031160	0.796138	0.604312	
 1687527194.406928	1687527194.364962	19.461625	-52.692139	-0.642800	0.241812	0.241919	0.215732	-0.073912	-0.022376	-1.859574	0.345797	0.293559	0.222314	-0.022925	0.031054	0.800648	0.597890	
 1687527194.811785	1687527194.768950	19.447356	-52.678663	-0.631010	0.293267	0.293366	0.242887	-0.059054	-0.035827	-1.875687	0.637047	0.279092	0.250630	-0.013209	0.031897	0.805491	0.591602	
 1687527195.121646	1687527195.072022	19.435468	-52.666753	-0.628413	0.241993	0.242005	0.215866	-0.014379	-0.011591	-1.868822	0.485975	0.272566	0.222600	-0.002338	0.008934	0.804190	0.594300	
 1687527195.526664	1687527195.475048	19.422200	-52.674233	-0.618296	0.290445	0.290451	0.242120	-0.039713	-0.051512	-1.863140	0.277008	0.249830	0.249440	-0.000569	0.032506	0.801828	0.596670	
 1687527195.931539	1687527195.878731	19.436110	-52.668873	-0.600841	0.297300	0.297404	0.245326	-0.046828	0.010590	-1.883692	0.420403	0.339267	0.253389	-0.022046	0.009493	0.808485	0.588026	
 1687527196.338124	1687527196.308653	19.426445	-52.638982	-0.608192	0.296103	0.295490	0.245397	-0.031579	-0.010773	-1.881032	0.426352	0.246770	0.252805	-0.009581	0.013656	0.807700	0.589358	
 1687527196.744102	1687527196.714241	19.395974	-52.610811	-0.617262	0.298508	0.298541	0.246087	-0.039390	-0.015046	-1.878033	0.357419	0.258305	0.253943	-0.011450	0.017700	0.806711	0.590570	
 1687527197.150452	1687527197.118244	19.365714	-52.586136	-0.626944	0.298333	0.298333	0.245718	-0.029957	-0.010890	-1.882855	0.405772	0.265468	0.253962	-0.008903	0.013218	0.808248	0.588626	
 1687527197.554615	1687527197.519829	19.347804	-52.576188	-0.627279	0.300014	0.300086	0.246249	-0.041133	-0.020610	-1.867469	0.353279	0.258930	0.254460	-0.010402	0.020514	0.803508	0.594849	
 1687527197.960468	1687527197.924944	19.345013	-52.581435	-0.614285	0.291844	0.291890	0.243104	-0.026289	-0.016137	-1.858765	0.428912	0.272770	0.251232	-0.005704	0.014328	0.801092	0.598343	
 1687527198.364807	1687527198.332646	19.363050	-52.591614	-0.611514	0.292268	0.292351	0.243584	-0.055977	-0.025906	-1.891051	0.337782	0.261561	0.251545	-0.015110	0.026877	0.810207	0.585333	
 1687527198.769046	1687527198.736241	19.374127	-52.572375	-0.636557	0.294396	0.294432	0.244187	-0.032764	-0.005385	-1.907983	0.579594	0.296384	0.252382	-0.011805	0.011671	0.815593	0.578388	
 1687527199.173309	1687527199.144184	19.343501	-52.551425	-0.656088	0.301152	0.301232	0.246362	-0.025583	-0.024710	-1.879480	0.368691	0.254742	0.254280	-0.003038	0.017520	0.807184	0.590032	
 1687527199.576861	1687527199.547084	19.306735	-52.527963	-0.636880	0.298417	0.298608	0.245493	-0.039034	-0.039142	-1.873154	0.345394	0.278502	0.253628	-0.004124	0.027323	0.805001	0.592630	
 1687527199.981340	1687527199.949954	19.300047	-52.496035	-0.620735	0.296303	0.296330	0.244665	-0.025260	0.004765	-1.873214	0.449715	0.319961	0.252848	-0.011586	0.005564	0.805504	0.592451	
 1687527200.390635	1687527200.352500	19.302046	-52.494950	-0.593434	0.296590	0.296762	0.245421	-0.084502	-0.061613	-1.879153	0.324388	0.247305	0.253261	-0.015922	0.049759	0.805437	0.590374	
 1687527200.796098	1687527200.755642	19.302065	-52.486848	-0.629169	0.301507	0.301335	0.247661	-0.028218	-0.019642	-1.854957	0.899644	0.412391	0.255358	-0.005397	0.016319	0.799909	0.599876	
 1687527201.203249	1687527201.168980	19.316561	-52.478521	-0.650530	0.296948	0.297212	0.245181	-0.049608	-0.004865	-1.888604	0.357035	0.268158	0.252675	-0.018666	0.016511	0.809801	0.586175	
 1687527201.607001	1687527201.574539	19.291414	-52.488587	-0.641452	0.301174	0.301146	0.246810	-0.054185	-0.046176	-1.886864	0.515066	0.259798	0.254757	-0.008378	0.034581	0.808698	0.587147	
 1687527202.013205	1687527201.977093	19.283020	-52.472093	-0.635656	0.296576	0.296650	0.245848	-0.039796	0.043812	-1.871834	0.617485	0.359363	0.253950	-0.029004	-0.005835	0.805049	0.592470	
 1687527202.420635	1687527202.380330	19.263863	-52.433610	-0.664504	0.292698	0.291717	0.243994	-0.014229	-0.007826	-1.854819	0.376768	0.277254	0.250864	-0.003345	0.007399	0.800026	0.599911	
 1687527202.824039	1687527202.784072	19.256306	-52.428534	-0.626888	0.301909	0.302160	0.246816	-0.083550	-0.021993	-1.876573	0.291527	0.252867	0.254353	-0.027187	0.033549	0.805522	0.590990	
 1687527203.229998	1687527203.187803	19.261418	-52.439089	-0.605729	0.289378	0.289277	0.242583	-0.024775	-0.028031	-1.883989	0.926419	0.300366	0.250222	-0.001774	0.018619	0.808489	0.588214	
 1687527203.633867	1687527203.589325	19.268969	-52.447131	-0.607800	0.297920	0.298677	0.246762	-0.057391	-0.055661	-1.916300	0.362362	0.290005	0.254013	-0.007469	0.039249	0.817017	0.575228	
 1687527204.038978	1687527203.997314	19.261434	-52.442040	-0.634913	0.295996	0.296259	0.244829	-0.017067	-0.015022	-1.896783	0.687480	0.409355	0.252772	-0.002554	0.011077	0.812389	0.583005	
 1687527204.344797	1687527204.300405	19.226847	-52.437366	-0.654985	0.242494	0.242809	0.216162	-0.028105	-0.071227	-1.896413	0.275625	0.230638	0.222574	0.009353	0.037111	0.811484	0.583120	
 1687527204.750645	1687527204.705863	19.209079	-52.428970	-0.642202	0.292099	0.292131	0.242341	-0.050742	-0.018020	-1.866818	0.430230	0.448093	0.249929	-0.015026	0.022334	0.803226	0.595066	
 1687527205.057144	1687527205.008308	19.230779	-52.402354	-0.625829	0.238671	0.238673	0.214172	0.000837	0.036501	-1.888261	0.517932	0.246755	0.220695	-0.010363	-0.015027	0.809848	0.586356	
 1687527205.368090	1687527205.310624	19.238608	-52.372831	-0.638905	0.239411	0.239055	0.215156	-0.008284	-0.031876	-1.917007	0.238879	0.259726	0.220716	0.005771	0.015422	0.818184	0.574721	
 1687527205.674025	1687527205.613876	19.196965	-52.379954	-0.651711	0.239794	0.239838	0.214750	-0.042719	-0.013320	-1.884184	0.258011	0.258445	0.220882	-0.013358	0.017945	0.808504	0.588065	
 1687527206.082077	1687527206.017278	19.180183	-52.397075	-0.662216	0.295100	0.295148	0.242704	-0.032227	0.039921	-1.894501	0.503291	0.268627	0.250270	-0.024731	-0.006794	0.811734	0.583464	
 1687527206.488316	1687527206.421636	19.146242	-52.424367	-0.602789	0.300582	0.300007	0.245577	-0.061050	-0.085372	-1.929012	0.353752	0.279893	0.252839	-0.000753	0.052426	0.819894	0.570109	
 1687527206.904181	1687527206.828057	19.147856	-52.407563	-0.550845	0.296980	0.296169	0.247095	-0.026544	-0.031820	-1.891706	0.784978	0.556814	0.253811	-0.001455	0.020665	0.810699	0.585097	
 1687527207.309420	1687527207.289800	19.198760	-52.356429	-0.574012	0.289816	0.289876	0.244561	-0.064771	-0.037607	-1.885508	0.400996	0.308931	0.251877	-0.015155	0.034228	0.808254	0.587643	
 1687527207.717004	1687527207.695127	19.189876	-52.316167	-0.663693	0.298593	0.298870	0.246902	-0.052039	-0.058417	-1.910958	0.827604	0.355719	0.254541	-0.004384	0.038851	0.815527	0.577397	
 1687527208.122536	1687527208.099840	19.135813	-52.315306	-0.738826	0.301661	0.301673	0.246387	-0.023931	-0.033989	-1.894159	0.691370	0.433732	0.254141	0.000214	0.020780	0.811419	0.584095	
 1687527208.525917	1687527208.502965	19.083567	-52.350842	-0.719964	0.302578	0.302660	0.246034	-0.049115	-0.034845	-1.883723	0.391817	0.317395	0.253797	-0.009608	0.028527	0.808036	0.588363	
 1687527208.931483	1687527208.907296	19.080562	-52.385219	-0.630310	0.290956	0.290974	0.242599	-0.039093	-0.058094	-1.896158	0.606341	0.325711	0.250326	0.001066	0.034982	0.811468	0.583348	
 1687527209.335664	1687527209.309152	19.128654	-52.365004	-0.573329	0.294900	0.294762	0.246056	-0.044154	-0.041609	-1.907974	0.553254	0.417229	0.253955	-0.005973	0.029732	0.815087	0.578544	
 1687527209.741927	1687527209.713859	19.166773	-52.306511	-0.623810	0.293894	0.293658	0.245353	-0.010664	-0.026659	-1.912314	0.593130	0.360475	0.252839	0.003330	0.013964	0.816856	0.576663	
 1687527210.150447	1687527210.120561	19.150917	-52.286157	-0.702256	0.298777	0.299608	0.247134	-0.047010	-0.043296	-1.912150	0.305151	0.282743	0.253940	-0.006715	0.031230	0.816224	0.576852	
 1687527210.556587	1687527210.526118	19.088573	-52.291080	-0.747132	0.303959	0.304053	0.246953	-0.054153	-0.041717	-1.897762	0.629425	0.370744	0.254812	-0.009853	0.032715	0.811961	0.582712	
 1687527210.962341	1687527210.930258	19.037298	-52.309664	-0.722388	0.296010	0.296061	0.243547	-0.041947	-0.044778	-1.895476	0.679728	0.355549	0.251281	-0.003967	0.030411	0.811442	0.583628	
 1687527211.366121	1687527211.333898	19.048947	-52.318162	-0.645975	0.297617	0.297602	0.245817	-0.030383	-0.061345	-1.890820	0.574757	0.366410	0.253827	0.005641	0.033749	0.809989	0.585445	
 1687527211.770383	1687527211.738649	19.116389	-52.303046	-0.617723	0.292055	0.292062	0.244903	-0.052137	-0.010565	-1.886501	0.487907	0.429275	0.252692	-0.017998	0.019579	0.809104	0.587064	
 1687527212.175510	1687527212.141822	19.132301	-52.268330	-0.646423	0.293040	0.292863	0.244436	-0.076053	-0.042368	-1.899114	0.626546	0.272315	0.251553	-0.018587	0.039335	0.811919	0.582147	
 1687527212.579274	1687527212.545907	19.044894	-52.213224	-0.707679	0.294388	0.294380	0.243300	-0.003156	-0.031572	-1.891422	0.943699	0.372979	0.250943	0.007957	0.013724	0.810797	0.585113	
 1687527212.984969	1687527212.971141	18.970687	-52.213778	-0.713554	0.301221	0.301505	0.246451	-0.027447	-0.027192	-1.855384	0.280841	0.290596	0.253302	-0.002828	0.019107	0.799977	0.599720	
 1687527213.387908	1687527213.373782	18.879047	-52.167659	-0.665475	0.291937	0.291900	0.242459	-0.041332	-0.053902	-1.839863	0.384710	0.285687	0.249619	-0.000111	0.033950	0.794764	0.605968	
 1687527213.793719	1687527213.777341	18.855167	-52.122643	-0.604310	0.296041	0.295884	0.244786	-0.064142	-0.036828	-1.816940	0.540062	0.379116	0.252675	-0.013964	0.034228	0.787661	0.614998	
 1687527214.197155	1687527214.180914	18.870686	-52.081509	-0.567714	0.294398	0.294294	0.246050	-0.103483	0.023038	-1.836340	0.765262	0.326700	0.254031	-0.048073	0.022266	0.793737	0.605949	
 1687527214.601309	1687527214.586641	18.859791	-52.036616	-0.649961	0.296359	0.295922	0.245376	-0.068055	-0.014576	-1.918005	1.114157	0.247457	0.252981	-0.023666	0.025502	0.817981	0.574192	
 1687527215.005121	1687527214.990093	18.795615	-52.023860	-0.702690	0.299370	0.299873	0.245255	-0.041320	-0.059079	-1.980431	0.779336	0.289698	0.252348	-0.001069	0.036017	0.835266	0.548663	
 1687527215.410220	1687527215.394749	18.714168	-52.046575	-0.684850	0.300023	0.300390	0.245813	-0.027481	-0.068120	-1.862914	0.545575	0.435765	0.252816	0.009297	0.035518	0.801670	0.596639	
 1687527215.814975	1687527215.799581	18.739189	-52.036616	-0.611335	0.298185	0.298511	0.246747	-0.035239	-0.018590	-1.866266	0.425653	0.435859	0.254437	-0.008623	0.017956	0.803232	0.595333	
 1687527216.220655	1687527216.203437	18.789320	-51.990784	-0.619773	0.289394	0.288830	0.244784	-0.038929	-0.059081	-1.904740	0.447700	0.275836	0.250999	0.001269	0.035340	0.813949	0.579859	
 1687527216.624534	1687527216.607569	18.759265	-51.974807	-0.662972	0.299727	0.300265	0.246752	-0.010505	-0.073367	-1.926711	0.527569	0.415954	0.253385	0.016623	0.033110	0.820438	0.570534	
 1687527217.029302	1687527217.011093	18.744685	-52.008527	-0.663088	0.297227	0.297365	0.245975	-0.068750	-0.017730	-1.884286	0.337139	0.462872	0.253110	-0.022587	0.027376	0.808131	0.587932	
 1687527217.432306	1687527217.415807	18.731536	-52.016165	-0.681575	0.293161	0.292817	0.243856	-0.024821	-0.047630	-1.898579	0.787222	0.290151	0.250719	0.003777	0.026582	0.812537	0.582291	
 1687527217.837602	1687527217.824277	18.684628	-51.985157	-0.673512	0.295805	0.295834	0.245139	-0.020207	-0.050032	-1.915149	0.391679	0.356968	0.252104	0.006135	0.026268	0.817355	0.575503	
 1687527218.242184	1687527218.232517	18.647822	-51.964162	-0.660780	0.295762	0.295805	0.244790	-0.024774	-0.053960	-1.892870	0.367605	0.370199	0.251962	0.005723	0.029124	0.810784	0.584593	
 1687527218.647682	1687527218.637509	18.600569	-51.920721	-0.626628	0.297517	0.297615	0.245499	-0.038055	-0.056227	-1.891510	0.394697	0.384062	0.252888	0.001022	0.033920	0.810159	0.585227	
 1687527219.056062	1687527219.039926	18.586544	-51.890765	-0.616960	0.295669	0.295607	0.245216	-0.025162	-0.021531	-1.870573	0.512383	0.408067	0.253186	-0.003734	0.016130	0.804578	0.593616	
 1687527219.464652	1687527219.442228	18.554994	-51.856370	-0.647529	0.300780	0.300510	0.247246	-0.012380	-0.014132	-1.858574	0.362005	0.279214	0.254978	-0.000731	0.009365	0.801132	0.598414	
 1687527219.868530	1687527219.845342	18.502258	-51.863719	-0.664501	0.302807	0.302694	0.247008	-0.051490	-0.037370	-1.865785	0.288723	0.260171	0.254816	-0.009553	0.030332	0.802653	0.595598	
 1687527220.277033	1687527220.247056	18.466759	-51.895531	-0.650984	0.298145	0.298044	0.245240	-0.024758	-0.029124	-1.857741	0.615704	0.335722	0.253178	-0.001196	0.019073	0.800690	0.598774	
 1687527220.585528	1687527220.549787	18.451721	-51.886304	-0.638126	0.242505	0.242392	0.216211	-0.002907	-0.022912	-1.865401	0.323975	0.261327	0.222854	0.005656	0.010067	0.803168	0.595641	
 1687527220.990283	1687527220.953974	18.450804	-51.857505	-0.629602	0.280884	0.280541	0.237664	-0.003639	-0.043776	-1.851256	0.259567	0.262921	0.244986	0.011707	0.018581	0.798782	0.601220	
 1687527221.398360	1687527221.358478	18.474634	-51.829827	-0.625216	0.296033	0.296121	0.245179	-0.048423	0.013260	-1.868763	0.274684	0.329247	0.252992	-0.023409	0.009057	0.804074	0.594000	
 1687527221.803190	1687527221.767974	18.461109	-51.825129	-0.678476	0.299290	0.298958	0.245913	-0.012151	-0.023639	-1.847327	0.548656	0.247409	0.253733	0.002279	0.013092	0.797702	0.602905	
 1687527222.207717	1687527222.169464	18.447997	-51.864804	-0.669838	0.301103	0.301177	0.245862	-0.083264	-0.033692	-1.883798	0.296000	0.277775	0.253772	-0.023752	0.038090	0.807449	0.588227	
 1687527222.610763	1687527222.573263	18.426609	-51.887561	-0.639006	0.297519	0.297721	0.245909	-0.006230	-0.035622	-1.878764	1.057253	0.351229	0.253682	0.007999	0.016215	0.807029	0.590235	
 1687527223.015972	1687527223.007191	18.399090	-51.874663	-0.633096	0.285097	0.285344	0.240918	-0.012785	-0.090632	-1.900405	0.279704	0.303799	0.248351	0.021147	0.040566	0.812513	0.581145	
 1687527223.322821	1687527223.311988	18.430978	-51.845608	-0.642914	0.238257	0.238382	0.214463	-0.032236	0.029147	-1.860797	0.312694	0.507735	0.220886	-0.021629	-0.002055	0.801809	0.597185	
 1687527223.726257	1687527223.716120	18.464925	-51.799516	-0.729693	0.297119	0.295771	0.245788	0.015001	0.033259	-1.871504	0.379338	0.263912	0.252078	-0.003827	-0.017835	0.804837	0.593215	
 1687527224.130839	1687527224.119865	18.431728	-51.817523	-0.766938	0.298735	0.298695	0.245849	-0.031338	-0.044724	-1.906253	0.322234	0.307463	0.252622	0.000178	0.027298	0.814723	0.579207	
 1687527224.533726	1687527224.523448	18.378081	-51.860876	-0.743947	0.293667	0.293195	0.242726	-0.040825	-0.017771	-1.898542	0.466647	0.369670	0.249826	-0.011421	0.019107	0.812684	0.582279	
 1687527224.938805	1687527224.928837	18.361640	-51.903010	-0.639623	0.297965	0.297858	0.245357	-0.038408	-0.073958	-1.896232	0.519565	0.284532	0.252959	0.005970	0.041218	0.811199	0.583285	
 1687527225.343104	1687527225.334217	18.421593	-51.896885	-0.582572	0.292168	0.292029	0.246010	-0.042354	-0.023104	-1.909813	0.571051	0.514211	0.253813	-0.010612	0.021659	0.815881	0.577716	
 1687527225.749759	1687527225.738008	18.464224	-51.851309	-0.674113	0.293142	0.292773	0.246034	-0.032940	-0.018747	-1.888050	0.558568	0.304100	0.253212	-0.007841	0.017250	0.809689	0.586553	
 1687527226.153008	1687527226.141165	18.415011	-51.828846	-0.785706	0.300680	0.301281	0.246108	-0.019207	-0.048953	-1.879951	0.433220	0.278960	0.253262	0.006682	0.025426	0.807126	0.589794	
 1687527226.465223	1687527226.445101	18.336977	-51.854636	-0.791023	0.244763	0.244448	0.216827	-0.073533	-0.101333	-1.918137	0.318993	0.317915	0.222442	-0.000989	0.062516	0.815985	0.574682	
 1687527226.869826	1687527226.849918	18.340452	-51.883125	-0.730606	0.299645	0.298576	0.246982	-0.047829	-0.044387	-1.953222	0.872092	0.592123	0.252709	-0.007389	0.031767	0.827867	0.559976	
 1687527227.277280	1687527227.253544	18.384849	-51.916994	-0.648161	0.289711	0.289474	0.243040	-0.076945	-0.074326	-1.925317	0.615302	0.378784	0.249883	-0.010333	0.052431	0.818723	0.571696	
 1687527227.682993	1687527227.657959	18.431579	-51.934394	-0.610014	0.290978	0.290789	0.244183	-0.064898	-0.029833	-1.930661	0.972486	0.513035	0.251542	-0.018188	0.030721	0.821437	0.569180	
 1687527230.488064	1687527230.486645	18.418319	-51.949384	-0.616658	0.275070	0.275843	0.237998	-0.283280	-0.104977	-1.600443	0.806119	0.332208	0.243801	-0.064971	0.135461	0.704188	0.693937	
 1687527230.791869	1687527230.789233	18.473841	-51.918838	-0.581400	0.234757	0.232717	0.216080	-0.150315	-0.100649	-1.621483	1.307851	0.241691	0.217821	-0.019795	0.088023	0.719235	0.688884	
 1687527231.095932	1687527231.091868	18.558675	-51.838666	-0.663900	0.234735	0.234683	0.214369	-0.069196	-0.067997	-1.735851	1.525228	0.336653	0.217894	-0.004418	0.048267	0.761332	0.646548	
 1687527231.499781	1687527231.496963	18.574807	-51.848197	-0.734075	0.294119	0.295646	0.244579	-0.090420	-0.082059	-1.897535	1.081719	0.447977	0.249268	-0.012822	0.059613	0.810104	0.583106	
 1687527231.905165	1687527231.900681	18.521200	-51.885021	-0.764626	0.291713	0.291924	0.241611	-0.041930	-0.099680	-1.879738	1.328260	0.577213	0.247899	0.012475	0.052570	0.805685	0.589875	
 1687527232.308368	1687527232.301961	18.514255	-51.932109	-0.677825	0.294348	0.294183	0.244045	-0.042484	-0.039873	-1.862557	0.730633	0.699672	0.250505	-0.005145	0.028666	0.801791	0.596895	
 1687527232.711640	1687527232.705510	18.592001	-51.923586	-0.636703	0.294093	0.290632	0.247487	-0.015679	-0.067347	-1.947240	0.694188	0.376595	0.251997	0.012452	0.032245	0.826284	0.562192	
 1687527233.115342	1687527233.109585	18.638227	-51.900572	-0.664879	0.297272	0.295537	0.248160	-0.039255	-0.042740	-1.962739	0.426965	0.521643	0.253286	-0.004435	0.028667	0.830676	0.555999	
 1687527233.418449	1687527233.410640	18.629854	-51.871327	-0.756620	0.240296	0.239686	0.215249	-0.005579	-0.005232	-1.912224	0.581130	0.368401	0.220303	-0.000770	0.003746	0.816945	0.576703	
 1687527233.826837	1687527233.816747	18.563102	-51.897179	-0.756265	0.296420	0.295414	0.244761	-0.042405	-0.065847	-1.894077	0.281176	0.247029	0.250065	0.002023	0.039089	0.810659	0.584208	
 1687527234.130882	1687527234.118806	18.517023	-51.933526	-0.698428	0.240319	0.240086	0.214547	-0.022301	-0.080016	-1.891890	0.625621	0.445034	0.220239	0.014360	0.038955	0.810090	0.584834	
 1687527234.534024	1687527234.522176	18.550798	-51.956538	-0.615262	0.290605	0.290412	0.243219	-0.062613	-0.009227	-1.907680	0.468307	0.543251	0.250449	-0.022863	0.021871	0.815151	0.578383	
 1687527234.838621	1687527234.825585	18.629909	-51.947529	-0.641421	0.233732	0.232862	0.212761	-0.010749	-0.018543	-1.933958	0.763037	0.249196	0.217601	0.000840	0.010683	0.823098	0.567798	
 1687527235.242353	1687527235.232226	18.646374	-51.973710	-0.691342	0.296365	0.296415	0.246738	-0.052127	-0.042585	-1.946509	0.317867	0.273623	0.251804	-0.009565	0.032254	0.825941	0.562752	
 1687527235.651158	1687527235.636026	18.579693	-52.000925	-0.738773	0.296146	0.296143	0.243900	-0.049911	-0.054457	-1.877590	0.821704	0.416904	0.251016	-0.004047	0.036695	0.805895	0.590906	
 1687527236.056518	1687527236.039699	18.508731	-52.012167	-0.698080	0.295939	0.295947	0.243776	-0.032200	-0.064955	-1.846684	0.833554	0.453898	0.251304	0.006749	0.035602	0.796782	0.603179	
 1687527236.360147	1687527236.343256	18.527185	-52.008725	-0.616159	0.239272	0.239287	0.215210	-0.043868	-0.044505	-1.857541	0.487228	0.403509	0.221778	-0.004240	0.030946	0.800201	0.598918	
 1687527236.766820	1687527236.746360	18.606837	-51.982117	-0.631812	0.292075	0.291663	0.244536	-0.024738	-0.051408	-1.893406	0.711815	0.388264	0.251883	0.004984	0.028080	0.810977	0.584382	
 1687527237.073669	1687527237.053576	18.640253	-51.979949	-0.689253	0.240340	0.240422	0.215313	-0.031705	-0.042236	-1.917946	0.415192	0.355559	0.221040	-0.000847	0.026387	0.818125	0.574435	
 1687527237.477541	1687527237.457706	18.611016	-52.015081	-0.728791	0.297629	0.297866	0.243971	-0.039931	-0.038436	-1.896518	0.562625	0.388540	0.251195	-0.005013	0.027247	0.811866	0.583186	
 1687527237.880732	1687527237.861302	18.554602	-52.061367	-0.698729	0.298173	0.297984	0.244929	-0.044228	-0.053072	-1.881253	0.658291	0.372400	0.252423	-0.002227	0.034457	0.807100	0.589404	
 1687527238.285932	1687527238.265160	18.521459	-52.072769	-0.663567	0.288304	0.288188	0.241791	0.010315	-0.018733	-1.856538	0.760370	0.444362	0.249386	0.009741	0.004408	0.800567	0.599148	
 1687527238.701007	1687527238.670177	18.528829	-52.062726	-0.638089	0.299176	0.298418	0.247203	-0.014191	-0.037041	-1.843436	0.286772	0.259963	0.254156	0.005542	0.019041	0.796405	0.604438	
 1687527239.003990	1687527238.973526	18.551738	-52.057901	-0.629343	0.243112	0.242880	0.217536	-0.034707	-0.016542	-1.851830	0.320788	0.298852	0.223654	-0.008896	0.017039	0.798937	0.601107	
 1687527239.407300	1687527239.378524	18.552978	-52.055755	-0.673537	0.296142	0.295799	0.244441	-0.019449	0.004054	-1.861694	0.570989	0.286039	0.252011	-0.009010	0.004181	0.802098	0.597110	
 1687527239.810857	1687527239.783487	18.527013	-52.068640	-0.670011	0.297799	0.297601	0.244380	-0.060722	-0.073715	-1.870891	0.358397	0.246519	0.252279	-0.002558	0.047648	0.803282	0.593684	
 1687527240.217377	1687527240.188224	18.543179	-52.072146	-0.654458	0.293903	0.293304	0.244485	-0.052912	-0.011301	-1.864637	1.142749	0.594037	0.251642	-0.017875	0.020301	0.802621	0.595876	
 1687527240.623551	1687527240.592524	18.550975	-52.090744	-0.660616	0.293374	0.293133	0.244164	-0.080648	-0.069647	-1.864501	0.924643	0.292155	0.251673	-0.011615	0.051947	0.800988	0.596310	
 1687527241.027572	1687527240.998241	18.513063	-52.117043	-0.675150	0.299064	0.298738	0.245465	-0.064181	-0.033891	-1.819901	1.559563	0.583621	0.253142	-0.014932	0.033061	0.788620	0.613810	
 1687527241.435507	1687527241.402877	18.484777	-52.135849	-0.648791	0.295342	0.295095	0.244011	-0.037272	-0.080602	-1.854716	1.282637	0.378763	0.251839	0.009271	0.043399	0.798799	0.599959	
 1687527241.840243	1687527241.806380	18.513877	-52.114336	-0.627157	0.297113	0.297039	0.245956	-0.003077	-0.046472	-1.839744	0.831492	0.682773	0.253942	0.012854	0.019415	0.795287	0.605786	
 1687527242.244714	1687527242.210154	18.614151	-52.086947	-0.657800	0.292895	0.292798	0.245806	-0.061940	0.074066	-1.873057	0.305195	0.395398	0.253350	-0.046855	-0.011472	0.805247	0.590974	
 1687527242.656611	1687527242.615400	18.582438	-52.097080	-0.756236	0.295702	0.293605	0.245510	-0.063464	-0.076630	-1.919330	0.772138	0.364715	0.250824	-0.003996	0.049548	0.817289	0.574080	
 1687527242.968205	1687527242.917497	18.508123	-52.126490	-0.756484	0.247577	0.246762	0.218887	-0.051912	-0.102719	-1.919785	1.141614	0.605422	0.223498	0.008207	0.056905	0.817010	0.573750	
 1687527243.271894	1687527243.224180	18.454720	-52.150528	-0.689242	0.245138	0.244424	0.217241	-0.038769	-0.052731	-1.884744	0.926921	0.722392	0.222147	-0.000180	0.032713	0.808221	0.587970	
 1687527243.686704	1687527243.631889	18.500247	-52.152179	-0.590886	0.288916	0.288534	0.242810	-0.061960	-0.040121	-1.860440	0.763755	0.469299	0.249469	-0.012846	0.034583	0.800834	0.597749	
 1687527243.993253	1687527243.934806	18.574109	-52.137539	-0.589889	0.241143	0.240527	0.218341	-0.055442	-0.034209	-1.895180	1.082480	0.374498	0.223432	-0.012525	0.030058	0.811304	0.583717	
 1687527244.302675	1687527244.236967	18.608889	-52.112087	-0.682655	0.239563	0.239419	0.215401	-0.026172	-0.030175	-1.929164	0.892453	0.343872	0.220670	-0.002157	0.019852	0.821535	0.569809	
 1687527244.711837	1687527244.668472	18.566969	-52.117651	-0.776834	0.300810	0.301163	0.244544	-0.021440	-0.083211	-1.929716	0.510331	0.339456	0.251182	0.014884	0.040287	0.820956	0.569374	
 1687527245.015811	1687527244.970557	18.520285	-52.143625	-0.740843	0.243521	0.243272	0.216551	-0.051876	-0.074078	-1.918876	0.505054	0.583454	0.222084	0.000025	0.045189	0.817481	0.574180	
 1687527245.424957	1687527245.373201	18.516108	-52.162894	-0.676136	0.289561	0.289561	0.242803	-0.025490	-0.034837	-1.896510	0.989522	0.605226	0.249952	-0.000196	0.021579	0.812080	0.583146	
 1687527245.831518	1687527245.778529	18.534314	-52.152424	-0.667404	0.296833	0.296264	0.246528	-0.020381	-0.058075	-1.887314	0.531750	0.363679	0.253441	0.008789	0.029485	0.809152	0.586793	
 1687527246.237431	1687527246.182102	18.553394	-52.159254	-0.669566	0.298427	0.298609	0.246367	-0.072353	-0.005678	-1.887452	0.524744	0.500419	0.253632	-0.027623	0.023520	0.809157	0.586472	
 1687527246.646873	1687527246.588113	18.528084	-52.178343	-0.685132	0.291220	0.290705	0.242694	-0.035678	-0.068627	-1.876985	1.404270	0.301794	0.249908	0.005891	0.038206	0.805703	0.591057	
 1687527246.954376	1687527246.890716	18.511371	-52.184416	-0.682380	0.240412	0.240343	0.215204	-0.027989	-0.064608	-1.866142	0.733835	0.541200	0.221532	0.007990	0.034275	0.802685	0.595364	
 1687527247.361593	1687527247.297505	18.517708	-52.182617	-0.696886	0.291192	0.291189	0.243019	-0.013591	0.008100	-1.863053	0.676019	0.567319	0.250560	-0.007870	0.000804	0.802523	0.596569	
 1687527247.766205	1687527247.700491	18.485908	-52.209161	-0.702122	0.299183	0.298452	0.246735	-0.070153	-0.078092	-1.849265	0.331300	0.247793	0.252977	-0.004487	0.052247	0.796476	0.602392	
 1687527248.068854	1687527248.002523	18.454970	-52.214499	-0.688894	0.240757	0.240579	0.214629	-0.032151	-0.053509	-1.835106	1.406935	0.596415	0.220634	0.003496	0.031007	0.793469	0.607811	
 1687527248.472000	1687527248.406562	18.486844	-52.206070	-0.623056	0.291036	0.290846	0.242740	-0.047630	0.007957	-1.875149	0.781653	0.511647	0.250238	-0.021549	0.010885	0.805946	0.591496	
 1687527248.875926	1687527248.810557	18.511991	-52.199992	-0.626978	0.292110	0.291005	0.245133	-0.040941	-0.022122	-1.893031	0.967148	0.254569	0.252068	-0.010143	0.020936	0.811032	0.584539	
 1687527249.280067	1687527249.213261	18.505878	-52.196569	-0.676470	0.297167	0.296951	0.245288	-0.035173	-0.023032	-1.907853	0.950145	0.360808	0.252884	-0.007683	0.019564	0.815396	0.578522	
 1687527249.687302	1687527249.619536	18.480019	-52.212443	-0.705521	0.297683	0.297654	0.244693	-0.020342	-0.027732	-1.919096	0.818069	0.361634	0.252561	-0.000372	0.017191	0.818730	0.573921	
 1687527249.993564	1687527249.978077	18.459158	-52.245331	-0.688277	0.241913	0.241907	0.215711	-0.048548	-0.036745	-1.903857	0.477024	0.325236	0.222394	-0.009112	0.029038	0.813900	0.580208	
 1687527250.405184	1687527250.382327	18.462734	-52.266460	-0.665791	0.296954	0.296834	0.244739	-0.043745	-0.006174	-1.909383	1.217181	0.476396	0.252751	-0.016066	0.015157	0.815897	0.577775	
 1687527250.810277	1687527250.786142	18.446218	-52.256558	-0.651400	0.296987	0.296333	0.245193	-0.021899	-0.065163	-1.906922	0.997888	0.297713	0.252612	0.009932	0.032896	0.814736	0.578813	
 1687527251.214112	1687527251.189942	18.423893	-52.236570	-0.628801	0.290835	0.290957	0.243076	-0.020965	-0.037657	-1.867941	0.683259	0.675960	0.250521	0.002769	0.021368	0.803683	0.594667	
 1687527251.620666	1687527251.594272	18.437216	-52.236896	-0.646283	0.295590	0.295680	0.245340	-0.033671	0.003077	-1.867471	0.593016	0.433684	0.253240	-0.014448	0.008777	0.803748	0.594729	
 1687527252.026014	1687527252.002485	18.427748	-52.257997	-0.689021	0.298401	0.298050	0.245682	-0.041130	-0.024892	-1.869263	0.757388	0.256682	0.253330	-0.009147	0.022225	0.803996	0.594149	
 1687527252.435749	1687527252.406832	18.379868	-52.292614	-0.683395	0.297203	0.297064	0.244377	-0.047092	-0.075288	-1.854606	1.073253	0.385502	0.252444	0.003753	0.044216	0.798685	0.600111	
 1687527252.840202	1687527252.811844	18.390793	-52.297965	-0.672750	0.288212	0.288055	0.241780	-0.033219	-0.010795	-1.845816	1.333746	0.777840	0.249594	-0.009986	0.014327	0.797184	0.603483	
 1687527253.243559	1687527253.214580	18.423533	-52.269662	-0.682759	0.295781	0.295167	0.245210	-0.024720	-0.004761	-1.876924	0.838096	0.296976	0.252503	-0.008563	0.009225	0.806569	0.591006	
 1687527253.649918	1687527253.621212	18.402179	-52.261213	-0.687477	0.299069	0.298871	0.245680	-0.018569	-0.051369	-1.894010	0.591746	0.269361	0.253151	0.007467	0.026266	0.811228	0.584093	
 1687527253.953278	1687527253.924721	18.364279	-52.284818	-0.654049	0.239732	0.239630	0.214504	-0.060827	-0.077735	-1.918613	0.553962	0.514713	0.220655	-0.002582	0.049246	0.817119	0.574357	
 1687527254.360727	1687527254.333399	18.348321	-52.294306	-0.654150	0.290154	0.289902	0.242575	-0.030555	0.009165	-1.887911	1.752482	0.889048	0.250006	-0.015060	0.005250	0.809823	0.586458	
 1687527254.665503	1687527254.637884	18.343830	-52.301378	-0.674401	0.245653	0.245294	0.218398	-0.027433	-0.001560	-1.880774	0.606932	0.220685	0.224666	-0.010620	0.008715	0.807704	0.589428	
 1687527254.971533	1687527254.940176	18.326536	-52.316407	-0.681109	0.239449	0.239166	0.213775	-0.047970	-0.032461	-1.884891	0.563767	0.229783	0.220102	-0.009862	0.027222	0.808430	0.587880	
 1687527255.374982	1687527255.345874	18.313902	-52.321066	-0.684919	0.295554	0.295366	0.243031	-0.024422	-0.017627	-1.859676	1.394208	0.473681	0.250766	-0.004517	0.014365	0.801368	0.597982	
 1687527255.781208	1687527255.756969	18.337763	-52.322513	-0.656036	0.292652	0.292569	0.243082	-0.041660	-0.014206	-1.879197	0.658779	0.322387	0.250981	-0.012624	0.018024	0.807039	0.590089	
 1687527256.084629	1687527256.065386	18.339288	-52.322259	-0.654168	0.236933	0.236835	0.213215	-0.028556	-0.052769	-1.902751	1.014516	0.297442	0.219655	0.003694	0.029764	0.813630	0.580609	
 1687527256.491811	1687527256.469599	18.312917	-52.330046	-0.668432	0.291984	0.292234	0.242806	-0.033722	-0.016264	-1.898633	0.940586	0.662620	0.250391	-0.008973	0.016427	0.812795	0.582249	
 1687527256.897677	1687527256.873245	18.271763	-52.336764	-0.665583	0.299530	0.299490	0.245257	-0.032593	-0.038595	-1.904283	0.950372	0.350567	0.253298	-0.002084	0.025167	0.814217	0.580011	
 1687527257.201298	1687527257.177584	18.242202	-52.342358	-0.629545	0.239147	0.239138	0.214052	-0.046161	-0.029466	-1.872449	0.909303	0.473969	0.220835	-0.009852	0.025541	0.804822	0.592884	
 1687527257.604851	1687527257.582733	18.258386	-52.337949	-0.643812	0.291844	0.291803	0.243802	-0.037685	-0.011000	-1.887501	1.442817	0.461490	0.251859	-0.012030	0.015508	0.809548	0.586726	
 1687527258.010526	1687527257.985637	18.251575	-52.336168	-0.703743	0.296149	0.296057	0.244437	-0.031072	-0.053685	-1.895106	1.060029	0.323116	0.252203	0.003053	0.030855	0.811356	0.583730	
 1687527258.414341	1687527258.390499	18.245751	-52.342189	-0.693517	0.298899	0.298903	0.245202	-0.061940	0.034297	-1.863678	1.028248	0.677564	0.253073	-0.035074	0.004705	0.802532	0.595559	
 1687527258.819460	1687527258.794673	18.208770	-52.351352	-0.675869	0.297610	0.296841	0.246261	0.008258	-0.049273	-1.891021	1.640703	0.255743	0.253565	0.017766	0.017557	0.810602	0.585064	
 1687527259.228882	1687527259.197726	18.181549	-52.395763	-0.625680	0.296879	0.297055	0.246132	-0.078489	-0.031739	-1.902157	0.290599	0.509182	0.253372	-0.022725	0.035693	0.812951	0.580792	
 1687527259.634061	1687527259.602739	18.202484	-52.395986	-0.625501	0.294694	0.295085	0.245701	-0.016207	0.008756	-1.939234	2.528477	0.548942	0.253109	-0.009159	0.000973	0.824654	0.565562	
 1687527260.037075	1687527260.007131	18.212130	-52.355629	-0.677665	0.296851	0.296467	0.246432	0.016477	-0.031135	-1.935453	0.407818	0.246614	0.253250	0.015613	0.008148	0.823543	0.566980	
 1687527260.439867	1687527260.411460	18.209810	-52.345331	-0.695246	0.297107	0.297954	0.245627	-0.059056	-0.010081	-1.893098	0.343424	0.319480	0.252503	-0.021010	0.021344	0.810952	0.584345	
 1687527260.846122	1687527260.814492	18.205421	-52.369235	-0.681617	0.296760	0.296884	0.245639	-0.058861	-0.001084	-1.881105	1.847283	0.361313	0.253406	-0.023454	0.017780	0.807524	0.589100	
 1687527261.153430	1687527261.118609	18.173103	-52.400220	-0.696888	0.240662	0.240713	0.215475	-0.043499	-0.026538	-1.864671	1.626075	0.271935	0.221938	-0.009557	0.023612	0.802581	0.595998	
 1687527261.565483	1687527261.523006	18.133300	-52.411500	-0.695242	0.296264	0.296311	0.243434	-0.039058	-0.038152	-1.874322	1.375646	0.433408	0.251263	-0.004442	0.026929	0.805360	0.592158	
 1687527261.972645	1687527261.925946	18.117913	-52.405392	-0.673277	0.298561	0.298669	0.245361	-0.018657	-0.001650	-1.842831	1.317240	0.548820	0.253541	-0.006931	0.006298	0.796419	0.604673	
 1687527262.376827	1687527262.340052	18.139670	-52.392987	-0.663533	0.297405	0.297152	0.245884	-0.021117	-0.011176	-1.859592	0.505007	0.256991	0.253682	-0.005121	0.010792	0.801406	0.598002	
 1687527262.781138	1687527262.743503	18.147736	-52.371990	-0.665379	0.298125	0.298203	0.245620	-0.006926	-0.042596	-1.879227	0.617641	0.296460	0.253509	0.009772	0.019236	0.807099	0.590022	
 1687527263.187556	1687527263.146606	18.143027	-52.371458	-0.658535	0.296726	0.297066	0.245623	-0.017122	-0.005284	-1.858900	0.418114	0.507626	0.253408	-0.005279	0.007239	0.801245	0.598269	
 1687527263.592210	1687527263.552073	18.133137	-52.402885	-0.660536	0.299351	0.299445	0.246308	-0.074256	-0.050200	-1.898690	0.499543	0.267782	0.254283	-0.015568	0.041996	0.811676	0.582389	
 1687527263.996063	1687527263.954716	18.103323	-52.416855	-0.646231	0.299410	0.299304	0.245648	-0.086990	-0.071981	-1.905912	2.637005	0.743321	0.253582	-0.014596	0.054475	0.812927	0.579629	
 1687527264.400059	1687527264.357136	18.093352	-52.388142	-0.654349	0.295421	0.295288	0.245222	0.007314	0.002333	-1.860989	2.771563	0.898934	0.253171	0.002236	-0.003120	0.801907	0.597437	
 1687527264.707562	1687527264.660909	18.105458	-52.388495	-0.667032	0.237746	0.237810	0.214218	-0.041701	-0.010364	-1.841496	0.284115	0.218358	0.220019	-0.013461	0.016743	0.795805	0.605171	
 1687527265.022510	1687527264.963956	18.103522	-52.402298	-0.681606	0.242035	0.242038	0.215359	-0.045700	-0.052609	-1.870530	1.171468	0.282708	0.221729	-0.002772	0.034719	0.803911	0.593728	
 1687527265.327361	1687527265.266491	18.085995	-52.425946	-0.673796	0.245956	0.246008	0.217520	-0.044651	-0.024520	-1.872060	1.436344	0.625527	0.224035	-0.010706	0.023106	0.804787	0.593017	
 1687527265.733430	1687527265.670202	18.041591	-52.441971	-0.645707	0.290427	0.290292	0.241903	-0.026354	-0.069842	-1.850762	1.507585	0.437606	0.249442	0.010480	0.035810	0.798017	0.601479	
 1687527266.136767	1687527266.073221	18.012660	-52.421268	-0.643804	0.296720	0.296865	0.244954	-0.016641	-0.058523	-1.842028	0.914788	0.790402	0.252719	0.011078	0.028326	0.795700	0.604927	
 1687527266.546605	1687527266.475818	18.057262	-52.419646	-0.626149	0.292386	0.292530	0.244215	-0.062816	0.015683	-1.879798	0.630266	0.654056	0.252103	-0.029980	0.012194	0.807221	0.589362	
 1687527266.856456	1687527266.788769	18.076099	-52.418940	-0.672889	0.243496	0.242967	0.217371	-0.033591	-0.058933	-1.924560	1.532503	0.227384	0.223166	0.003066	0.033767	0.819742	0.571728	
 1687527267.166583	1687527267.091168	18.032629	-52.438087	-0.676257	0.242744	0.242687	0.215539	-0.022341	-0.060298	-1.908205	1.030465	0.681141	0.221661	0.008324	0.031048	0.815179	0.578317	
 1687527267.571502	1687527267.494022	18.018936	-52.449981	-0.649932	0.291096	0.291060	0.241802	-0.013167	0.004839	-1.868377	0.823721	0.731874	0.249379	-0.006732	0.001968	0.804107	0.594444	
 1687527267.976299	1687527267.897792	18.013408	-52.472784	-0.614572	0.290664	0.289944	0.243943	-0.060954	-0.031650	-1.864109	0.377076	0.245253	0.250834	-0.015031	0.030863	0.802086	0.596221	
 1687527268.282012	1687527268.199583	18.002693	-52.474065	-0.640397	0.240320	0.240067	0.215394	-0.005867	-0.010629	-1.883142	1.794242	0.440282	0.221785	0.000756	0.006023	0.808460	0.588520	
 1687527268.692505	1687527268.602387	17.970917	-52.454578	-0.673960	0.297111	0.296747	0.243726	0.013886	-0.045896	-1.869507	0.321116	0.264639	0.250990	0.019214	0.014335	0.804316	0.593718	
 1687527268.999386	1687527268.905029	17.951303	-52.451425	-0.623745	0.242686	0.242759	0.216543	-0.059147	-0.023179	-1.839289	0.270849	0.375372	0.222975	-0.016496	0.027135	0.794777	0.606070	
 1687527269.404724	1687527269.408432	17.987072	-52.461829	-0.609295	0.290371	0.290452	0.243849	-0.068971	-0.003352	-1.879926	1.856070	0.404588	0.251479	-0.026855	0.021689	0.807021	0.589513	
 1687527269.808378	1687527269.810608	17.964922	-52.457811	-0.662603	0.296712	0.296535	0.245033	-0.011917	-0.045896	-1.900599	2.093410	0.330633	0.252672	0.008495	0.022132	0.813281	0.581387	
 1687527270.216560	1687527270.212938	17.905750	-52.500969	-0.654020	0.299394	0.299868	0.245465	-0.041439	-0.069274	-1.890036	0.531400	0.546970	0.252797	0.003497	0.040190	0.809427	0.585833	
 1687527270.623804	1687527270.615633	17.891666	-52.509212	-0.612999	0.298335	0.298507	0.245877	-0.023297	-0.013714	-1.869644	1.406760	0.837090	0.253739	-0.005298	0.012435	0.804372	0.593972	
 1687527270.928062	1687527270.917351	17.926858	-52.467713	-0.607824	0.240487	0.240251	0.216061	0.000712	0.027844	-1.857463	0.584608	0.272348	0.221992	-0.008052	-0.011362	0.800780	0.598796	
 1687527271.337381	1687527271.319435	17.929250	-52.457996	-0.611828	0.291970	0.291657	0.244108	-0.085006	-0.059545	-1.848043	0.302619	0.335835	0.250623	-0.015971	0.049329	0.796195	0.602814	
 1687527271.740840	1687527271.725093	17.900026	-52.451713	-0.654584	0.300594	0.299823	0.246691	-0.040551	-0.035058	-1.852012	2.723385	0.689231	0.253200	-0.005668	0.026190	0.798725	0.601099	
 1687527272.144560	1687527272.128572	17.879822	-52.475490	-0.648798	0.299296	0.299073	0.245913	-0.044817	-0.033217	-1.874409	1.340735	0.492500	0.253459	-0.008225	0.026645	0.805372	0.592113	
 1687527272.551013	1687527272.532258	17.871831	-52.501357	-0.643764	0.297196	0.296961	0.245482	-0.032645	-0.037600	-1.896846	1.539239	0.511611	0.253355	-0.002301	0.024785	0.812067	0.583034	
 1687527272.956369	1687527272.935315	17.872050	-52.490894	-0.638462	0.288525	0.288346	0.241572	-0.012635	0.015713	-1.911415	1.047377	0.514173	0.249256	-0.009693	-0.002771	0.816709	0.576961	
 1687527273.262480	1687527273.237188	17.832259	-52.484411	-0.639885	0.239740	0.239513	0.214499	0.005919	-0.055888	-1.901086	0.303371	0.226744	0.220678	0.018647	0.021016	0.813458	0.580944	
 1687527273.666285	1687527273.640394	17.827812	-52.484795	-0.629474	0.293235	0.293356	0.244133	-0.065648	0.048513	-1.895409	0.312207	0.559270	0.251331	-0.040789	-0.000540	0.811866	0.582416	
 1687527273.970121	1687527273.942721	17.825754	-52.481833	-0.685544	0.235880	0.235483	0.212701	-0.019455	0.014422	-1.915421	1.398452	0.239977	0.218351	-0.012105	-0.000300	0.817857	0.575294	
 1687527274.374679	1687527274.344572	17.771875	-52.513529	-0.696178	0.297932	0.297892	0.244128	-0.061993	-0.044932	-1.891566	0.449798	0.248818	0.251428	-0.011989	0.036337	0.809954	0.585244	
 1687527274.777931	1687527274.746471	17.749577	-52.512556	-0.678273	0.297138	0.296931	0.245203	-0.025317	0.018345	-1.887117	2.146829	0.649109	0.252249	-0.015631	0.000003	0.809621	0.586745	
 1687527275.181374	1687527275.149410	17.765801	-52.502231	-0.621847	0.293526	0.293512	0.244951	-0.067354	-0.023761	-1.871691	0.566067	0.252016	0.252146	-0.020064	0.029529	0.804350	0.593082	
 1687527275.586721	1687527275.553255	17.740432	-52.517033	-0.642150	0.293784	0.293696	0.245399	-0.043275	-0.028487	-1.862494	2.372174	0.469028	0.252956	-0.008860	0.024337	0.801912	0.596881	
 1687527275.991646	1687527275.955541	17.703917	-52.548724	-0.694901	0.294386	0.294531	0.244179	-0.033150	-0.026157	-1.854650	1.490771	0.462004	0.251858	-0.005413	0.020405	0.799709	0.600016	
 1687527276.396350	1687527276.358265	17.681513	-52.584895	-0.709783	0.298793	0.298858	0.244916	-0.062094	-0.039697	-1.859201	1.110562	0.420711	0.252886	-0.013006	0.034462	0.800469	0.598242	
 1687527276.803713	1687527276.762798	17.702211	-52.570767	-0.682714	0.298877	0.298921	0.245970	-0.037445	0.009121	-1.885139	2.376094	0.606144	0.254135	-0.017826	0.007314	0.808971	0.587533	
 1687527277.107759	1687527277.064795	17.706515	-52.522824	-0.681096	0.241825	0.241626	0.216587	0.013771	0.012959	-1.904214	0.975283	0.224157	0.222580	0.001851	-0.009272	0.814577	0.579978	
 1687527277.510464	1687527277.467815	17.670819	-52.520493	-0.663648	0.290304	0.291187	0.242572	-0.033212	-0.058530	-1.902466	0.475462	0.297229	0.249048	0.003476	0.033457	0.813389	0.580747	
 1687527277.916332	1687527277.870278	17.634027	-52.572307	-0.643232	0.293514	0.293088	0.244810	-0.060489	-0.006160	-1.874003	1.322647	0.822481	0.252012	-0.022544	0.020389	0.805358	0.592008	
 1687527278.220804	1687527278.173246	17.619456	-52.612912	-0.679734	0.239222	0.239225	0.214963	-0.018853	-0.061848	-1.908069	1.907959	0.307292	0.220986	0.010197	0.030671	0.815161	0.578332	
 1687527278.634058	1687527278.575820	17.623772	-52.625588	-0.701779	0.295587	0.295819	0.243820	-0.031246	-0.050891	-1.914741	0.843022	0.820314	0.250960	0.001875	0.029792	0.817087	0.575741	
 1687527278.941877	1687527278.877950	17.643899	-52.608747	-0.692146	0.246145	0.246223	0.218148	-0.027397	-0.035470	-1.898330	1.146222	0.684573	0.224587	-0.000807	0.022391	0.812584	0.582413	
 1687527279.347290	1687527279.281507	17.661311	-52.591053	-0.672314	0.288849	0.289101	0.241892	-0.048818	-0.005721	-1.892027	1.032115	0.540671	0.249344	-0.018123	0.016595	0.810805	0.584801	
 1687527279.750788	1687527279.684927	17.633313	-52.583358	-0.669815	0.297058	0.296973	0.245046	-0.026842	-0.065015	-1.900449	1.796419	0.342915	0.252806	0.007986	0.034239	0.812789	0.581496	
 1687527280.154105	1687527280.087378	17.573399	-52.603040	-0.657759	0.292413	0.292450	0.243888	-0.036634	-0.040248	-1.873632	1.149990	0.906838	0.251446	-0.002836	0.027057	0.805159	0.592434	
 1687527280.559383	1687527280.491596	17.558617	-52.623143	-0.678298	0.287974	0.287985	0.241574	-0.035439	-0.064104	-1.907485	1.455890	0.612644	0.249358	0.004097	0.036380	0.814711	0.578710	
 1687527280.965344	1687527280.895052	17.596563	-52.615548	-0.699768	0.299406	0.299441	0.245739	-0.027442	-0.009727	-1.896633	1.560118	0.976380	0.253800	-0.008312	0.011951	0.812310	0.583044	
 1687527281.370584	1687527281.298380	17.624918	-52.620521	-0.679192	0.298110	0.297611	0.245544	-0.058790	-0.001270	-1.889929	0.932969	0.323155	0.252924	-0.023449	0.017731	0.810115	0.585534	
 1687527281.781118	1687527281.702141	17.604908	-52.625928	-0.657486	0.297563	0.297097	0.245559	-0.015024	-0.042460	-1.885909	2.337486	0.340629	0.253278	0.006391	0.021591	0.808998	0.587380	
 1687527282.090782	1687527282.004564	17.546197	-52.622935	-0.653265	0.243571	0.243559	0.217159	0.003257	-0.039835	-1.856253	0.620204	0.538308	0.223710	0.013240	0.014967	0.800358	0.599189	
 1687527282.495092	1687527282.407987	17.523849	-52.632646	-0.650268	0.299465	0.299512	0.245802	-0.034716	-0.010100	-1.853371	0.304329	0.485425	0.253741	-0.010847	0.014460	0.799451	0.600460	
 1687527282.899565	1687527282.810546	17.529137	-52.634824	-0.659299	0.295448	0.295178	0.244500	-0.037239	-0.044593	-1.892982	1.304105	0.332563	0.252322	-0.002073	0.028966	0.810784	0.584624	
 1687527283.203467	1687527283.114693	17.530943	-52.643801	-0.669993	0.240439	0.240363	0.215002	-0.048132	-0.042540	-1.878886	1.486080	0.660749	0.221529	-0.006871	0.031363	0.806511	0.590346	
 1687527283.608470	1687527283.517558	17.541904	-52.643396	-0.679585	0.295387	0.295325	0.243263	-0.031588	-0.041771	-1.859775	2.165239	0.719128	0.251206	-0.000171	0.026179	0.801081	0.597984	
 1687527284.015226	1687527283.958206	17.552186	-52.644589	-0.661580	0.296345	0.296457	0.244542	-0.040911	0.002028	-1.849804	1.436568	0.674646	0.252517	-0.016944	0.011502	0.798407	0.601770	
 1687527284.421495	1687527284.361778	17.530091	-52.661466	-0.646891	0.295549	0.295173	0.245185	-0.043612	-0.032394	-1.867555	1.604121	0.280550	0.252940	-0.007894	0.025984	0.803366	0.594866	
 1687527284.827192	1687527284.765215	17.498872	-52.663379	-0.637750	0.300731	0.300657	0.246314	-0.040527	-0.024697	-1.867058	2.054209	0.608034	0.254540	-0.008938	0.021978	0.803350	0.595035	
 1687527285.130358	1687527285.068278	17.503245	-52.652781	-0.625545	0.240796	0.240753	0.215388	-0.036962	0.004462	-1.860329	1.666547	0.453813	0.222264	-0.016149	0.009257	0.801604	0.597565	
 1687527285.537347	1687527285.471663	17.519072	-52.646623	-0.646772	0.291723	0.291477	0.243166	-0.022042	-0.022322	-1.865684	1.361337	0.265392	0.250978	-0.002206	0.015528	0.803144	0.595579	
 1687527285.942086	1687527285.874737	17.519590	-52.664776	-0.666215	0.298727	0.298973	0.245420	-0.072243	-0.039870	-1.882274	0.850745	0.404412	0.253298	-0.017452	0.037363	0.807117	0.588950	
 1687527286.249991	1687527286.177832	17.505192	-52.666708	-0.676489	0.240586	0.240576	0.214422	-0.038528	-0.029922	-1.870522	2.797114	0.623762	0.220997	-0.006621	0.023471	0.804344	0.593664	
 1687527286.654151	1687527286.579362	17.498318	-52.675023	-0.649356	0.296161	0.296252	0.244003	-0.031462	-0.012494	-1.866708	1.745942	0.558861	0.251836	-0.008924	0.014381	0.803447	0.595136	
 1687527287.058785	1687527286.981533	17.489145	-52.678200	-0.634850	0.295933	0.295818	0.245572	-0.036603	-0.035302	-1.890363	1.317927	0.364741	0.253441	-0.004498	0.025020	0.810152	0.585669	
 1687527287.464679	1687527287.384407	17.471792	-52.668200	-0.664341	0.294298	0.294330	0.244325	-0.009693	-0.034767	-1.867531	1.798370	0.674596	0.252357	0.006444	0.016855	0.803684	0.594782	
 1687527287.869534	1687527287.787425	17.476503	-52.670875	-0.676728	0.253422	0.253570	0.222692	-0.022222	-0.000112	-1.861810	0.495972	0.476801	0.229687	-0.008879	0.006679	0.802111	0.597072	
 1687527290.276149	1687527290.223229	17.470770	-52.679432	-0.676828	0.225782	0.225646	0.205099	-0.010689	-0.049960	-1.933386	0.676106	0.222042	0.211165	0.009790	0.023591	0.822667	0.567949	
 1687527290.579090	1687527290.527245	17.477192	-52.706676	-0.681538	0.238584	0.238586	0.213034	-0.062720	-0.022200	-1.939738	0.664734	0.776485	0.219509	-0.019587	0.026878	0.824159	0.565382	
 1687527290.882539	1687527290.833396	17.471355	-52.699946	-0.664862	0.235305	0.235284	0.210460	-0.055018	-0.018974	-1.935683	2.836687	0.576568	0.216766	-0.017276	0.023408	0.823167	0.567054	
 1687527291.292399	1687527291.239282	17.449232	-52.677596	-0.620933	0.287382	0.287392	0.239876	-0.028989	-0.036844	-1.900026	2.720284	0.573717	0.247522	-0.001074	0.023412	0.813044	0.581730	
 1687527291.699862	1687527291.642142	17.422583	-52.670042	-0.602739	0.292429	0.292576	0.243705	-0.022622	-0.004113	-1.858318	1.410293	0.678631	0.251542	-0.007831	0.008417	0.801050	0.598487	
 1687527292.106846	1687527292.046536	17.406524	-52.698873	-0.614649	0.286336	0.286500	0.241616	-0.074257	-0.036071	-1.855957	0.849920	0.280204	0.249389	-0.018903	0.036673	0.799327	0.599478	
 1687527292.511050	1687527292.454331	17.390928	-52.688665	-0.702824	0.295843	0.296072	0.244781	-0.008304	-0.012733	-1.846178	3.607713	0.674535	0.252612	0.000530	0.007582	0.797430	0.603363	
 1687527292.919931	1687527292.857416	17.399973	-52.686183	-0.712986	0.297520	0.298016	0.245195	-0.049768	-0.023841	-1.847623	0.402770	0.294987	0.252514	-0.012668	0.024505	0.797423	0.602790	
 1687527293.327945	1687527293.260695	17.405459	-52.689562	-0.670258	0.297925	0.298103	0.245709	-0.051400	0.003081	-1.870730	2.444195	0.513554	0.253671	-0.021596	0.014013	0.804573	0.593296	
 1687527293.730777	1687527293.668336	17.367185	-52.715582	-0.629177	0.295427	0.295507	0.244686	-0.042617	-0.038121	-1.869255	2.365256	0.306524	0.252654	-0.005815	0.027984	0.803808	0.594202	
 1687527294.138352	1687527294.070284	17.346003	-52.724686	-0.605846	0.292603	0.292606	0.244159	-0.045707	-0.007528	-1.875122	2.165914	0.707828	0.252169	-0.016194	0.016556	0.805850	0.591667	
 1687527294.546738	1687527294.473710	17.364009	-52.700573	-0.639497	0.297561	0.297501	0.246326	-0.040830	-0.003619	-1.886162	2.212876	0.378729	0.254456	-0.015460	0.013453	0.809180	0.587204	
 1687527294.958158	1687527294.876545	17.359897	-52.696667	-0.694687	0.301293	0.301555	0.247208	-0.055469	-0.033957	-1.877344	1.817341	0.336052	0.255131	-0.012342	0.030075	0.806070	0.590927	
 1687527295.368749	1687527295.279281	17.356316	-52.712904	-0.687613	0.302421	0.302448	0.245959	-0.050896	-0.024762	-1.870157	2.945435	0.706800	0.254048	-0.013124	0.025066	0.804136	0.593771	
 1687527295.774328	1687527295.685503	17.356854	-52.724674	-0.624447	0.300243	0.300280	0.247205	-0.036289	-0.022615	-1.877240	2.715305	0.580921	0.255426	-0.007956	0.019841	0.806438	0.590932	
 1687527296.179324	1687527296.091412	17.330680	-52.717134	-0.638281	0.286010	0.286154	0.241701	-0.033256	-0.033557	-1.881381	1.739188	0.499110	0.249480	-0.003548	0.023350	0.807576	0.589291	
 1687527296.585535	1687527296.495140	17.326961	-52.727485	-0.647321	0.300608	0.300811	0.246044	-0.075819	0.002480	-1.884893	1.713141	0.656960	0.254108	-0.031390	0.021276	0.808444	0.587350	
 1687527296.989949	1687527296.897791	17.310676	-52.726868	-0.653556	0.300067	0.299924	0.246087	-0.014975	-0.053193	-1.905116	3.783844	0.375300	0.253950	0.009314	0.026009	0.814474	0.579542	
 1687527297.394179	1687527297.299675	17.308397	-52.722478	-0.634306	0.291588	0.292039	0.243439	-0.066159	0.019297	-1.863168	0.934028	0.932900	0.250787	-0.032295	0.011990	0.802280	0.595953	
 1687527297.800694	1687527297.706211	17.318408	-52.725355	-0.623686	0.294498	0.294580	0.245120	-0.062899	0.069961	-1.846684	3.227267	0.260578	0.252865	-0.046150	-0.008927	0.797403	0.601614	
 1687527298.207572	1687527298.212286	17.323317	-52.719454	-0.650535	0.289163	0.288426	0.242132	-0.051711	-0.088782	-1.973564	2.039270	0.460323	0.249144	0.002913	0.051249	0.832523	0.551607	
 1687527298.611385	1687527298.616231	17.311897	-52.694921	-0.666099	0.295132	0.294543	0.244641	0.008279	0.036728	-1.905275	2.605514	1.631394	0.250828	-0.007269	-0.017363	0.814758	0.579495	
 1687527299.019413	1687527299.020485	17.286459	-52.683284	-0.637572	0.295504	0.294989	0.246199	-0.014933	0.020643	-1.857175	0.575075	0.609492	0.251851	-0.012161	-0.003793	0.800756	0.598855	
 1687527299.423796	1687527299.425034	17.250942	-52.680291	-0.621797	0.292489	0.292190	0.243888	-0.062830	-0.042033	-1.866675	0.427054	0.284505	0.251128	-0.012735	0.035569	0.802644	0.595261	
 1687527299.928004	1687527299.929866	17.253012	-52.651149	-0.627604	0.343747	0.342926	0.261815	-0.007598	0.012457	-1.863809	3.512371	0.840654	0.269921	-0.006764	-0.002734	0.802750	0.596271	
 1687527300.432484	1687527300.433419	17.255366	-52.660565	-0.646634	0.344036	0.344622	0.263847	-0.039376	-0.038916	-1.854078	0.349271	0.283565	0.271551	-0.004068	0.027373	0.799310	0.600281	
 1687527300.936137	1687527300.939091	17.244816	-52.682049	-0.626059	0.338810	0.338766	0.261104	-0.082365	-0.042356	-1.864976	2.376473	0.801093	0.269944	-0.020450	0.041518	0.801725	0.595899	
 1687527301.442486	1687527301.443501	17.218101	-52.637214	-0.612594	0.340010	0.339903	0.261992	-0.001673	-0.022073	-1.828361	4.564608	0.858040	0.271334	0.006075	0.009252	0.792009	0.610410	
 1687527301.847459	1687527301.848365	17.196012	-52.616886	-0.630656	0.300787	0.301816	0.249453	-0.048516	-0.047550	-1.820134	0.329596	0.372365	0.256813	-0.004561	0.033645	0.788736	0.613794	
 1687527302.355444	1687527302.354617	17.217188	-52.617370	-0.647746	0.340872	0.340979	0.261112	-0.032561	0.008701	-1.865224	3.154574	0.927935	0.270131	-0.015667	0.006204	0.803107	0.595597	
 1687527302.859314	1687527302.858525	17.201539	-52.636348	-0.651994	0.344616	0.344517	0.263253	-0.085113	-0.082773	-1.874396	1.607251	0.272515	0.271521	-0.009783	0.058480	0.803441	0.592424	
 1687527303.263756	1687527303.265891	17.152062	-52.617318	-0.650069	0.295855	0.295472	0.245326	-0.029678	-0.006308	-1.826867	4.017109	1.236858	0.252740	-0.009819	0.011563	0.791487	0.610998	
 1687527303.674816	1687527303.669526	17.129727	-52.593455	-0.612381	0.300587	0.300392	0.247043	-0.037310	-0.020640	-1.867642	1.526789	0.322656	0.254801	-0.008858	0.019388	0.803601	0.594786	
 1687527304.082604	1687527304.071135	17.144773	-52.567740	-0.631021	0.290488	0.290380	0.243658	-0.049440	-0.039154	-1.925457	2.172004	0.530600	0.251432	-0.009103	0.030180	0.820069	0.571396	
 1687527304.489546	1687527304.474850	17.141585	-52.556545	-0.663324	0.293109	0.293032	0.243169	-0.041243	0.010182	-1.903550	3.077962	0.957957	0.251037	-0.019747	0.007819	0.814324	0.580022	
 1687527304.899682	1687527304.878672	17.116696	-52.565028	-0.677945	0.300870	0.300588	0.246773	-0.050672	-0.036740	-1.893581	2.024371	0.269926	0.254567	-0.009826	0.029702	0.810875	0.584382	
 1687527305.306247	1687527305.282914	17.093291	-52.549548	-0.700427	0.297149	0.297101	0.244414	-0.015787	0.005721	-1.872084	3.133028	0.851533	0.252407	-0.008052	0.002378	0.805202	0.592941	
 1687527305.714712	1687527305.685590	17.071903	-52.558469	-0.654183	0.304242	0.304456	0.248389	-0.065080	-0.046841	-1.856407	0.589060	0.250299	0.256116	-0.012011	0.038229	0.799445	0.599401	
 1687527306.121413	1687527306.091920	17.061076	-52.573495	-0.639414	0.289161	0.289150	0.242817	-0.052188	0.024580	-1.842464	3.771021	0.892763	0.250571	-0.028207	0.005996	0.796210	0.604332	
 1687527306.626287	1687527306.597518	17.058094	-52.547642	-0.646353	0.343170	0.342188	0.261603	-0.063885	0.006001	-1.873545	2.836984	0.263707	0.269869	-0.027507	0.016503	0.805292	0.592009	
 1687527307.033216	1687527307.003326	17.048326	-52.516829	-0.668248	0.301210	0.301156	0.247839	-0.063255	-0.059323	-1.920930	3.694986	0.337339	0.255969	-0.008913	0.042406	0.818151	0.573369	
 1687527307.439274	1687527307.405947	17.022333	-52.519546	-0.690829	0.288188	0.287738	0.241699	-0.054770	0.031544	-1.829334	3.499075	1.187693	0.249028	-0.031311	0.004210	0.792227	0.609408	
 1687527307.845007	1687527307.807746	17.027796	-52.536216	-0.671274	0.298849	0.298423	0.245548	-0.046066	-0.033989	-1.881014	2.758232	0.259436	0.253039	-0.008590	0.027297	0.807296	0.589453	
 1687527308.249287	1687527308.213143	17.049347	-52.541204	-0.635806	0.293683	0.293951	0.244409	-0.029139	-0.035987	-1.918390	2.949783	0.797718	0.251698	-0.001596	0.023093	0.818360	0.574240	
 1687527308.653506	1687527308.619779	17.051054	-52.527070	-0.637258	0.290628	0.291159	0.244775	-0.017910	-0.041532	-2.048132	1.663177	0.770533	0.251686	0.003147	0.022391	0.853914	0.519923	
 1687527309.157374	1687527309.126471	16.989522	-52.500218	-0.708450	0.340287	0.340643	0.260443	0.112548	-0.072511	-2.081008	1.223066	1.051661	0.268506	0.066792	0.002791	0.861759	0.502894	
 1687527309.561311	1687527309.530158	17.037001	-52.468821	-0.673987	0.299883	0.302140	0.249007	0.008161	0.005176	-2.159031	3.267636	0.257864	0.254186	0.002377	-0.004207	0.881714	0.471760	
 1687527309.969746	1687527309.933360	17.062066	-52.414642	-0.648026	0.292661	0.291823	0.245145	0.014100	-0.022027	-2.283042	0.408865	0.284191	0.250912	0.010994	0.007080	0.909222	0.416106	
 1687527310.476403	1687527310.438165	16.990433	-52.398887	-0.659321	0.347516	0.347212	0.262477	0.085061	-0.019819	-2.218179	0.345477	0.383931	0.270521	0.042474	-0.010076	0.894628	0.444675	
 1687527310.880731	1687527310.841895	16.932728	-52.387658	-0.654790	0.302836	0.302971	0.249650	0.024833	-0.027066	-2.146429	2.960060	0.427987	0.256915	0.017368	0.005965	0.878671	0.477074	
 1687527311.285283	1687527311.247394	16.841484	-52.368876	-0.696392	0.282376	0.282162	0.239848	0.066658	-0.037984	-2.035565	0.500804	0.309503	0.246889	0.038320	-0.001348	0.850652	0.524329	
 1687527311.689530	1687527311.655042	16.758643	-52.366106	-0.719296	0.284622	0.284438	0.238960	0.073619	-0.010703	-1.791735	2.222388	0.240543	0.246311	0.032073	-0.018819	0.780335	0.624256	
 1687527312.096713	1687527312.059282	16.763409	-52.329577	-0.753706	0.287400	0.286575	0.241434	0.123363	0.026591	-1.783773	3.629240	0.268053	0.248282	0.039637	-0.049032	0.776194	0.627333	
 1687527312.505399	1687527312.465108	16.726594	-52.293023	-0.778075	0.292645	0.290920	0.245301	0.032559	-0.005468	-1.767387	4.504492	0.440300	0.250335	0.014319	-0.008212	0.773010	0.634179	
 1687527312.910893	1687527312.868446	16.657961	-52.233379	-0.780090	0.291522	0.291388	0.243138	-0.009481	0.000804	-1.746465	1.253946	0.247371	0.249375	-0.003891	0.002737	0.766402	0.642344	
 1687527313.417240	1687527313.404920	16.642757	-52.138658	-0.754320	0.351282	0.353544	0.264583	0.007475	0.019665	-1.778253	0.400021	0.264349	0.271255	-0.003293	-0.009990	0.776455	0.630084	
 1687527313.821652	1687527313.809528	16.581134	-52.013814	-0.776217	0.298234	0.298817	0.247814	-0.044872	0.034635	-1.754285	0.386930	0.335281	0.255122	-0.028316	0.001029	0.768855	0.638795	
 1687527314.226699	1687527314.212560	16.499967	-51.883100	-0.807247	0.299837	0.301052	0.248256	-0.006163	0.008225	-1.860793	1.668701	0.309416	0.255009	-0.004928	-0.001456	0.801854	0.597498	
 1687527314.635420	1687527314.515398	16.342212	-51.780717	-0.877963	0.291249	0.291385	0.243821	0.012109	0.001174	-1.919758	0.298312	0.251138	0.250823	0.004622	-0.003954	0.819105	0.573612	
 1687527315.039847	1687527314.959927	16.223643	-51.670932	-0.972618	0.297914	0.297520	0.244716	0.028738	-0.011546	-2.029558	0.405183	0.253587	0.251353	0.015251	-0.002681	0.849306	0.527674	
 1687527315.547043	1687527315.465045	16.054236	-51.602821	-1.005652	0.355565	0.355602	0.262852	0.015607	-0.042245	-1.914991	0.716064	0.264401	0.270231	0.018536	0.012781	0.817640	0.575289	
 1687527315.951762	1687527315.869300	15.898391	-51.530190	-0.961389	0.285001	0.284809	0.240818	-0.011240	-0.038484	-1.922781	0.306723	0.447213	0.247801	0.006406	0.018993	0.819762	0.572354	
 1687527316.361806	1687527316.273554	15.750201	-51.398055	-0.956626	0.299164	0.299085	0.246816	-0.020856	-0.015741	-1.912673	0.445690	0.516064	0.254024	-0.003983	0.012442	0.816968	0.576535	
 1687527316.771352	1687527316.676400	15.638085	-51.262846	-0.967770	0.285534	0.285538	0.239671	-0.062836	-0.022252	-1.945194	0.537805	0.316774	0.246565	-0.019694	0.026879	0.825695	0.563132	
 1687527317.175712	1687527317.080040	15.481864	-51.129228	-0.965804	0.303873	0.303603	0.246905	-0.070568	-0.006069	-1.916728	1.648538	0.442354	0.253945	-0.027122	0.022761	0.817678	0.574586	
 1687527317.580708	1687527317.486841	15.329125	-50.992794	-0.955841	0.297398	0.297189	0.246003	-0.071022	-0.011113	-1.939672	1.731928	0.320220	0.252808	-0.026143	0.024655	0.824149	0.565232	
 1687527317.986021	1687527317.891557	15.234871	-50.842734	-0.957287	0.289325	0.289366	0.241461	-0.049122	-0.012611	-1.927335	1.721528	0.349850	0.248022	-0.016573	0.019188	0.820937	0.570456	
 1687527318.395528	1687527318.399740	15.125470	-50.653830	-0.947229	0.298339	0.298305	0.245387	-0.052496	0.000421	-1.862938	1.058050	0.325470	0.252578	-0.021187	0.015491	0.802224	0.596446	
 1687527318.800537	1687527318.802974	15.058711	-50.487932	-0.946602	0.295031	0.295060	0.244369	-0.053697	0.001576	-1.852174	1.114700	0.262579	0.252013	-0.021930	0.015503	0.798999	0.600733	
 1687527319.203966	1687527319.207125	14.938387	-50.314044	-0.953882	0.290549	0.290802	0.242270	-0.062064	-0.019399	-1.836616	1.040322	0.254939	0.249803	-0.018766	0.026541	0.793973	0.607084	
 1687527319.717066	1687527319.711694	14.781395	-50.135292	-0.954370	0.340168	0.340183	0.259564	-0.046279	-0.008266	-1.872031	1.345963	0.354013	0.268190	-0.016180	0.017048	0.804923	0.592914	
 1687527320.121194	1687527320.115810	14.670444	-49.943647	-0.937290	0.299476	0.299625	0.246771	-0.075519	0.002269	-1.937429	0.864229	0.283109	0.254454	-0.031754	0.020446	0.823595	0.565920	
 1687527320.525469	1687527320.519620	14.613558	-49.770151	-0.925428	0.298253	0.298427	0.246296	-0.071783	-0.000347	-1.855081	1.439590	0.273298	0.254034	-0.028608	0.021662	0.799628	0.599422	
 1687527320.928780	1687527320.922096	14.509472	-49.565753	-0.930403	0.298658	0.299008	0.246019	-0.065134	-0.007502	-1.801453	1.335246	0.265572	0.253756	-0.023192	0.023160	0.783281	0.620803	
 1687527321.334379	1687527321.326065	14.380642	-49.364806	-0.939331	0.297515	0.297993	0.245633	-0.063708	-0.009639	-1.828843	1.195413	0.273674	0.253353	-0.022291	0.023251	0.791705	0.610054	
 1687527321.740373	1687527321.732359	14.298076	-49.180305	-0.958479	0.295747	0.296126	0.244524	-0.052359	-0.008843	-1.873640	1.155396	0.282435	0.252423	-0.018471	0.019067	0.805326	0.592238	
 1687527322.149025	1687527322.136503	14.202661	-48.962900	-0.954584	0.300595	0.301031	0.246532	-0.057810	-0.003426	-1.810401	0.845932	0.279355	0.254337	-0.021674	0.019194	0.786189	0.617308	
 1687527322.556693	1687527322.540581	14.109414	-48.765621	-0.941374	0.296245	0.296628	0.245237	-0.065939	-0.006107	-1.829535	0.911608	0.259207	0.252965	-0.024259	0.022525	0.791925	0.609720	
 1687527322.964936	1687527322.944581	14.054154	-48.598251	-0.940038	0.295396	0.295950	0.244597	-0.070376	-0.016542	-1.858948	1.023811	0.267040	0.252301	-0.023245	0.027670	0.800608	0.598098	
 1687527323.373758	1687527323.349576	13.941368	-48.392058	-0.950960	0.281870	0.282271	0.238424	-0.053193	-0.006240	-1.818813	1.064089	0.295523	0.245714	-0.019070	0.018795	0.788805	0.614059	
 1687527323.778277	1687527323.757149	13.839836	-48.213400	-0.962470	0.295881	0.296613	0.244749	-0.065716	-0.014964	-1.865467	0.791820	0.262313	0.252099	-0.021934	0.025574	0.802649	0.595500	
 1687527324.187338	1687527324.161648	13.723572	-48.013583	-0.955885	0.290814	0.291168	0.242538	-0.060100	-0.008965	-1.848740	0.940978	0.290337	0.250081	-0.021285	0.021674	0.797792	0.602167	
 1687527324.694432	1687527324.668242	13.635200	-47.825466	-0.962158	0.338732	0.339270	0.260335	-0.079503	0.000595	-1.841054	0.895240	0.288104	0.268861	-0.031811	0.023823	0.795299	0.604913	
 1687527325.101680	1687527325.071873	13.538043	-47.619260	-0.967404	0.287841	0.288030	0.241474	-0.044293	-0.017111	-1.817135	1.091071	0.251902	0.248957	-0.012204	0.020361	0.788285	0.614852	
 1687527325.505255	1687527325.474424	13.465253	-47.449383	-0.963186	0.299297	0.300448	0.247126	-0.077510	-0.017611	-1.852399	0.616059	0.288163	0.254412	-0.025683	0.030314	0.798506	0.600675	
 1687527325.909868	1687527325.878739	13.360530	-47.262311	-0.958215	0.272615	0.273025	0.234134	-0.061090	-0.013633	-1.829184	0.963124	0.281230	0.241258	-0.020040	0.024031	0.791799	0.609980	
 1687527326.315247	1687527326.285680	13.264350	-47.045097	-0.964818	0.290379	0.291019	0.242399	-0.066242	-0.013272	-1.857428	0.764585	0.273357	0.249706	-0.022548	0.025142	0.800262	0.598699	
 1687527326.721906	1687527326.689901	13.190560	-46.848565	-0.966152	0.294153	0.294698	0.243054	-0.073307	-0.028693	-1.820415	0.837113	0.277397	0.250277	-0.020137	0.033803	0.788697	0.613522	
 1687527327.128786	1687527327.094246	13.106367	-46.629576	-0.945175	0.293134	0.293699	0.244081	-0.060534	-0.007246	-1.813047	0.881408	0.317204	0.251756	-0.021595	0.021508	0.786932	0.616287	
 1687527327.535038	1687527327.504852	13.044172	-46.435246	-0.983284	0.291556	0.291843	0.243052	-0.033094	-0.008143	-1.802414	0.702477	0.257537	0.250505	-0.010447	0.013462	0.783921	0.620627	
 1687527327.939631	1687527327.907966	12.950589	-46.221251	-1.004380	0.299029	0.300069	0.246649	-0.072216	-0.018890	-1.807206	0.394441	0.255996	0.253796	-0.022517	0.029752	0.784803	0.618621	
 1687527328.344285	1687527328.310850	12.843393	-46.026602	-0.988729	0.295055	0.295477	0.244111	-0.087574	-0.017728	-1.837160	0.794281	0.280564	0.251717	-0.029412	0.033605	0.793712	0.606652	
 1687527328.749241	1687527328.718985	12.783183	-45.854099	-0.977052	0.296747	0.297093	0.245407	-0.071539	-0.014922	-1.866065	0.985536	0.285714	0.253220	-0.024292	0.027282	0.802734	0.595217	
 1687527329.152885	1687527329.122487	12.696311	-45.634360	-0.979074	0.292832	0.293271	0.243947	-0.071340	-0.012582	-1.791530	0.766819	0.276551	0.251486	-0.023912	0.027194	0.780035	0.624687	
 1687527329.559693	1687527329.525804	12.630715	-45.438691	-0.992903	0.288204	0.288684	0.241537	-0.064722	-0.009046	-1.813607	0.779984	0.263310	0.249026	-0.022695	0.023499	0.787027	0.616053	
 1687527329.969602	1687527329.935720	12.552896	-45.221436	-0.997990	0.295420	0.296033	0.244708	-0.083746	-0.008012	-1.801255	0.676900	0.260243	0.252383	-0.030321	0.029137	0.782920	0.620700	
 1687527330.376693	1687527330.338553	12.465378	-45.017510	-0.995884	0.291704	0.292085	0.242979	-0.074710	-0.009713	-1.838636	0.877310	0.258480	0.250582	-0.026754	0.026504	0.794514	0.606077	
 1687527330.780785	1687527330.746008	12.391403	-44.839892	-0.998482	0.294676	0.295284	0.244621	-0.075681	-0.014727	-1.845662	0.800060	0.264859	0.252178	-0.025722	0.028700	0.796553	0.603339	
 1687527331.185458	1687527331.150413	12.287274	-44.629165	-1.002569	0.293460	0.293966	0.243729	-0.063871	-0.011904	-1.821529	0.773567	0.272511	0.251285	-0.021576	0.024277	0.789439	0.612969	
 1687527331.590149	1687527331.555177	12.187317	-44.413649	-0.999102	0.279686	0.280238	0.237524	-0.069356	-0.008861	-1.818839	0.636771	0.256896	0.244734	-0.024641	0.024789	0.788571	0.613950	
 1687527331.993315	1687527331.958066	12.124467	-44.225253	-1.003507	0.296451	0.297022	0.245135	-0.067311	-0.009188	-1.824348	0.727197	0.261391	0.252927	-0.023801	0.024225	0.790285	0.611797	
 1687527332.396915	1687527332.362241	12.044527	-44.012112	-1.006828	0.289869	0.290414	0.242289	-0.074404	-0.002667	-1.800385	0.667917	0.257853	0.249835	-0.028311	0.024158	0.782873	0.621067	
 1687527332.803205	1687527332.765139	11.972804	-43.839595	-1.008990	0.298161	0.298819	0.245938	-0.072396	-0.020888	-1.832608	0.762398	0.253627	0.253457	-0.022356	0.030310	0.792564	0.608624	
 1687527333.208673	1687527333.168625	11.862776	-43.642758	-1.004952	0.294613	0.295311	0.244365	-0.066731	-0.019186	-1.824401	0.720718	0.282893	0.251822	-0.020514	0.027998	0.790180	0.611891	
 1687527333.613380	1687527333.572687	11.757647	-43.442916	-0.989633	0.297337	0.298064	0.245762	-0.078381	-0.014790	-1.857638	0.671166	0.279397	0.253070	-0.026955	0.029378	0.800103	0.598536	
 1687527334.019928	1687527333.977241	11.696784	-43.253769	-0.989001	0.292463	0.292949	0.243791	-0.063682	-0.008598	-1.831589	0.781794	0.273295	0.251554	-0.022629	0.022800	0.792554	0.608955	
 1687527334.425020	1687527334.381060	11.616288	-43.037142	-1.013806	0.300162	0.300913	0.247168	-0.072010	-0.008274	-1.789111	0.606266	0.260588	0.254716	-0.025488	0.025754	0.779326	0.625571	
 1687527334.830387	1687527334.793583	11.510236	-42.835944	-1.022094	0.299524	0.300375	0.246415	-0.077914	-0.019483	-1.830504	0.689807	0.258312	0.253828	-0.024939	0.031457	0.791846	0.609400	
 1687527335.234248	1687527335.197893	11.421629	-42.679694	-1.009789	0.295281	0.295944	0.244559	-0.067267	-0.019872	-1.877902	0.751500	0.278869	0.252071	-0.021268	0.027873	0.806246	0.590541	
 1687527335.743713	1687527335.705132	11.322221	-42.501738	-0.988774	0.330968	0.331804	0.258116	-0.070915	-0.007958	-1.841177	0.648010	0.295017	0.266234	-0.025809	0.024625	0.795366	0.605079	
 1687527336.147373	1687527336.107824	11.226682	-42.300366	-0.982875	0.294579	0.294913	0.245262	-0.063989	-0.013064	-1.812322	0.648913	0.258911	0.252704	-0.021153	0.024868	0.786593	0.616608	
 1687527336.553286	1687527336.510552	11.163829	-42.105326	-0.992953	0.296459	0.297402	0.245878	-0.070147	-0.015562	-1.827066	0.602978	0.264287	0.253340	-0.023009	0.027579	0.790990	0.610774	
 1687527336.965413	1687527336.912220	11.064048	-41.904672	-0.993525	0.295371	0.296510	0.245347	-0.107627	-0.049093	-1.866391	0.632955	0.267966	0.252561	-0.028617	0.051701	0.801335	0.595289	
 1687527337.369960	1687527337.315259	10.946663	-41.733642	-0.981256	0.298565	0.298767	0.246732	-0.086760	-0.029378	-1.897572	0.958552	0.358071	0.253769	-0.026690	0.037192	0.811485	0.582577	
 1687527337.773675	1687527337.720804	10.863380	-41.584146	-0.968620	0.293896	0.294467	0.244680	-0.085035	-0.031553	-1.890032	0.794799	0.308185	0.251643	-0.025214	0.037668	0.809280	0.585671	
 1687527338.177926	1687527338.127615	10.765536	-41.388980	-0.959279	0.302301	0.302911	0.247943	-0.085323	-0.018412	-1.794652	0.778462	0.315474	0.255260	-0.027599	0.033788	0.780673	0.623415	
 1687527338.489195	1687527338.429843	10.691549	-41.207855	-0.947876	0.242960	0.243215	0.217024	-0.074904	-0.015260	-1.779125	0.696580	0.241106	0.223133	-0.024283	0.029502	0.776049	0.629514	
 1687527338.893314	1687527338.833042	10.599748	-41.000739	-0.943609	0.296862	0.297761	0.245242	-0.094388	-0.013794	-1.789769	0.675251	0.264649	0.252260	-0.032493	0.034888	0.779046	0.625151	
 1687527339.300227	1687527339.286695	10.523028	-40.835098	-0.923112	0.294480	0.295141	0.244418	-0.093206	-0.025248	-1.847361	0.854615	0.264475	0.251814	-0.029562	0.038144	0.796542	0.602655	
 1687527339.707616	1687527339.691389	10.411701	-40.649851	-0.911959	0.292741	0.293361	0.243987	-0.090186	-0.024494	-1.841160	0.804846	0.287538	0.251281	-0.028471	0.037024	0.794750	0.605137	
 1687527340.110843	1687527340.095470	10.310017	-40.452308	-0.901993	0.299496	0.300067	0.246303	-0.082673	-0.018628	-1.844215	0.795241	0.288516	0.253761	-0.027307	0.032381	0.795929	0.603907	
 1687527340.519012	1687527340.502692	10.261278	-40.280207	-0.878698	0.292267	0.292991	0.243753	-0.096920	-0.005564	-1.814974	0.734825	0.274810	0.251230	-0.036459	0.032016	0.786948	0.615109	
 1687527340.922364	1687527340.905639	10.186888	-40.083961	-0.860190	0.298085	0.298657	0.246373	-0.085865	-0.012903	-1.772411	0.838983	0.257876	0.253941	-0.029172	0.032133	0.773773	0.631975	
 1687527341.331993	1687527341.310292	10.086299	-39.887957	-0.855264	0.295846	0.296817	0.245623	-0.077788	-0.026017	-1.824843	0.748835	0.261489	0.252844	-0.022802	0.034070	0.790013	0.611718	
 1687527341.735350	1687527341.714018	10.008941	-39.716505	-0.860411	0.299958	0.301163	0.247659	-0.084971	-0.015632	-1.864236	0.699188	0.290184	0.255018	-0.029444	0.031588	0.801937	0.595845	
 1687527342.140185	1687527342.121728	9.903497	-39.520677	-0.862710	0.297617	0.298430	0.246009	-0.079834	-0.019125	-1.827869	0.710455	0.271649	0.253380	-0.025766	0.031934	0.791012	0.610423	
 1687527342.547062	1687527342.525113	9.828718	-39.356948	-0.846277	0.297470	0.298316	0.245859	-0.090989	-0.011019	-1.831085	0.682272	0.273932	0.253200	-0.032705	0.032076	0.791908	0.608920	
 1687527342.954062	1687527342.932740	9.743868	-39.162723	-0.816903	0.293378	0.294103	0.244433	-0.087531	-0.020231	-1.803447	0.747077	0.261705	0.251843	-0.028049	0.035063	0.783331	0.619981	
 1687527343.358396	1687527343.335485	9.649784	-38.959856	-0.806661	0.298289	0.299229	0.246608	-0.074285	-0.026803	-1.816663	0.731616	0.274073	0.253905	-0.021040	0.033397	0.787558	0.614975	
 1687527343.764994	1687527343.738393	9.577586	-38.773653	-0.805533	0.291405	0.292533	0.243609	-0.072006	-0.018410	-1.834589	0.630801	0.282823	0.250794	-0.022985	0.029187	0.793210	0.607814	
 1687527344.169153	1687527344.147166	9.483909	-38.565490	-0.805588	0.294821	0.296072	0.245568	-0.082207	-0.024632	-1.820024	0.591361	0.269935	0.252677	-0.024888	0.034933	0.788474	0.613571	
 1687527344.572706	1687527344.553458	9.374773	-38.367874	-0.806350	0.301050	0.302017	0.247429	-0.079366	-0.034398	-1.823805	0.678679	0.282365	0.254910	-0.020842	0.037873	0.789513	0.612210	
 1687527344.979423	1687527344.974150	9.302929	-38.192717	-0.790383	0.297737	0.298512	0.245833	-0.076132	-0.022753	-1.837181	0.661898	0.300276	0.253411	-0.023344	0.032131	0.793857	0.606806	
 1687527345.383065	1687527345.377270	9.218280	-37.988328	-0.774330	0.297145	0.297964	0.246201	-0.075288	-0.023117	-1.799816	0.595006	0.275953	0.253609	-0.022296	0.032442	0.782392	0.621541	
 1687527345.788849	1687527345.782433	9.149233	-37.818765	-0.772318	0.296153	0.297066	0.245831	-0.082735	-0.026613	-1.809174	0.578923	0.271908	0.253048	-0.024294	0.036008	0.785088	0.617860	
 1687527346.193932	1687527346.186855	9.049746	-37.615785	-0.781384	0.299842	0.300632	0.247085	-0.075447	-0.026332	-1.820067	0.572905	0.274519	0.254451	-0.021700	0.033532	0.788590	0.613621	
 1687527346.602648	1687527346.590239	8.943760	-37.404220	-0.790861	0.292823	0.293489	0.244505	-0.071961	-0.025528	-1.847558	0.496295	0.268007	0.251032	-0.021011	0.031860	0.797027	0.602736	
 1687527346.908981	1687527346.892466	8.877901	-37.242356	-0.795864	0.244402	0.244866	0.219178	-0.074758	-0.058572	-1.891369	0.428829	0.239842	0.223782	-0.013167	0.045587	0.809343	0.585416	
 1687527347.313701	1687527347.296757	8.779308	-37.051781	-0.806081	0.293819	0.294886	0.244243	-0.071459	-0.030192	-1.810538	0.479506	0.312652	0.250436	-0.018780	0.033921	0.785667	0.617434	
 1687527347.719143	1687527347.701103	8.693767	-36.898674	-0.797210	0.291576	0.292476	0.243686	-0.084804	-0.049975	-1.823075	0.465946	0.268330	0.250023	-0.018206	0.045688	0.788841	0.612627	
 1687527348.123840	1687527348.105541	8.594932	-36.695288	-0.787722	0.292356	0.292969	0.243602	-0.073524	-0.027758	-1.801806	0.527323	0.292614	0.250677	-0.020196	0.033690	0.782966	0.620823	
 1687527348.527693	1687527348.509272	8.531310	-36.499234	-0.794190	0.296350	0.296862	0.245593	-0.075324	-0.033877	-1.807254	0.486113	0.268330	0.252459	-0.019102	0.036591	0.784512	0.618738	
 1687527348.934074	1687527348.912394	8.432214	-36.282639	-0.802677	0.296762	0.297477	0.246045	-0.086722	-0.022637	-1.787056	0.461453	0.270506	0.253041	-0.026692	0.035975	0.778198	0.626420	
 1687527349.339837	1687527349.314231	8.314451	-36.062080	-0.818202	0.297614	0.298049	0.246118	-0.076006	-0.024945	-1.852395	0.527636	0.263006	0.253113	-0.022879	0.032790	0.798417	0.600776	
 1687527349.744245	1687527349.719928	8.224916	-35.884386	-0.825609	0.299139	0.299676	0.246464	-0.091820	-0.032316	-1.865343	0.503518	0.270810	0.253471	-0.027243	0.040299	0.801822	0.595580	
 1687527350.149902	1687527350.122385	8.117748	-35.665850	-0.816642	0.293257	0.293545	0.243654	-0.073319	-0.020814	-1.823624	0.558477	0.276977	0.250717	-0.022607	0.030663	0.789807	0.612171	
 1687527350.554581	1687527350.532895	8.023420	-35.427790	-0.807450	0.293134	0.293546	0.244323	-0.084157	-0.004213	-1.793742	0.484657	0.262439	0.251306	-0.031556	0.027896	0.780629	0.623573	
 1687527350.957706	1687527350.939888	7.960362	-35.240620	-0.813800	0.301354	0.301958	0.247924	-0.078532	-0.024066	-1.807155	0.548456	0.255261	0.254941	-0.023395	0.033735	0.784591	0.618653	
 1687527351.360502	1687527351.342297	7.842772	-35.030817	-0.815065	0.292117	0.292833	0.243269	-0.084049	-0.028393	-1.808924	0.538823	0.265464	0.250211	-0.024255	0.037115	0.784951	0.617969	
 1687527351.774409	1687527351.746570	7.749853	-34.863794	-0.805650	0.288143	0.288774	0.241825	-0.077460	-0.020783	-1.749382	0.597738	0.271277	0.248478	-0.023052	0.032795	0.766470	0.641027	
 1687527352.187445	1687527352.148979	7.608373	-34.648966	-0.791990	0.304819	0.305143	0.248212	-0.066690	-0.021225	-1.627579	0.571709	0.265119	0.255487	-0.016949	0.030604	0.726207	0.686585	
 1687527352.592798	1687527352.553187	7.514702	-34.420978	-0.780014	0.294701	0.295272	0.245306	-0.068525	0.008793	-1.516488	0.506094	0.254579	0.252365	-0.026746	0.021850	0.687347	0.725508	
 1687527352.997104	1687527352.957840	7.445685	-34.225119	-0.797153	0.296499	0.296939	0.246182	-0.080817	-0.026324	-1.390725	0.542285	0.249633	0.253359	-0.015781	0.039441	0.639677	0.767469	
 1687527353.403257	1687527353.362373	7.357141	-34.020131	-0.820097	0.293272	0.293673	0.243897	-0.092701	-0.016477	-1.412261	0.584305	0.246061	0.251049	-0.023803	0.040593	0.647885	0.760283	
 1687527353.807716	1687527353.765661	7.282412	-33.817393	-0.809193	0.295001	0.295327	0.244195	-0.086688	-0.032561	-1.438707	0.694191	0.245544	0.251333	-0.016312	0.043307	0.657662	0.751890	
 1687527354.211437	1687527354.171306	7.234581	-33.629381	-0.780755	0.296978	0.297587	0.246111	-0.078056	-0.029118	-1.375201	0.649110	0.251102	0.252524	-0.013520	0.039382	0.633695	0.772461	
 1687527354.618827	1687527354.576284	7.160995	-33.365753	-0.763364	0.294722	0.295238	0.245424	-0.069834	0.010241	-1.093055	0.580770	0.248790	0.252583	-0.022515	0.027165	0.519553	0.853710	
 1687527355.022436	1687527354.980868	7.122688	-33.144726	-0.775926	0.298462	0.298735	0.246593	-0.062853	0.017291	-0.877542	0.536820	0.275999	0.253480	-0.021171	0.024773	0.424847	0.904678	
 1687527355.425400	1687527355.387862	7.058249	-32.875114	-0.789322	0.298522	0.298324	0.246639	-0.070193	0.007603	-0.616756	0.455846	0.297961	0.253794	-0.014270	0.032281	0.303451	0.952193	
 1687527355.828936	1687527355.789902	7.002704	-32.693566	-0.814970	0.296834	0.296913	0.245210	-0.067858	-0.010525	-0.635424	0.401441	0.279310	0.252302	-0.005601	0.033867	0.312040	0.949449	
 1687527356.236848	1687527356.194633	7.043558	-32.580402	-0.820885	0.299049	0.299345	0.246343	-0.080218	-0.002894	-0.591383	0.376665	0.249915	0.252796	-0.010302	0.038780	0.291111	0.955847	
 1687527356.640241	1687527356.599162	7.062666	-32.414502	-0.786165	0.291576	0.292183	0.243962	-0.076494	-0.012861	-0.433508	0.392951	0.254239	0.249710	-0.001948	0.038724	0.214659	0.975919	
 1687527357.043134	1687527357.004508	7.100871	-32.260970	-0.787531	0.296821	0.297586	0.246685	-0.048480	-0.015891	-0.414653	0.359931	0.246950	0.252900	0.002784	0.025353	0.205589	0.978306	
 1687527359.850373	1687527359.780380	7.324493	-31.609113	-0.866457	0.297670	0.299001	0.247738	0.073926	0.137818	1.273790	0.275265	0.248776	0.251799	-0.077242	0.011281	-0.594931	0.799977	
 1687527360.158099	1687527360.083741	6.677440	-31.492442	-0.806634	0.315942	0.253256	0.218208	0.102319	0.158960	1.400097	0.298405	0.359136	0.211299	-0.093485	0.012098	-0.644486	0.758783	
 1687527360.562515	1687527360.488487	6.473065	-31.494160	-0.805443	0.303302	0.307900	0.253239	-0.013028	0.108247	1.325217	0.396188	0.398344	0.243872	-0.038647	0.038407	-0.613984	0.787436	
 1687527360.967321	1687527360.910337	6.311250	-31.567356	-0.816073	0.292994	0.293177	0.248309	-0.010723	-0.001580	0.712018	0.244342	0.355520	0.246058	0.002609	0.004750	-0.348535	0.937280	
 1687527361.375249	1687527361.315184	6.197066	-31.581300	-0.822729	0.297622	0.289744	0.253847	-0.007341	0.020676	0.138476	0.247285	0.236047	0.244652	-0.010059	0.004377	-0.069141	0.997547	
 1687527361.779879	1687527361.719544	6.216610	-31.579748	-0.848665	0.305333	0.298617	0.253031	-0.021152	0.009029	-0.143350	0.239558	0.247898	0.247553	-0.005260	0.010225	0.071656	0.997363	
 1687527362.188104	1687527362.123140	6.256905	-31.479971	-0.850990	0.311134	0.301249	0.276107	-0.031204	0.001372	-0.365787	0.248414	0.242282	0.248101	-0.003512	0.015216	0.181864	0.983200	
 1687527362.594932	1687527362.525086	6.286360	-31.341097	-0.799753	0.300786	0.298003	0.256474	-0.051066	-0.016686	-0.552947	0.261576	0.244626	0.250285	0.001055	0.026836	0.272662	0.961735	
 1687527363.004857	1687527362.927697	6.356273	-31.235089	-0.759163	0.296534	0.295136	0.249772	-0.076935	0.007654	-0.657457	0.296964	0.250597	0.250481	-0.016035	0.035164	0.322738	0.945699	
 1687527363.412855	1687527363.331785	6.402941	-31.052473	-0.750679	0.295163	0.294449	0.247233	-0.049324	-0.012745	-0.731838	0.368564	0.247662	0.250234	-0.002874	0.025306	0.357545	0.933549	
 1687527363.820696	1687527363.736123	6.451062	-30.861361	-0.784363	0.298176	0.297649	0.247260	-0.035707	-0.017793	-0.825597	0.311302	0.251203	0.252501	0.000986	0.019921	0.400949	0.915883	
 1687527364.224525	1687527364.191770	6.472422	-30.730109	-0.785811	0.301097	0.300768	0.247738	-0.071069	-0.047649	-0.827028	0.288190	0.257659	0.252962	0.007529	0.042090	0.400687	0.915217	
 1687527364.627654	1687527364.601792	6.504490	-30.561444	-0.769510	0.291056	0.290282	0.243272	-0.081473	-0.023182	-0.759272	0.382428	0.303870	0.248002	-0.004335	0.042115	0.369812	0.928142	
 1687527365.034852	1687527365.006380	6.539366	-30.419853	-0.725436	0.297518	0.297205	0.246676	-0.084945	-0.011771	-0.619060	0.456306	0.263476	0.253042	-0.007333	0.042232	0.304093	0.951678	
 1687527365.339536	1687527365.309661	6.613771	-30.227385	-0.731572	0.237661	0.237328	0.215126	-0.028250	0.001614	-0.523959	0.410820	0.218075	0.219124	-0.004438	0.013433	0.258978	0.965780	
 1687527365.744468	1687527365.714549	6.707961	-30.082138	-0.760662	0.296699	0.297134	0.245744	-0.057543	-0.006482	-0.543235	0.277682	0.246238	0.251615	-0.004597	0.028582	0.268088	0.962960	
 1687527366.151214	1687527366.119875	6.774036	-29.904749	-0.781598	0.298026	0.298043	0.245555	-0.078320	-0.025552	-0.537503	0.364921	0.248299	0.252340	0.001913	0.041131	0.264821	0.963418	
 1687527366.556214	1687527366.522938	6.788886	-29.778415	-0.766624	0.298642	0.298513	0.246254	-0.086802	-0.037949	-0.604979	0.460725	0.270991	0.252716	0.005172	0.047057	0.296778	0.953772	
 1687527366.961067	1687527366.926399	6.837107	-29.709072	-0.760391	0.295774	0.295668	0.245634	-0.073798	-0.025740	-0.559117	0.508514	0.298746	0.251508	0.002183	0.039004	0.275265	0.960574	
 1687527367.364988	1687527367.331716	6.879029	-29.580227	-0.756456	0.292422	0.292951	0.244596	-0.087299	-0.033953	-0.480107	0.444340	0.271573	0.250231	0.006100	0.046411	0.236774	0.970436	
 1687527367.769603	1687527367.735355	6.926743	-29.467276	-0.775813	0.296349	0.297105	0.246245	-0.036549	-0.052217	-0.480497	0.533643	0.291894	0.252330	0.021005	0.023953	0.237360	0.970899	
 1687527368.177244	1687527368.137913	6.950176	-29.313968	-0.788208	0.294474	0.295678	0.245407	-0.037553	-0.029644	-0.358625	0.296684	0.330237	0.249502	0.011233	0.021115	0.178028	0.983735	
 1687527368.581708	1687527368.543048	6.948731	-29.176069	-0.768494	0.299699	0.300080	0.247302	-0.099048	-0.020778	-0.153568	0.307933	0.279742	0.253781	0.006548	0.050151	0.076098	0.995817	
 1687527368.992183	1687527368.953251	6.947954	-29.121764	-0.783443	0.298369	0.298586	0.246173	-0.058582	-0.013466	-0.071987	0.601738	0.260518	0.252794	0.005672	0.029509	0.035773	0.998908	
 1687527369.399545	1687527369.356103	6.964039	-29.005954	-0.767761	0.293805	0.294556	0.244760	-0.057980	-0.034995	0.018423	0.397244	0.251244	0.251068	0.017755	0.028819	-0.009713	0.999380	
 1687527369.803356	1687527369.778104	7.007251	-28.886413	-0.787281	0.297022	0.298432	0.246917	0.002121	-0.026135	0.181448	0.415359	0.287003	0.253052	0.012917	-0.002240	-0.090578	0.995803	
 1687527370.206852	1687527370.180180	7.035082	-28.725721	-0.763461	0.297471	0.298814	0.247599	-0.057584	-0.009894	0.424696	0.247886	0.274010	0.252760	0.010901	0.027099	-0.210805	0.977092	
 1687527370.610277	1687527370.583600	7.034187	-28.612834	-0.758787	0.298457	0.298161	0.246638	-0.042625	-0.003076	0.538067	0.394180	0.245983	0.252646	0.007146	0.020135	-0.265771	0.963799	
 1687527371.018641	1687527370.988970	7.085505	-28.586776	-0.757523	0.298650	0.299049	0.246001	-0.046863	-0.013362	0.548011	0.342436	0.246214	0.252498	0.012770	0.020748	-0.270660	0.962367	
 1687527371.422482	1687527371.392630	7.173080	-28.530340	-0.737247	0.291362	0.291501	0.242912	-0.036272	-0.032026	0.611644	0.333753	0.246050	0.249859	0.020726	0.012471	-0.301266	0.953233	
 1687527371.827699	1687527371.799658	7.246784	-28.492054	-0.740240	0.292272	0.292674	0.243687	-0.040811	-0.020583	0.554623	0.298107	0.274442	0.250451	0.015482	0.016807	-0.273902	0.961486	
 1687527372.232663	1687527372.201495	7.326784	-28.531020	-0.742883	0.300004	0.299840	0.246191	-0.063297	-0.022936	0.547628	0.334020	0.258899	0.253123	0.019591	0.027363	-0.270602	0.962103	
 1687527372.536740	1687527372.504197	7.389768	-28.544899	-0.736477	0.241248	0.241517	0.215788	-0.050618	-0.020617	0.592268	0.394328	0.225885	0.220901	0.017241	0.021196	-0.291965	0.956039	
 1687527372.943584	1687527372.908803	7.423067	-28.476399	-0.711179	0.292317	0.292358	0.243508	-0.076750	-0.055588	0.510683	0.381545	0.255249	0.250133	0.036556	0.030093	-0.253324	0.966222	
 1687527373.347018	1687527373.312630	7.513798	-28.407091	-0.736188	0.297859	0.297274	0.245961	-0.064799	-0.028538	0.567290	0.526506	0.341198	0.252126	0.022756	0.027105	-0.280125	0.959311	
 1687527373.750956	1687527373.715675	7.611059	-28.424918	-0.744507	0.297066	0.297146	0.245269	-0.052263	-0.049663	0.487832	0.491888	0.270279	0.251187	0.030394	0.019353	-0.241977	0.969613	
 1687527374.156761	1687527374.122189	7.670430	-28.386674	-0.738459	0.294652	0.295421	0.245953	-0.044245	-0.052146	0.539214	0.366067	0.322738	0.251351	0.031012	0.014372	-0.266753	0.963159	
 1687527374.568961	1687527374.525721	7.705756	-28.332211	-0.728199	0.301111	0.301018	0.247486	-0.036245	0.013749	0.581112	0.334513	0.344462	0.253947	-0.001394	0.019331	-0.286312	0.957940	
 1687527374.975951	1687527374.929789	7.745729	-28.281691	-0.694230	0.301673	0.301274	0.248358	-0.076825	-0.053699	0.643345	0.334541	0.264689	0.253538	0.037587	0.027939	-0.316785	0.947341	
 1687527375.382553	1687527375.352428	7.779412	-28.195359	-0.709712	0.299588	0.299936	0.247546	-0.033987	-0.039938	0.654172	0.455286	0.318809	0.252828	0.024365	0.009674	-0.321496	0.946548	
 1687527375.787192	1687527375.756998	7.787386	-28.158675	-0.692846	0.299982	0.300149	0.247107	-0.117118	-0.025714	0.678028	0.295627	0.305831	0.253199	0.031565	0.050922	-0.332670	0.941138	
 1687527376.192242	1687527376.160626	7.796375	-28.080968	-0.676728	0.297321	0.297863	0.247161	-0.103620	-0.031665	0.689734	0.700911	0.251743	0.252407	0.032385	0.043386	-0.338347	0.939463	
 1687527376.596921	1687527376.569249	7.823414	-28.007211	-0.694679	0.293822	0.294172	0.245592	-0.035407	-0.036719	0.722376	0.642265	0.261573	0.251727	0.023426	0.010071	-0.353575	0.935059	
 1687527377.000412	1687527376.974658	7.819834	-27.986646	-0.701228	0.289670	0.291257	0.243523	-0.049987	-0.033976	0.722973	0.300708	0.298819	0.248779	0.024722	0.017367	-0.353901	0.934795	
 1687527377.404879	1687527377.378603	7.817606	-27.934694	-0.685477	0.298134	0.299641	0.246627	-0.071363	0.029111	0.703522	0.364676	0.289391	0.252862	-0.001365	0.038498	-0.343808	0.938249	
 1687527377.809582	1687527377.781644	7.858510	-27.883042	-0.678321	0.296137	0.296542	0.245921	-0.039461	-0.041543	0.691789	0.508776	0.304015	0.252360	0.026224	0.011516	-0.339285	0.940248	
 1687527378.216311	1687527378.185935	7.895872	-27.841547	-0.676631	0.297138	0.298218	0.246449	-0.057944	0.000753	0.660063	0.319727	0.321019	0.252500	0.009032	0.027527	-0.323926	0.945639	
 1687527378.621837	1687527378.590149	7.920237	-27.809241	-0.653279	0.299241	0.299050	0.247426	-0.104474	-0.000202	0.609784	0.418148	0.249806	0.253727	0.015770	0.049775	-0.299786	0.952577	
 1687527379.025372	1687527378.992657	7.959016	-27.767144	-0.676486	0.296586	0.296282	0.246029	-0.068497	0.003424	0.659107	0.725066	0.250091	0.253150	0.009462	0.032953	-0.323375	0.945650	
 1687527379.429527	1687527379.401656	8.015442	-27.714641	-0.696947	0.299950	0.300338	0.246321	-0.062376	0.021665	0.786037	0.493356	0.251309	0.253278	0.001940	0.032950	-0.382458	0.923383	
 1687527379.834263	1687527379.805769	8.092435	-27.686102	-0.689741	0.298856	0.299702	0.246066	-0.011507	0.025072	0.884490	0.460446	0.283762	0.252756	-0.008867	0.010565	-0.427863	0.903738	
 1687527380.237415	1687527380.207644	8.145486	-27.689628	-0.672421	0.295001	0.296893	0.246996	-0.043049	0.030427	0.895582	0.259802	0.292114	0.253098	-0.004392	0.025984	-0.432530	0.901235	
 1687527380.642204	1687527380.612927	8.244534	-27.680342	-0.683971	0.297165	0.297737	0.245998	-0.051490	0.008060	0.983087	0.357723	0.310741	0.252923	0.008598	0.024596	-0.471736	0.881355	
 1687527381.045976	1687527381.018960	8.327136	-27.668755	-0.687000	0.297247	0.297706	0.245063	-0.070887	0.021355	0.972790	0.392034	0.253800	0.252312	0.007130	0.036312	-0.466787	0.883595	
 1687527381.349341	1687527381.321126	8.370500	-27.668703	-0.666779	0.241142	0.240894	0.215839	-0.087419	0.002204	0.822070	0.440382	0.246744	0.221758	0.016450	0.040496	-0.399132	0.915851	
 1687527381.754504	1687527381.725208	8.374644	-27.684747	-0.689175	0.293278	0.293262	0.243342	-0.058128	-0.001571	0.753831	0.610873	0.246772	0.250582	0.011426	0.026731	-0.367920	0.929403	
 1687527382.157652	1687527382.129132	8.423352	-27.650009	-0.685727	0.298467	0.298608	0.245451	-0.096961	0.005324	0.901329	0.428464	0.246866	0.252734	0.018715	0.044781	-0.434934	0.899153	
 1687527382.461740	1687527382.431042	8.436817	-27.651886	-0.715828	0.239767	0.239480	0.215424	-0.034069	0.025152	0.872494	0.590728	0.219405	0.220432	-0.004199	0.020750	-0.422252	0.906231	
 1687527382.871530	1687527382.835123	8.454906	-27.613850	-0.705426	0.289546	0.289851	0.241503	-0.103441	-0.027816	0.798910	0.312269	0.283159	0.248006	0.032900	0.042221	-0.389021	0.919673	
 1687527383.282220	1687527383.238265	8.474438	-27.551929	-0.722222	0.294438	0.294037	0.244434	-0.034866	-0.010620	0.799311	0.715433	0.270174	0.251317	0.011674	0.013992	-0.389122	0.921006	
 1687527383.587806	1687527383.540106	8.467045	-27.516131	-0.707964	0.244016	0.244055	0.219613	-0.053712	0.014147	0.806179	0.270600	0.221989	0.223157	0.004029	0.027474	-0.391936	0.919573	
 1687527383.993854	1687527383.944530	8.504275	-27.490575	-0.671873	0.293234	0.293871	0.243609	-0.116821	0.002327	0.809187	0.390736	0.257169	0.250275	0.021912	0.054121	-0.392911	0.917721	
 1687527384.403959	1687527384.348899	8.641317	-27.447764	-0.666985	0.295625	0.295900	0.246239	-0.090379	0.006719	0.831175	0.709540	0.247384	0.252369	0.015168	0.042684	-0.403174	0.914001	
 1687527384.808211	1687527384.756612	8.761440	-27.381835	-0.670128	0.298890	0.298811	0.247664	-0.080428	-0.005373	0.803473	0.581793	0.251223	0.253443	0.018191	0.035953	-0.390799	0.919594	
 1687527385.215934	1687527385.167313	8.803479	-27.319918	-0.682725	0.297910	0.298127	0.246134	-0.058426	-0.002692	0.824910	0.551489	0.247894	0.251874	0.012941	0.026220	-0.400724	0.915732	
 1687527385.518883	1687527385.471220	8.828022	-27.270884	-0.684079	0.240898	0.240963	0.217341	-0.055244	0.026786	0.845823	0.359149	0.216453	0.220207	-0.000874	0.030677	-0.409887	0.911620	
 1687527385.923094	1687527385.876167	8.942448	-27.215693	-0.669834	0.287929	0.289171	0.243043	-0.036726	-0.014674	0.837165	0.368261	0.273201	0.247056	0.014166	0.013794	-0.406509	0.913433	
 1687527386.326285	1687527386.279966	9.091338	-27.165679	-0.677692	0.297226	0.297550	0.248244	-0.004897	0.004511	0.865072	0.309951	0.256503	0.251680	-0.001021	0.003168	-0.419167	0.907903	
 1687527386.732140	1687527386.698086	9.158970	-27.162267	-0.687734	0.291181	0.292852	0.245664	-0.004338	-0.012288	0.907638	0.245793	0.245538	0.248448	0.006473	-0.000744	-0.438404	0.898755	
 1687527387.136111	1687527387.103746	9.134244	-27.127450	-0.693692	0.297214	0.298635	0.246456	-0.002361	0.016645	0.815549	0.247799	0.254958	0.251000	-0.007172	0.004384	-0.396544	0.917977	
 1687527387.439899	1687527387.406736	9.115047	-27.086596	-0.657702	0.242496	0.242793	0.216504	-0.080932	-0.002508	0.807940	0.217666	0.231830	0.221805	0.017054	0.036706	-0.392796	0.918734	
 1687527387.844248	1687527387.810780	9.108761	-27.010824	-0.643941	0.292705	0.293418	0.244560	-0.057823	-0.031033	0.792523	0.533224	0.245306	0.250671	0.025464	0.020678	-0.386178	0.921841	
 1687527388.248787	1687527388.221748	9.145009	-26.962660	-0.667464	0.294633	0.295036	0.245401	-0.009511	0.027552	0.940352	0.405226	0.291874	0.251916	-0.010126	0.010480	-0.452937	0.891423	
 1687527388.652865	1687527388.624636	9.137088	-26.952357	-0.698439	0.296215	0.297939	0.246482	0.023068	0.024235	0.992066	0.249718	0.277381	0.251587	-0.016145	-0.004376	-0.475997	0.879288	
 1687527389.056663	1687527389.028020	9.129677	-26.940351	-0.676537	0.292605	0.294122	0.244205	0.042968	0.024628	0.937078	0.269158	0.271911	0.250006	-0.020685	-0.013606	-0.451681	0.891836	
 1687527389.461012	1687527389.433745	9.150864	-26.907666	-0.629740	0.295999	0.296900	0.246369	0.006307	-0.004569	0.937583	0.343642	0.279381	0.252779	0.000613	-0.003846	-0.451798	0.892112	
 1687527389.865394	1687527389.837875	9.153094	-26.855548	-0.624473	0.296698	0.296883	0.245693	-0.065782	-0.007136	0.901397	0.249266	0.248229	0.252647	0.017535	0.028048	-0.435462	0.899599	
 1687527390.270754	1687527390.240188	9.142112	-26.873114	-0.651082	0.297705	0.298354	0.245864	-0.047683	-0.047640	0.668846	0.477073	0.249715	0.252615	0.030314	0.014697	-0.328574	0.943877	
 1687527390.677651	1687527390.645044	9.105612	-26.896218	-0.639912	0.295818	0.296627	0.246333	-0.064689	-0.066815	0.459772	0.347868	0.348816	0.252420	0.039870	0.023863	-0.228672	0.972394	
 1687527391.083428	1687527391.048140	9.084873	-26.919545	-0.664477	0.297973	0.298080	0.247740	-0.041431	-0.028134	0.262316	0.429825	0.446684	0.253785	0.016651	0.018695	-0.131030	0.991062	
 1687527391.386272	1687527391.349537	9.155851	-27.021729	-0.689857	0.242586	0.242461	0.216781	-0.030881	-0.035167	0.082502	0.302389	0.257754	0.221350	0.018202	0.014699	-0.041499	0.998865	
 1687527391.790043	1687527391.754737	9.225479	-27.105056	-0.673827	0.292209	0.292261	0.242198	-0.045273	-0.044589	-0.201286	0.295660	0.309499	0.248334	0.019900	0.024754	0.099920	0.994488	
 1687527392.198676	1687527392.162970	9.381366	-27.194642	-0.646820	0.299207	0.299164	0.246543	-0.045754	-0.032481	-0.483711	0.359485	0.348173	0.253043	0.010285	0.026095	0.239050	0.970602	
 1687527392.505047	1687527392.465651	9.492754	-27.261622	-0.654393	0.242447	0.242131	0.217044	-0.040882	-0.043058	-0.631853	0.329104	0.271058	0.221412	0.014108	0.026111	0.310142	0.950227	
 1687527392.909144	1687527392.868972	9.670270	-27.298067	-0.673542	0.295827	0.296054	0.244308	-0.023762	-0.026281	-0.700930	0.348895	0.354896	0.249542	0.008262	0.015669	0.343134	0.939119	
 1687527393.313873	1687527393.271764	9.827150	-27.312046	-0.689364	0.287326	0.287759	0.240840	-0.045038	-0.018766	-0.671366	0.281578	0.288526	0.247484	0.001440	0.024349	0.329117	0.943974	
 1687527393.718893	1687527393.674497	9.951947	-27.268945	-0.686824	0.295394	0.295276	0.244644	-0.028282	-0.025736	-0.617748	0.389171	0.272664	0.251210	0.007959	0.017381	0.303757	0.952558	
 1687527394.122494	1687527394.079675	10.147079	-27.235878	-0.696276	0.298912	0.298725	0.246451	-0.015969	-0.017243	-0.633779	0.304226	0.292842	0.253314	0.005704	0.010273	0.311526	0.950165	
 1687527394.425805	1687527394.381805	10.299761	-27.274333	-0.701525	0.239105	0.238829	0.214863	-0.037915	-0.014560	-0.608484	0.232659	0.234343	0.219711	0.001266	0.020266	0.299377	0.953919	
 1687527394.830176	1687527394.786972	10.497648	-27.350672	-0.697293	0.293942	0.293826	0.243192	-0.071518	-0.041782	-0.766129	0.341960	0.260351	0.249166	0.006003	0.040956	0.372752	0.927007	
 1687527395.238728	1687527395.190828	10.647390	-27.350321	-0.692799	0.297459	0.297549	0.245196	-0.051064	-0.050905	-0.896324	0.557898	0.359708	0.252121	0.011870	0.034025	0.432443	0.900941	
 1687527395.641838	1687527395.595295	10.888090	-27.371595	-0.705786	0.298116	0.298339	0.246484	-0.041514	-0.033851	-1.182455	0.394666	0.397388	0.253175	0.002482	0.026662	0.556889	0.830155	
 1687527395.950463	1687527395.898781	11.015896	-27.344160	-0.730464	0.240037	0.239642	0.215427	-0.035458	0.006788	-1.197985	0.303668	0.280329	0.219944	-0.012798	0.012728	0.563768	0.825736	
 1687527396.358644	1687527396.302283	11.029390	-27.303479	-0.743440	0.299479	0.299636	0.248688	-0.054319	-0.063532	-1.285007	0.307308	0.248855	0.251432	0.009154	0.040754	0.597988	0.800416	
 1687527396.766302	1687527396.706720	11.033885	-27.226714	-0.766407	0.298089	0.297311	0.245449	-0.048071	-0.058430	-1.435552	0.376812	0.425117	0.250949	0.006197	0.037303	0.656712	0.753193	
 1687527397.172042	1687527397.110103	11.058299	-27.139881	-0.747447	0.294831	0.294779	0.244853	-0.062486	-0.043123	-1.633617	0.346009	0.385802	0.249999	-0.008014	0.037088	0.727978	0.684549	
 1687527397.480036	1687527397.413234	11.086172	-27.003637	-0.737423	0.248503	0.248616	0.220611	-0.013987	-0.043364	-1.615557	0.389764	0.293717	0.225502	0.009930	0.020501	0.722461	0.691036	
 1687527397.883379	1687527397.847798	11.032341	-26.880863	-0.721873	0.294092	0.294951	0.245460	-0.094012	-0.041358	-1.577378	0.255110	0.314968	0.250539	-0.018771	0.047762	0.707810	0.704536	
 1687527398.286277	1687527398.254122	10.961209	-26.767766	-0.729527	0.290745	0.291334	0.244218	-0.046919	-0.016144	-1.575751	0.601515	0.294067	0.249656	-0.010935	0.022266	0.708505	0.705270	
 1687527398.689284	1687527398.663285	10.918124	-26.620554	-0.741665	0.289594	0.289546	0.242161	-0.087730	-0.005923	-1.549261	0.359453	0.252156	0.247883	-0.028557	0.033409	0.698683	0.714080	
 1687527399.092151	1687527399.068041	10.886831	-26.465123	-0.723090	0.295768	0.295238	0.244878	-0.066421	-0.003328	-1.421469	0.611170	0.246492	0.251016	-0.020402	0.026250	0.651988	0.757500	
 1687527399.396852	1687527399.369133	10.875801	-26.294888	-0.704386	0.238278	0.238193	0.214152	-0.054039	-0.005028	-1.432241	0.439469	0.215283	0.219891	-0.015839	0.022030	0.656170	0.754125	
 1687527399.803744	1687527399.773360	10.884606	-26.112275	-0.721572	0.293453	0.293417	0.243710	-0.056300	-0.006376	-1.421194	0.429814	0.245425	0.250721	-0.015944	0.023413	0.651957	0.757727	
 1687527400.212831	1687527400.177419	10.878686	-25.934258	-0.752670	0.299643	0.299749	0.245873	-0.087872	-0.008794	-1.428369	0.454121	0.248185	0.253162	-0.025449	0.036065	0.654217	0.755018	
 1687527400.517648	1687527400.479870	10.884546	-25.795658	-0.766557	0.242521	0.242542	0.217029	-0.068599	-0.010024	-1.455714	0.547868	0.217974	0.222108	-0.019074	0.028935	0.664743	0.746268	
 1687527400.921595	1687527400.883775	10.876539	-25.648848	-0.766191	0.294449	0.294880	0.243995	-0.078236	-0.009223	-1.441495	0.498524	0.246694	0.250729	-0.022347	0.032423	0.659299	0.750849	
 1687527401.326500	1687527401.289144	10.870656	-25.480434	-0.751133	0.295608	0.295845	0.244603	-0.058404	-0.013433	-1.448508	0.579579	0.246959	0.251398	-0.014317	0.026317	0.662133	0.748788	
 1687527401.730058	1687527401.693024	10.883895	-25.324084	-0.749634	0.296017	0.296778	0.245686	-0.065846	-0.009202	-1.449543	0.454397	0.250331	0.252483	-0.018380	0.027692	0.662485	0.748338	
 1687527402.133325	1687527402.096139	10.891645	-25.156691	-0.759251	0.291760	0.292281	0.243428	-0.061364	-0.010081	-1.426877	0.495686	0.245821	0.250437	-0.016267	0.026492	0.654004	0.755852	
 1687527402.536567	1687527402.501540	10.910073	-25.001211	-0.768936	0.295855	0.296329	0.245180	-0.069422	-0.002619	-1.440068	0.479869	0.247834	0.252158	-0.021900	0.026953	0.658978	0.751360	
 1687527402.942328	1687527402.903660	10.926310	-24.853058	-0.783730	0.295873	0.296366	0.244836	-0.062553	-0.014457	-1.447370	0.518716	0.246467	0.251645	-0.015292	0.028217	0.661640	0.749134	
 1687527403.345661	1687527403.325123	10.929454	-24.761786	-0.789191	0.294698	0.295316	0.244706	-0.078463	-0.030138	-1.450622	0.471094	0.248809	0.251205	-0.014749	0.039334	0.662340	0.748024	
 1687527403.751890	1687527403.728450	10.934207	-24.658010	-0.797643	0.295265	0.295899	0.245117	-0.040833	-0.030244	-1.437745	0.635978	0.263299	0.251672	-0.002065	0.025318	0.658092	0.752509	
 1687527404.156965	1687527404.133065	10.938154	-24.551061	-0.817635	0.291051	0.292717	0.243856	-0.035197	-0.033059	-1.427068	0.362231	0.267212	0.249620	0.000979	0.024119	0.654099	0.756024	
 1687527404.564797	1687527404.536067	10.915380	-24.479153	-0.770491	0.298931	0.300977	0.246900	-0.141259	-0.042692	-1.362175	0.330790	0.273974	0.253226	-0.027883	0.068219	0.626755	0.775723	
 1687527404.970916	1687527404.938723	10.858115	-24.352591	-0.748669	0.295705	0.296492	0.245657	-0.075550	-0.001200	-1.158575	1.070201	0.255410	0.252390	-0.020173	0.031933	0.547018	0.836268	
 1687527405.375539	1687527405.343900	10.810130	-24.154315	-0.743993	0.298891	0.299304	0.247239	-0.063103	0.017660	-0.825098	0.664428	0.256163	0.254092	-0.020733	0.025360	0.400986	0.915499	
 1687527405.680498	1687527405.645473	10.791324	-23.974696	-0.771107	0.240592	0.240585	0.215240	-0.030658	-0.002002	-0.621638	0.490804	0.276797	0.220826	-0.003735	0.014900	0.305788	0.951976	
 1687527406.085271	1687527406.048451	10.795882	-23.844131	-0.792954	0.292057	0.291327	0.243563	-0.063553	0.009643	-0.491556	0.294320	0.243136	0.248861	-0.012405	0.029643	0.243334	0.969410	
 1687527406.488187	1687527406.453915	10.847496	-23.776296	-0.813813	0.296089	0.295483	0.247892	-0.064663	-0.003796	-0.528356	0.406996	0.267726	0.251442	-0.006610	0.031700	0.260920	0.964817	
 1687527406.894021	1687527406.858775	10.887654	-23.661823	-0.827633	0.296622	0.296094	0.250466	-0.100828	0.005100	-0.400748	0.329880	0.246528	0.251401	-0.012526	0.048877	0.198908	0.978718	
 1687527407.301382	1687527407.262887	11.087812	-23.679613	-0.882608	0.294014	0.293863	0.244863	-0.055110	-0.010868	-0.360850	0.453567	0.250236	0.251034	0.000400	0.028079	0.179230	0.983406	
 1687527407.607589	1687527407.565514	10.971296	-23.434657	-0.856558	0.247898	0.244259	0.243631	-0.043687	-0.037147	-0.260999	0.250541	0.218219	0.221786	0.015569	0.024069	0.129674	0.991142	
 1687527408.011533	1687527407.967836	11.018056	-23.298757	-0.860835	0.303473	0.296268	0.245854	-0.039551	-0.030100	-0.271181	0.283549	0.275661	0.249919	0.012236	0.021624	0.134839	0.990556	
 1687527408.419462	1687527408.371047	11.077628	-23.167225	-0.849451	0.297234	0.297279	0.245512	-0.047942	-0.006484	0.021611	0.290081	0.271856	0.248892	0.003500	0.023932	-0.010880	0.999648	
 1687527408.822403	1687527408.779621	11.109140	-23.067183	-0.835338	0.296018	0.295762	0.244985	-0.066418	-0.019323	0.143962	0.326646	0.245959	0.250701	0.012019	0.032421	-0.072196	0.996791	
 1687527409.228312	1687527409.221189	11.160604	-23.011629	-0.832252	0.294769	0.294584	0.244069	-0.054757	-0.032604	0.205244	0.427735	0.258095	0.250438	0.019013	0.025558	-0.102834	0.994188	
 1687527409.634246	1687527409.624322	11.228179	-22.953571	-0.811362	0.299119	0.299365	0.246165	-0.080999	-0.052267	0.175004	0.378007	0.284240	0.252524	0.029546	0.038038	-0.088343	0.994925	
 1687527410.037815	1687527410.026719	11.327726	-22.933629	-0.814551	0.293800	0.293453	0.244847	-0.062045	-0.038051	0.226864	0.542676	0.342020	0.251310	0.022403	0.028660	-0.113700	0.992849	
 1687527410.441228	1687527410.433887	11.419311	-22.819835	-0.825288	0.301440	0.301559	0.247664	-0.081575	-0.021929	0.445713	0.425822	0.293878	0.253888	0.019696	0.037344	-0.221255	0.974302	
 1687527410.844463	1687527410.838770	11.503019	-22.734590	-0.808505	0.298831	0.298284	0.246404	-0.086832	-0.018871	0.432054	0.591829	0.257090	0.252260	0.018510	0.040371	-0.214539	0.975705	
 1687527411.253797	1687527411.245342	11.607511	-22.738285	-0.784654	0.297391	0.297155	0.245981	-0.072750	-0.014822	0.513710	0.680664	0.254182	0.252048	0.016401	0.033292	-0.254126	0.966459	
 1687527411.658237	1687527411.648912	11.717622	-22.721292	-0.779046	0.292442	0.292334	0.244507	-0.062567	-0.023747	0.624271	0.480350	0.247426	0.249826	0.020898	0.026121	-0.307273	0.951033	
 1687527412.063636	1687527412.054360	11.808362	-22.686272	-0.775941	0.300347	0.300384	0.247058	-0.084447	-0.037099	0.624234	0.436501	0.262239	0.253324	0.030596	0.034474	-0.307493	0.950433	
 1687527412.367787	1687527412.358179	11.902298	-22.686214	-0.777775	0.240053	0.240321	0.215853	-0.055796	-0.031805	0.670997	0.513910	0.249588	0.219702	0.024192	0.021102	-0.329489	0.943613	
 1687527412.771599	1687527412.761199	11.964239	-22.678610	-0.780419	0.291992	0.292928	0.244428	-0.068538	-0.020504	0.768158	0.398785	0.280139	0.248997	0.022337	0.027925	-0.374791	0.926419	
 1687527413.174667	1687527413.168206	12.036380	-22.651827	-0.791107	0.295329	0.296287	0.246043	-0.058896	-0.022433	0.833127	0.456712	0.255885	0.251423	0.022165	0.022388	-0.404722	0.913897	
 1687527413.586036	1687527413.571240	12.114327	-22.655296	-0.805174	0.298609	0.300031	0.246773	-0.052091	-0.005121	0.877736	0.414165	0.263598	0.252163	0.013383	0.022487	-0.424830	0.904895	
 1687527413.990389	1687527413.974718	12.161033	-22.689872	-0.788299	0.301598	0.302524	0.247481	-0.056254	-0.012220	0.875428	0.404885	0.248227	0.253162	0.017452	0.022883	-0.423850	0.905275	
 1687527414.394528	1687527414.378548	12.230380	-22.686536	-0.760606	0.297171	0.298020	0.246122	-0.054945	-0.028570	0.932141	0.422218	0.251692	0.252381	0.025099	0.018120	-0.449515	0.892736	
 1687527414.802889	1687527414.780768	12.281488	-22.706093	-0.737101	0.295986	0.296531	0.245661	-0.080546	-0.005540	0.900549	0.418489	0.289318	0.252055	0.020014	0.035045	-0.434958	0.899546	
 1687527415.209439	1687527415.185563	12.360835	-22.711339	-0.746629	0.300162	0.300696	0.247305	-0.063528	-0.028332	0.896999	0.615699	0.248942	0.253925	0.026528	0.022476	-0.433757	0.900359	
 1687527415.618866	1687527415.589801	12.449335	-22.729831	-0.769523	0.299587	0.300015	0.247309	-0.066869	-0.019075	0.896777	0.462793	0.286572	0.253611	0.023081	0.025990	-0.433539	0.900464	
 1687527416.022930	1687527415.993219	12.492714	-22.757911	-0.780976	0.295292	0.295424	0.244805	-0.085530	-0.024844	0.875701	0.498029	0.262994	0.251105	0.029365	0.033454	-0.424054	0.904542	
 1687527416.430164	1687527416.402127	12.515423	-22.738751	-0.777562	0.297111	0.297899	0.246768	-0.085345	-0.000067	0.895996	0.589010	0.272317	0.251967	0.018509	0.038435	-0.432769	0.900495	
 1687527416.834299	1687527416.806480	12.562686	-22.786246	-0.751421	0.299883	0.300233	0.246309	-0.043467	-0.024339	0.824138	0.625671	0.247774	0.252528	0.019851	0.015039	-0.400624	0.915904	
 1687527417.238939	1687527417.209137	12.626923	-22.847238	-0.727230	0.297064	0.297888	0.246604	-0.112636	-0.020465	0.746934	0.370896	0.285216	0.252628	0.030047	0.048678	-0.364784	0.929333	
 1687527417.542889	1687527417.511971	12.675767	-22.931062	-0.747801	0.240853	0.240797	0.218400	-0.076123	-0.046776	0.521281	0.657471	0.229312	0.221090	0.032383	0.030735	-0.258302	0.965032	
 1687527417.952596	1687527417.917998	12.731503	-23.011647	-0.748313	0.290242	0.290428	0.243751	-0.089682	-0.054812	0.296541	0.472559	0.325403	0.248449	0.033694	0.040273	-0.148739	0.987481	
 1687527418.358166	1687527418.321592	12.805365	-23.088758	-0.767815	0.296433	0.295945	0.246004	-0.062403	-0.028366	0.216257	0.582341	0.360942	0.250889	0.017459	0.029481	-0.108295	0.993528	
 1687527418.761095	1687527418.728570	12.899937	-23.133889	-0.751919	0.293686	0.294505	0.245434	-0.053364	-0.058406	0.139330	0.477137	0.287633	0.250671	0.030974	0.024571	-0.070331	0.996740	
 1687527419.168907	1687527419.132242	13.020730	-23.155620	-0.768940	0.294899	0.295695	0.246215	-0.073022	-0.017973	0.130050	0.416739	0.427218	0.251323	0.011333	0.035841	-0.065261	0.997160	
 1687527419.573556	1687527419.536823	13.131276	-23.209100	-0.782729	0.296467	0.296328	0.245763	-0.100196	-0.028882	0.032431	0.599353	0.263546	0.251836	0.015232	0.049831	-0.016916	0.998498	
 1687527419.979999	1687527419.939347	13.241968	-23.256579	-0.786599	0.301436	0.301363	0.246785	-0.094789	-0.024599	0.011214	0.878819	0.290800	0.253858	0.012551	0.047303	-0.006183	0.998783	
 1687527420.386112	1687527420.349965	13.382913	-23.257380	-0.769557	0.300038	0.300102	0.247202	-0.070694	-0.033929	-0.057651	0.797782	0.275755	0.253400	0.015928	0.035809	0.028200	0.998834	
 1687527420.689952	1687527420.651624	13.541979	-23.270594	-0.747088	0.240389	0.240454	0.215930	-0.077323	-0.001976	-0.069089	0.541377	0.273090	0.220679	-0.000348	0.038663	0.034474	0.998657	
 1687527421.093564	1687527421.054777	13.689142	-23.274420	-0.745200	0.295116	0.295329	0.244803	-0.083006	-0.026772	-0.131589	0.658411	0.246463	0.251262	0.010617	0.042277	0.065131	0.996924	
 1687527421.498260	1687527421.458973	13.855666	-23.290393	-0.775350	0.296115	0.296418	0.245177	-0.065612	-0.023063	-0.270324	0.739681	0.286394	0.251876	0.007000	0.034052	0.134295	0.990331	
 1687527421.905426	1687527421.863129	13.969865	-23.261720	-0.800419	0.295071	0.295501	0.246191	-0.074507	-0.033473	-0.282985	0.466395	0.268855	0.250588	0.011305	0.039226	0.140286	0.989269	
 1687527422.310276	1687527422.267045	14.121051	-23.231288	-0.802063	0.298631	0.298997	0.246258	-0.078495	-0.021319	-0.360035	0.559095	0.297302	0.252246	0.003454	0.040508	0.178487	0.983102	
 1687527422.717184	1687527422.671414	14.275801	-23.232081	-0.788388	0.297162	0.297675	0.245675	-0.073418	-0.026475	-0.413901	0.636770	0.281243	0.251611	0.005405	0.038633	0.204845	0.978017	
 1687527423.125197	1687527423.076239	14.451808	-23.229649	-0.775364	0.296479	0.297188	0.245831	-0.084836	-0.007945	-0.388637	0.610852	0.299077	0.252269	-0.004294	0.042373	0.192757	0.980322	
 1687527423.531405	1687527423.479392	14.624459	-23.216569	-0.777057	0.300470	0.300893	0.247030	-0.070458	-0.014556	-0.433694	0.762203	0.263254	0.253693	-0.000475	0.035961	0.214762	0.976004	
 1687527423.938416	1687527423.883102	14.796186	-23.206560	-0.780572	0.296953	0.297526	0.245984	-0.089956	-0.013432	-0.397981	0.617600	0.274050	0.252786	-0.002312	0.045401	0.197180	0.979313	
 1687527424.242077	1687527424.185279	14.953232	-23.179741	-0.798975	0.242129	0.242450	0.215983	-0.070284	-0.010236	-0.410643	0.743952	0.241729	0.221796	-0.002156	0.035439	0.203578	0.978415	
 1687527424.648085	1687527424.592275	15.113465	-23.161525	-0.795457	0.296014	0.296746	0.244521	-0.083575	-0.005864	-0.399200	0.640167	0.263981	0.250950	-0.005412	0.041526	0.197983	0.979310	
 1687527425.054294	1687527424.995227	15.280772	-23.123670	-0.770653	0.285346	0.285840	0.240186	-0.082316	-0.013005	-0.393726	0.787494	0.254684	0.246764	-0.001676	0.041621	0.195162	0.979886	
 1687527425.462300	1687527425.401060	15.458441	-23.101420	-0.779905	0.295472	0.296098	0.245737	-0.071268	-0.011941	-0.384092	0.792804	0.273779	0.252413	-0.000943	0.036110	0.190534	0.981016	
 1687527425.866949	1687527425.838947	15.632371	-23.091293	-0.810484	0.297825	0.298520	0.247271	-0.087935	0.001994	-0.366463	0.618066	0.266901	0.253093	-0.008988	0.043036	0.182075	0.982301	
 1687527426.271461	1687527426.242435	15.778078	-23.063950	-0.831570	0.298768	0.299127	0.246459	-0.084657	0.002064	-0.347448	0.742071	0.250122	0.252135	-0.008330	0.041501	0.172740	0.984058	
 1687527426.678357	1687527426.646628	15.908263	-23.019851	-0.797743	0.299730	0.300514	0.247868	-0.080336	-0.008445	-0.392208	0.661659	0.250551	0.253013	-0.003686	0.040209	0.194524	0.980066	
 1687527427.084740	1687527427.051108	16.084711	-22.970167	-0.768765	0.295767	0.296876	0.246755	-0.072767	-0.010647	-0.436350	0.632933	0.261591	0.252717	-0.002679	0.036664	0.216113	0.975676	
 1687527427.490384	1687527427.455148	16.281143	-22.935744	-0.793651	0.296470	0.298030	0.246925	-0.054450	-0.021827	-0.598919	0.580626	0.266265	0.252884	0.002394	0.029227	0.294593	0.955173	
 1687527427.793048	1687527427.758675	16.472432	-22.903898	-0.812548	0.241246	0.242054	0.215871	-0.046273	-0.018521	-0.643328	0.383907	0.254415	0.221547	0.001470	0.024874	0.315844	0.948484	
 1687527428.201671	1687527428.165680	16.622608	-22.825612	-0.826545	0.295850	0.296677	0.245113	-0.096169	-0.024100	-0.705475	0.379732	0.277051	0.251071	-0.005309	0.049261	0.344500	0.937478	
 1687527428.607568	1687527428.570900	16.778685	-22.745731	-0.817341	0.297262	0.297449	0.245534	-0.084389	-0.032838	-0.812965	0.681319	0.312211	0.251558	-0.001609	0.045225	0.394340	0.917850	
 1687527429.014217	1687527428.974391	16.918557	-22.659934	-0.805551	0.298311	0.298926	0.246414	-0.068199	-0.013851	-0.783720	0.624829	0.354042	0.252777	-0.006623	0.034151	0.381459	0.923731	
 1687527429.426722	1687527429.377466	17.087889	-22.568268	-0.798574	0.296253	0.296956	0.246212	-0.076376	-0.006552	-0.757893	0.482287	0.275126	0.252398	-0.011083	0.036681	0.369554	0.928419	
 1687527429.731356	1687527429.680453	17.231327	-22.480035	-0.798434	0.247955	0.248235	0.220111	-0.060406	-0.003264	-0.720229	0.505269	0.236257	0.225693	-0.009115	0.028836	0.352174	0.935446	
 1687527430.137556	1687527430.085302	17.373810	-22.391767	-0.795285	0.294268	0.295077	0.244117	-0.081516	-0.006176	-0.729707	0.468451	0.253136	0.250491	-0.011657	0.039165	0.356397	0.933441	
 1687527430.542077	1687527430.490059	17.493235	-22.298072	-0.786082	0.298218	0.298669	0.245831	-0.074742	-0.007803	-0.742373	0.650762	0.264545	0.252712	-0.009919	0.036232	0.362330	0.931293	
 1687527430.947465	1687527430.895649	17.647509	-22.185263	-0.778939	0.295308	0.295789	0.244918	-0.069199	0.000513	-0.753788	0.603252	0.264993	0.251741	-0.012970	0.032070	0.367822	0.929252	
 1687527431.356729	1687527431.336979	17.789605	-22.067752	-0.778427	0.291233	0.291887	0.243620	-0.063549	-0.013346	-0.711601	0.554716	0.249341	0.250433	-0.004814	0.032102	0.347959	0.936948	
 1687527431.764861	1687527431.740301	17.890132	-21.957111	-0.788735	0.299605	0.300550	0.247039	-0.083857	-0.012739	-0.739758	0.520341	0.274612	0.253830	-0.009219	0.041381	0.360929	0.931629	
 1687527432.174287	1687527432.144929	18.034297	-21.833086	-0.785916	0.299647	0.300306	0.246819	-0.085681	-0.012217	-0.790698	0.664803	0.276005	0.253991	-0.010862	0.041873	0.384529	0.922099	
 1687527432.580878	1687527432.549510	18.169531	-21.707074	-0.781253	0.301068	0.301645	0.247121	-0.075962	-0.018582	-0.779520	0.678044	0.275468	0.254466	-0.005839	0.038650	0.379350	0.924427	
 1687527432.984848	1687527432.956148	18.286508	-21.590215	-0.766080	0.299759	0.300440	0.246553	-0.076600	-0.010576	-0.767863	0.624130	0.291848	0.253918	-0.009443	0.037482	0.374101	0.926582	
 1687527433.392298	1687527433.360683	18.425037	-21.479368	-0.755741	0.295379	0.296254	0.246250	-0.090032	-0.023180	-0.778983	0.541732	0.262995	0.252899	-0.006376	0.046024	0.378825	0.924301	
 1687527433.798842	1687527433.770331	18.548456	-21.359291	-0.777391	0.297824	0.298509	0.245844	-0.069986	-0.018425	-0.745416	0.666846	0.296551	0.252872	-0.004165	0.035935	0.363600	0.930852	
 1687527434.203814	1687527434.175578	18.710213	-21.215217	-0.787748	0.290553	0.291448	0.242814	-0.073312	-0.015684	-0.768620	0.530508	0.277102	0.249558	-0.006475	0.036911	0.374390	0.926514	
 1687527434.607952	1687527434.579833	18.888017	-21.100786	-0.787184	0.299146	0.299892	0.246471	-0.071051	-0.017237	-0.739192	0.578420	0.276236	0.253663	-0.004799	0.036230	0.360712	0.931961	
 1687527435.011438	1687527434.985141	19.033425	-21.012300	-0.787278	0.297040	0.297724	0.245683	-0.084395	-0.007641	-0.693117	0.587146	0.280904	0.252964	-0.010739	0.040973	0.339207	0.939758	
 1687527435.415847	1687527435.387877	19.196254	-20.937465	-0.784143	0.291291	0.291867	0.244110	-0.072966	-0.010223	-0.700063	0.572952	0.253379	0.249904	-0.007710	0.036014	0.342519	0.938789	
 1687527435.821476	1687527435.790199	19.382449	-20.856934	-0.776355	0.287527	0.288300	0.241698	-0.058703	-0.016262	-0.690836	0.508263	0.254307	0.247750	-0.002289	0.030365	0.338208	0.940578	
 1687527436.227897	1687527436.193190	19.538272	-20.770134	-0.787066	0.296566	0.297686	0.246240	-0.064624	-0.009333	-0.681091	0.450024	0.270292	0.252719	-0.006394	0.032009	0.333681	0.942121	
 1687527436.531810	1687527436.496258	19.666904	-20.706627	-0.809224	0.236359	0.236423	0.213305	-0.053505	-0.005103	-0.697981	0.372384	0.220929	0.218189	-0.006750	0.026009	0.341762	0.939402	
 1687527436.935450	1687527436.900394	19.830969	-20.674504	-0.818778	0.294835	0.295552	0.244041	-0.076379	0.003430	-0.702598	0.379747	0.248542	0.249990	-0.014748	0.035259	0.343928	0.938218	
 1687527437.341307	1687527437.304833	20.006191	-20.623273	-0.798897	0.296404	0.296943	0.245700	-0.064991	-0.008569	-0.676000	0.510005	0.246938	0.251788	-0.006734	0.032071	0.331291	0.942959	
 1687527437.644915	1687527437.607222	20.147393	-20.527056	-0.791815	0.239623	0.239972	0.215970	-0.062406	-0.008522	-0.662742	0.420456	0.224217	0.220511	-0.006123	0.030886	0.325053	0.945172	
 1687527438.050261	1687527438.011899	20.265795	-20.449345	-0.801720	0.293651	0.294114	0.244091	-0.080056	0.001963	-0.554017	0.436674	0.253098	0.249828	-0.011887	0.038223	0.273298	0.961096	
 1687527438.457065	1687527438.417419	20.457045	-20.395033	-0.806817	0.297645	0.297837	0.245326	-0.074472	0.009980	-0.516970	0.569451	0.246938	0.252013	-0.014337	0.034716	0.255615	0.966049	
 1687527438.863197	1687527438.823054	20.642589	-20.315245	-0.791125	0.298188	0.297993	0.246456	-0.055337	0.014245	-0.321003	0.533616	0.248141	0.252169	-0.011449	0.026171	0.159943	0.986713	
 1687527439.269498	1687527439.231139	20.795837	-20.242304	-0.781008	0.289035	0.289454	0.242893	-0.079009	-0.010357	-0.317644	0.430241	0.249671	0.248789	-0.001137	0.039815	0.157828	0.986663	
 1687527439.675771	1687527439.636069	20.956177	-20.158565	-0.795855	0.294460	0.294658	0.244923	-0.089888	0.003205	-0.290679	0.605190	0.255187	0.251417	-0.008091	0.044223	0.144753	0.988446	
 1687527440.084342	1687527440.041296	21.112592	-20.035425	-0.802745	0.293152	0.293356	0.243293	-0.067804	-0.015224	-0.279657	0.668015	0.245009	0.250243	0.002809	0.034624	0.139034	0.989678	
 1687527440.490378	1687527440.445516	21.269594	-19.963509	-0.815499	0.299535	0.300258	0.246905	-0.066112	-0.016067	-0.312142	0.535409	0.264193	0.253779	0.002794	0.033895	0.155086	0.987315	
 1687527440.893150	1687527440.848585	21.418879	-19.875877	-0.816362	0.299281	0.299815	0.247082	-0.069982	-0.008466	-0.263709	0.463909	0.262708	0.253607	-0.000406	0.035236	0.131245	0.990724	
 1687527441.298391	1687527441.254458	21.516620	-19.811871	-0.810002	0.296420	0.296819	0.245657	-0.076559	-0.025836	-0.299264	0.501002	0.253458	0.252366	0.007059	0.039764	0.148464	0.988093	
 1687527441.701892	1687527441.659567	21.670676	-19.722801	-0.807256	0.294105	0.294654	0.245275	-0.077173	-0.025709	-0.423296	0.507509	0.274396	0.251560	0.004455	0.040412	0.209413	0.976982	
 1687527442.105842	1687527442.066919	21.830251	-19.648746	-0.819023	0.297275	0.297711	0.246831	-0.059165	-0.030688	-0.493269	0.520781	0.283663	0.252247	0.007652	0.032424	0.243566	0.969312	
 1687527442.509018	1687527442.501923	21.962526	-19.620927	-0.825468	0.298853	0.299932	0.246781	-0.085831	-0.034392	-0.504569	0.459684	0.304429	0.252741	0.005928	0.045826	0.248636	0.967494	
 1687527442.919166	1687527442.905051	22.083501	-19.487309	-0.808418	0.293949	0.294599	0.244551	-0.058532	-0.027760	-0.444847	0.578672	0.310593	0.250848	0.007078	0.031598	0.220082	0.974944	
 1687527443.324937	1687527443.308342	22.203857	-19.318131	-0.799956	0.296905	0.297857	0.247174	-0.076956	-0.020689	-0.508727	0.454176	0.292744	0.252850	0.000325	0.039830	0.251045	0.967156	
 1687527443.631728	1687527443.610469	22.330964	-19.219790	-0.802772	0.243444	0.243228	0.218617	-0.063252	-0.012732	-0.547824	0.522504	0.254486	0.221840	-0.002428	0.032162	0.270165	0.962274	
 1687527444.035688	1687527444.015651	22.413919	-19.129389	-0.802415	0.294990	0.295680	0.245223	-0.072902	-0.013722	-0.481377	0.433568	0.262972	0.249606	-0.002028	0.037026	0.237964	0.970566	
 1687527444.443409	1687527444.417829	22.542652	-18.932051	-0.804716	0.298585	0.298851	0.247409	-0.072421	-0.013065	-0.289261	0.486188	0.265707	0.252379	0.001242	0.036765	0.143795	0.988923	
 1687527444.749887	1687527444.724942	22.605845	-18.798844	-0.799637	0.239555	0.238586	0.219529	-0.076752	-0.014709	-0.234716	0.454814	0.225496	0.218727	0.002806	0.038962	0.116719	0.992396	
 1687527445.153428	1687527445.129398	22.726251	-18.633936	-0.796996	0.290690	0.290898	0.242141	-0.069120	0.014995	-0.108013	0.557569	0.256516	0.247309	-0.009347	0.034097	0.054205	0.997904	
 1687527445.556736	1687527445.533592	22.834950	-18.437219	-0.777243	0.297212	0.296823	0.247610	-0.082439	0.000178	-0.015861	0.510918	0.249965	0.251948	-0.000416	0.041206	0.007927	0.999119	
 1687527445.960325	1687527445.936970	22.994706	-18.397934	-0.792762	0.296519	0.296749	0.246291	-0.058015	0.002459	-0.120445	0.665026	0.246558	0.251700	-0.002973	0.028877	0.060196	0.997764	
 1687527446.367687	1687527446.340527	23.224852	-18.362574	-0.798144	0.295526	0.296185	0.245280	-0.062741	-0.010032	-0.088749	0.454459	0.245877	0.251012	0.003617	0.031557	0.044180	0.998518	
 1687527446.675498	1687527446.645673	23.387722	-18.341714	-0.782063	0.239333	0.239518	0.215145	-0.071182	-0.011578	-0.113718	0.464077	0.220026	0.219944	0.003754	0.035854	0.056586	0.997747	
 1687527447.084401	1687527447.050967	23.563645	-18.314799	-0.773368	0.298315	0.298334	0.245750	-0.096017	-0.005820	-0.119236	0.596167	0.254500	0.251967	0.000042	0.048078	0.059375	0.997077	
 1687527447.488095	1687527447.456749	23.686833	-18.241907	-0.787297	0.296186	0.296211	0.245504	-0.058886	-0.031292	0.109215	0.836162	0.251051	0.251897	0.017222	0.028538	-0.055010	0.997929	
 1687527447.892857	1687527447.860507	23.870338	-18.167429	-0.802472	0.298786	0.299847	0.246693	-0.050927	-0.003267	0.326104	0.511490	0.267098	0.252864	0.005744	0.024858	-0.162319	0.986408	
 1687527448.299604	1687527448.290416	24.015769	-18.119381	-0.788669	0.296058	0.296683	0.245723	-0.067535	-0.001004	0.690126	0.488607	0.247060	0.251732	0.011892	0.031601	-0.338079	0.940512	
 1687527448.703414	1687527448.695352	24.176746	-18.060463	-0.749748	0.299308	0.299335	0.250261	-0.042249	-0.033949	0.863874	0.557150	0.260179	0.252832	0.024253	0.012076	-0.418803	0.907673	
 1687527449.107416	1687527449.106159	24.270416	-17.985810	-0.744255	0.293405	0.294115	0.244966	-0.048732	-0.011189	0.924516	0.331342	0.287731	0.251028	0.015871	0.019312	-0.445953	0.894707	
 1687527449.514735	1687527449.512496	24.321244	-17.919298	-0.757536	0.291201	0.292033	0.243709	-0.003510	-0.047973	0.941537	0.365271	0.244316	0.250144	0.022171	-0.009315	-0.453478	0.890943	
 1687527449.923877	1687527449.915088	24.429808	-17.852065	-0.806025	0.294920	0.296547	0.245862	-0.025741	-0.022486	1.007422	0.255662	0.390820	0.250986	0.016057	0.005845	-0.482735	0.875600	
 1687527450.327522	1687527450.319452	24.491656	-17.783940	-0.782581	0.295853	0.296434	0.245164	-0.063077	-0.051892	1.052743	0.275853	0.269958	0.251338	0.038257	0.014229	-0.502688	0.863504	
 1687527450.731497	1687527450.724500	24.523102	-17.723184	-0.771819	0.296544	0.296704	0.246200	-0.052027	-0.041466	1.024249	0.384947	0.365460	0.252219	0.030809	0.012513	-0.490229	0.870959	
 1687527451.135545	1687527451.130666	24.603515	-17.649623	-0.770932	0.296587	0.296808	0.247564	-0.029613	-0.048054	1.015712	0.346014	0.318008	0.252283	0.028188	0.001252	-0.486422	0.873268	
 1687527451.539924	1687527451.535401	24.656057	-17.618445	-0.771145	0.297152	0.297827	0.248106	-0.043346	-0.042121	1.020951	0.277652	0.364739	0.252403	0.028956	0.008618	-0.488767	0.871891	
 1687527451.946290	1687527451.939672	24.750395	-17.619897	-0.771782	0.299314	0.300337	0.246802	-0.022203	-0.016550	1.006849	0.310107	0.315911	0.252347	0.012603	0.005732	-0.482462	0.875807	
 1687527452.351765	1687527452.343261	24.801050	-17.591672	-0.738822	0.298424	0.298827	0.246866	-0.003492	-0.028538	0.984501	0.268415	0.258792	0.252016	0.013399	-0.005205	-0.472583	0.881169	
 1687527452.655926	1687527452.646729	24.810217	-17.531756	-0.703317	0.241460	0.241441	0.217527	-0.050335	-0.040386	0.957390	0.218483	0.257252	0.221211	0.029505	0.013034	-0.460833	0.886901	
 1687527453.066108	1687527453.049635	24.836845	-17.424425	-0.707281	0.291186	0.291138	0.242613	-0.040549	-0.040420	0.982640	0.330814	0.300060	0.248553	0.027377	0.008339	-0.471958	0.881156	
 1687527453.469589	1687527453.454124	24.841413	-17.368281	-0.693711	0.302196	0.302300	0.246915	-0.020676	-0.019162	0.983745	0.319851	0.323134	0.253814	0.013327	0.004587	-0.472318	0.881316	
 1687527453.877983	1687527453.856990	24.886808	-17.314071	-0.673073	0.295642	0.295822	0.245640	-0.033668	-0.037219	0.988517	0.266184	0.263643	0.252240	0.024363	0.005990	-0.474506	0.879895	
 1687527454.289675	1687527454.260741	24.909005	-17.299778	-0.681483	0.301041	0.301061	0.247023	-0.045078	-0.005709	0.989948	0.302819	0.316710	0.254038	0.013216	0.018477	-0.474943	0.879723	
 1687527454.693895	1687527454.663569	24.982999	-17.257442	-0.680813	0.299357	0.299257	0.246289	-0.028635	-0.018896	0.956358	0.330910	0.248721	0.252584	0.014975	0.008363	-0.460215	0.887642	
 1687527455.099900	1687527455.069057	25.000839	-17.166138	-0.663369	0.298963	0.298626	0.247155	-0.020236	-0.019876	0.984671	0.278296	0.260863	0.252508	0.013540	0.004219	-0.472726	0.881095	
 1687527455.504550	1687527455.471940	25.026435	-17.118659	-0.646235	0.296988	0.297126	0.245755	-0.030045	-0.032322	0.981264	0.266002	0.264949	0.251984	0.021330	0.005635	-0.471283	0.881706	
 1687527455.908134	1687527455.877024	25.037592	-16.981880	-0.638393	0.297516	0.297641	0.245630	-0.040771	0.010535	0.970640	0.290297	0.295086	0.252484	0.004851	0.020487	-0.466293	0.884380	
 1687527456.313791	1687527456.281008	25.105482	-16.566141	-0.648417	0.296247	0.296102	0.245329	-0.005978	-0.016974	0.974704	0.317294	0.249994	0.251586	0.008898	-0.001333	-0.468291	0.883528	
 1687527456.717310	1687527456.684653	25.201718	-15.976368	-0.657353	0.303061	0.304234	0.273468	-0.011287	-0.002755	1.040409	0.247021	0.251335	0.250890	0.004000	0.004212	-0.497056	0.867699	
 1687527457.120318	1687527457.090049	25.152789	-15.461920	-0.665466	0.295417	0.296026	0.274179	0.013292	0.042035	1.030365	0.250549	0.246234	0.248298	-0.021562	0.004572	-0.492696	0.869922	
 1687527457.523674	1687527457.494919	25.050578	-15.445362	-0.651948	0.357878	0.317753	0.320782	0.018445	0.026035	0.970535	0.263425	0.315910	0.249728	-0.015815	-0.002085	-0.466492	0.884382	
 1687527457.927642	1687527457.899065	25.074911	-15.371568	-0.633048	0.436586	0.320830	0.273426	-0.006927	0.033242	0.950512	0.294094	0.279443	0.248521	-0.013194	0.010684	-0.457449	0.889074	
 1687527458.332463	1687527458.303122	25.141340	-15.274343	-0.635213	0.385851	0.313983	0.265782	-0.001399	-0.022680	0.985664	0.337369	0.416065	0.245318	0.010321	-0.004749	-0.473099	0.880936	
 1687527458.738048	1687527458.707165	25.067274	-15.685769	-0.626736	0.354602	0.323846	0.264924	-0.040341	-0.017732	1.013943	0.289681	0.361094	0.247873	0.017542	0.013328	-0.485571	0.873920	
 1687527459.143644	1687527459.110066	25.072670	-15.549111	-0.670049	0.396308	0.300833	0.246935	-0.029790	-0.025592	1.014410	0.486628	0.256250	0.249552	0.018418	0.006804	-0.485809	0.873845	
 1687527459.446776	1687527459.418104	25.149752	-15.387662	-0.698695	0.239534	0.239303	0.214979	-0.030949	-0.016356	1.099026	0.335531	0.307437	0.215687	0.015055	0.008925	-0.522300	0.852582	
 1687527459.749952	1687527459.721807	25.244863	-15.057276	-0.678765	0.244381	0.243044	0.215631	0.003006	-0.008043	1.075540	0.304323	0.230452	0.218020	0.002684	-0.003351	-0.512212	0.858848	
 1687527460.156842	1687527460.127162	25.276606	-15.128592	-0.686836	0.290856	0.293191	0.243864	0.029613	-0.012730	1.076817	0.251625	0.251075	0.246988	-0.002128	-0.015974	-0.512623	0.858463	
 1687527460.560974	1687527460.530060	25.256672	-15.058663	-0.658778	0.301840	0.295347	0.244996	-0.049723	0.040511	1.081144	0.353830	0.281161	0.248694	-0.004570	0.031730	-0.513930	0.857233	
 1687527460.866605	1687527460.832325	25.274415	-15.002119	-0.653792	0.237867	0.237828	0.214734	-0.064968	0.005805	1.076468	0.515504	0.474950	0.216033	0.014158	0.029373	-0.512267	0.858207	
 1687527461.270914	1687527461.234901	25.366918	-14.955531	-0.660749	0.285220	0.286106	0.241209	-0.061879	0.013405	1.053358	0.548592	0.253090	0.245424	0.009758	0.030109	-0.502234	0.864152	
 1687527461.674836	1687527461.639934	25.329088	-14.828703	-0.654539	0.295453	0.295716	0.244598	-0.029433	0.028073	1.055763	0.474172	0.265804	0.249892	-0.004713	0.019781	-0.503422	0.863801	
 1687527462.078347	1687527462.044600	25.294025	-14.768896	-0.655880	0.303320	0.302589	0.274382	-0.058948	-0.010498	1.029459	0.304859	0.300736	0.250807	0.019075	0.023068	-0.492213	0.869960	
 1687527462.386176	1687527462.347234	25.273897	-14.849939	-0.679132	0.248089	0.240105	0.251965	-0.056124	0.013210	1.040679	0.468657	0.224677	0.219743	0.008221	0.027627	-0.496807	0.867382	
 1687527462.691716	1687527462.650450	25.282955	-14.835792	-0.701111	0.240868	0.239654	0.215804	-0.033333	0.022100	1.072747	0.566383	0.233867	0.217688	-0.000981	0.019971	-0.510762	0.859490	
 1687527463.098613	1687527463.056056	25.282588	-14.798431	-0.681037	0.294833	0.294957	0.243456	-0.054268	-0.032605	1.090717	0.423177	0.319482	0.247953	0.028003	0.014739	-0.518843	0.854284	
 1687527463.502558	1687527463.474664	25.274306	-14.768761	-0.675200	0.294793	0.294600	0.245107	-0.052269	-0.009002	1.090161	0.751234	0.420279	0.251304	0.017396	0.020011	-0.518405	0.854724	
 1687527463.808630	1687527463.776757	25.250965	-14.755960	-0.698368	0.235923	0.235873	0.211934	-0.015547	-0.012432	1.025394	0.694932	0.227007	0.217312	0.009230	0.003725	-0.490547	0.871358	
 1687527464.211973	1687527464.179296	25.239737	-14.738756	-0.690353	0.297970	0.297885	0.245016	-0.016133	-0.018512	0.972414	0.303647	0.282521	0.251462	0.011952	0.002806	-0.467307	0.884010	
 1687527464.617009	1687527464.583505	25.257227	-14.717426	-0.688352	0.294749	0.294785	0.244988	-0.039609	-0.006889	1.013779	0.305914	0.323065	0.251691	0.012624	0.015641	-0.485422	0.874049	
 1687527465.020807	1687527465.011962	25.309634	-14.745597	-0.706754	0.289306	0.289348	0.242098	-0.044130	-0.021079	0.981608	0.603183	0.254830	0.249164	0.019692	0.014491	-0.471399	0.881581	
 1687527465.431461	1687527465.415811	25.385528	-14.777875	-0.716813	0.293401	0.293384	0.243033	-0.018040	-0.020488	0.974261	0.617262	0.327956	0.250310	0.013274	0.003175	-0.468130	0.883554	
 1687527465.839602	1687527465.819887	25.428108	-14.794540	-0.699987	0.292349	0.292284	0.243702	-0.097579	-0.025165	0.996572	0.313944	0.330825	0.250821	0.034345	0.036831	-0.477853	0.876995	
 1687527466.243710	1687527466.222696	25.427608	-14.815871	-0.733909	0.298199	0.298376	0.246408	-0.010586	-0.021084	0.994711	1.478130	0.329194	0.253324	0.011790	-0.000378	-0.477119	0.878760	
 1687527466.647496	1687527466.627759	25.454919	-14.851285	-0.744448	0.295617	0.296197	0.245243	-0.054760	-0.016545	0.974906	0.263371	0.307153	0.251849	0.020128	0.020314	-0.468386	0.883061	
 1687527467.053599	1687527467.032085	25.484362	-14.866580	-0.775414	0.296015	0.296126	0.244849	0.018551	-0.040915	0.960524	0.661980	0.284830	0.251893	0.013857	-0.017675	-0.461727	0.886738	
 1687527467.460378	1687527467.437788	25.536644	-14.916076	-0.759193	0.300488	0.301752	0.247616	-0.028758	-0.016160	0.978232	0.298018	0.486452	0.253341	0.013887	0.008896	-0.469884	0.882574	
 1687527467.863836	1687527467.842141	25.571096	-14.966595	-0.749526	0.293897	0.294319	0.244862	-0.031605	-0.039075	0.979282	0.364554	0.282646	0.251715	0.024669	0.004756	-0.470433	0.882078	
 1687527468.268201	1687527468.245228	25.581779	-14.964620	-0.792675	0.295119	0.295140	0.244888	-0.006346	-0.044540	0.979814	0.386978	0.448320	0.251934	0.021141	-0.007679	-0.470487	0.882120	
 1687527468.674203	1687527468.648808	25.588478	-14.991018	-0.817067	0.298364	0.298797	0.245918	-0.068616	-0.013959	0.981778	0.253690	0.481570	0.253018	0.022321	0.026962	-0.471332	0.881261	
 1687527469.079784	1687527469.055219	25.600815	-15.037784	-0.842208	0.298422	0.298520	0.245399	-0.029988	-0.017396	0.978489	0.776449	0.270564	0.252512	0.014723	0.009147	-0.470004	0.882494	
 1687527469.488637	1687527469.461411	25.614168	-15.058120	-0.838096	0.299038	0.298802	0.246712	-0.066750	-0.029788	0.978035	0.371045	0.288886	0.253759	0.028814	0.022462	-0.469884	0.881972	
 1687527469.792326	1687527469.765410	25.621790	-15.079847	-0.876815	0.241998	0.241957	0.216260	-0.044820	-0.022076	0.981063	0.555262	0.286284	0.222577	0.020289	0.014566	-0.471166	0.881691	
 1687527470.196787	1687527470.169964	25.616331	-15.119505	-0.912359	0.295625	0.295556	0.243892	-0.061758	-0.005925	0.977902	0.388491	0.280833	0.250934	0.017116	0.025866	-0.469555	0.882358	
 1687527470.600833	1687527470.574952	25.620713	-15.149406	-0.949175	0.297166	0.297017	0.244797	-0.049222	-0.011094	0.973927	0.518313	0.250395	0.251955	0.016416	0.019153	-0.467916	0.883413	
 1687527471.004350	1687527470.982357	25.639174	-15.152500	-0.986973	0.292878	0.292941	0.243342	-0.047342	-0.024056	0.987832	0.419068	0.255752	0.250517	0.021807	0.015138	-0.474161	0.880038	
 1687527471.408138	1687527471.388218	25.654404	-15.174206	-1.022837	0.296577	0.296816	0.245023	-0.043683	-0.023175	1.000845	0.384131	0.283081	0.252202	0.020642	0.013602	-0.479872	0.876990	
 1687527471.812536	1687527471.792736	25.649395	-15.195985	-1.052248	0.296271	0.296495	0.244505	-0.036728	-0.019180	1.006538	0.391401	0.287633	0.251723	0.017255	0.011461	-0.482343	0.875738	
 1687527472.218832	1687527472.196848	25.647207	-15.226364	-1.065762	0.299983	0.300195	0.245898	-0.034862	-0.030401	1.001652	0.348787	0.275673	0.253262	0.021699	0.007991	-0.480254	0.876824	
 1687527472.627222	1687527472.601340	25.647599	-15.242980	-1.067579	0.298954	0.299096	0.245939	-0.039386	-0.042714	0.992261	0.324870	0.302784	0.253358	0.028149	0.007150	-0.476195	0.878860	
 1687527472.931166	1687527472.903574	25.648277	-15.250972	-1.085745	0.239956	0.239992	0.214666	-0.034893	-0.047913	0.991254	0.301324	0.307013	0.220777	0.029363	0.003952	-0.475742	0.879086	
 1687527473.336906	1687527473.312844	25.644980	-15.272056	-1.103201	0.295404	0.295533	0.243755	-0.042734	-0.044370	0.979646	0.318972	0.365514	0.250919	0.029619	0.008414	-0.470665	0.881775	
 1687527473.644309	1687527473.615475	25.633127	-15.287052	-1.119011	0.238844	0.238878	0.213457	-0.045467	-0.038114	0.973076	0.318965	0.317312	0.219456	0.027467	0.011182	-0.467745	0.883366	
 1687527474.052645	1687527474.023206	25.640176	-15.297169	-1.120698	0.295888	0.295893	0.243523	-0.037400	-0.048723	0.969062	0.388762	0.341061	0.250836	0.030259	0.005197	-0.465977	0.884264	
 1687527474.458070	1687527474.426367	25.660406	-15.307937	-1.116412	0.297598	0.297661	0.245195	-0.032478	-0.053232	0.985896	0.352485	0.404560	0.252688	0.031123	0.001708	-0.473376	0.880309	
 1687527474.862588	1687527474.836689	25.665004	-15.326134	-1.117986	0.296390	0.296628	0.245019	-0.037285	-0.046470	0.994585	0.307959	0.382398	0.252363	0.029306	0.005298	-0.477217	0.878281	
 1687527475.273302	1687527475.239867	25.672292	-15.392242	-1.114851	0.298798	0.298822	0.245672	-0.040120	-0.035863	0.989005	0.340373	0.373162	0.253009	0.025297	0.009145	-0.474739	0.879716	
 1687527475.679518	1687527475.644779	25.666557	-15.448541	-1.102056	0.298743	0.298615	0.245410	-0.032812	-0.045274	0.964140	0.355930	0.327810	0.252628	0.027657	0.004039	-0.463762	0.885519	
 1687527476.090646	1687527476.047790	25.673893	-15.467128	-1.090779	0.297992	0.297998	0.245636	-0.036385	-0.056258	0.972937	0.328347	0.380119	0.253015	0.033359	0.002928	-0.467697	0.883254	
 1687527476.508021	1687527476.473382	25.670020	-15.475120	-1.089697	0.298153	0.298249	0.245639	-0.036605	-0.047535	0.992491	0.351284	0.455656	0.253101	0.029607	0.004776	-0.476296	0.878774	
 1687527476.812915	1687527476.776814	25.654720	-15.495439	-1.083024	0.241115	0.241111	0.214986	-0.031560	-0.042346	0.991292	0.314444	0.359518	0.221195	0.026124	0.003809	-0.475728	0.879196	
 1687527477.219612	1687527477.180862	25.640175	-15.498359	-1.054619	0.292744	0.292673	0.242530	-0.041438	-0.046918	0.983713	0.336521	0.386973	0.249978	0.030453	0.007181	-0.472460	0.880797	
 1687527477.625453	1687527477.584595	25.643292	-15.499941	-1.038140	0.295442	0.295379	0.244618	-0.038713	-0.056050	0.987936	0.366619	0.382609	0.252306	0.033840	0.003752	-0.474326	0.879691	
 1687527478.034921	1687527477.995866	25.635747	-15.491030	-1.032769	0.290004	0.290065	0.242147	-0.028929	-0.055867	0.985218	0.341449	0.413086	0.249565	0.031444	-0.000468	-0.473048	0.880475	
 1687527478.439635	1687527478.399491	25.612958	-15.470381	-1.017651	0.301253	0.301339	0.246821	-0.034408	-0.049868	0.982987	0.291411	0.365526	0.254204	0.030093	0.003397	-0.472105	0.881022	
 1687527478.747889	1687527478.703354	25.592252	-15.461150	-0.995760	0.242798	0.242790	0.216513	-0.034110	-0.047301	0.981016	0.271172	0.306952	0.222425	0.028889	0.003901	-0.471230	0.881529	
 1687527479.152110	1687527479.107904	25.564599	-15.426078	-0.967930	0.295151	0.294984	0.243853	-0.040157	-0.048511	0.985375	0.305241	0.337461	0.250876	0.030858	0.006215	-0.473190	0.880398	
 1687527479.556327	1687527479.512619	25.554595	-15.381120	-0.954651	0.292938	0.292795	0.243587	-0.042857	-0.060439	0.990613	0.332624	0.352065	0.250764	0.036757	0.004485	-0.475545	0.878912	
 1687527479.859526	1687527479.814493	25.544000	-15.362127	-0.954391	0.239592	0.239593	0.214732	-0.031733	-0.051860	0.978324	0.312373	0.370089	0.220513	0.030336	0.001819	-0.470032	0.882126	
 1687527480.263224	1687527480.219056	25.524164	-15.352783	-0.943410	0.294136	0.294233	0.243474	-0.037070	-0.022648	0.991238	0.307979	0.373589	0.250299	0.018773	0.010918	-0.475649	0.879367	
 1687527480.670544	1687527480.621387	25.493552	-15.331248	-0.916712	0.295515	0.295107	0.244462	-0.040466	-0.034287	0.979091	0.323054	0.274804	0.251326	0.024638	0.009793	-0.470366	0.882073	
 1687527481.074942	1687527481.024430	25.484776	-15.305237	-0.888104	0.298352	0.298213	0.246107	-0.028499	-0.043297	0.981267	0.347831	0.314304	0.253552	0.025804	0.002366	-0.471298	0.881593	
 1687527481.478622	1687527481.433301	25.499731	-15.281483	-0.876245	0.296248	0.296205	0.245592	-0.046864	-0.036749	0.991251	0.298908	0.339855	0.252887	0.027299	0.011872	-0.475750	0.879077	
 1687527481.884792	1687527481.845089	25.477985	-15.253962	-0.879261	0.296699	0.296284	0.245332	-0.045939	-0.004046	0.993687	0.338925	0.299724	0.252196	0.012725	0.019226	-0.476567	0.878836	
 1687527482.289135	1687527482.249621	25.444982	-15.243723	-0.867683	0.294703	0.293941	0.244697	-0.054336	-0.048353	0.955287	0.333892	0.248101	0.251229	0.033944	0.013009	-0.459967	0.887192	
 1687527482.694094	1687527482.653823	25.492866	-15.213909	-0.853292	0.291454	0.291248	0.243300	-0.044348	-0.048168	0.980098	0.377901	0.342279	0.250367	0.031675	0.008226	-0.470888	0.881586	
 1687527483.100379	1687527483.056370	25.556457	-15.191913	-0.858254	0.298884	0.298855	0.245860	-0.037825	-0.025528	0.992414	0.348609	0.349838	0.253041	0.020225	0.010554	-0.476182	0.879051	
 1687527483.505540	1687527483.470414	25.552300	-15.188043	-0.839660	0.296324	0.296127	0.244989	-0.039325	-0.035321	0.979553	0.315107	0.276776	0.251417	0.024828	0.009041	-0.470571	0.881966	
 1687527483.910207	1687527483.876526	25.549266	-15.147920	-0.817021	0.296649	0.296426	0.245272	-0.050840	-0.029544	0.985237	0.319590	0.299651	0.252289	0.025030	0.015409	-0.473061	0.880539	
 1687527484.315078	1687527484.280508	25.560403	-15.092950	-0.818170	0.287159	0.286967	0.241401	-0.042022	-0.041333	0.989093	0.344360	0.278418	0.248331	0.028155	0.008682	-0.474808	0.879596	
 1687527484.721522	1687527484.684871	25.557244	-15.072962	-0.836169	0.296671	0.296821	0.245028	-0.043256	-0.025890	0.973630	0.334010	0.320135	0.252017	0.021555	0.013058	-0.467912	0.883416	
 1687527485.126626	1687527485.089994	25.583849	-15.062729	-0.839685	0.296237	0.296333	0.244413	-0.032584	-0.026977	0.989094	0.333136	0.278212	0.251575	0.019602	0.007937	-0.474720	0.879883	
 1687527485.535487	1687527485.492969	25.599694	-15.050660	-0.823148	0.293248	0.293296	0.243809	-0.045761	-0.047621	0.984827	0.306643	0.283595	0.251120	0.031787	0.008902	-0.472976	0.880456	
 1687527485.938806	1687527485.913220	25.629510	-15.024440	-0.829233	0.294929	0.294949	0.244473	-0.040786	-0.037603	0.977928	0.358492	0.350335	0.251856	0.026171	0.009170	-0.469869	0.882300	
 1687527486.345697	1687527486.315315	25.638878	-15.009257	-0.840520	0.295841	0.295937	0.244373	-0.034745	-0.033199	0.996706	0.343967	0.320416	0.251750	0.022880	0.007324	-0.478095	0.877980	
 1687527486.649166	1687527486.621739	25.630942	-15.006326	-0.846183	0.243515	0.243546	0.216602	-0.033179	-0.047926	0.977159	0.288997	0.274424	0.222897	0.028939	0.003399	-0.469524	0.882439	
 1687527487.052828	1687527487.026000	25.648807	-14.994540	-0.844172	0.294182	0.294218	0.243116	-0.036412	-0.054044	0.992782	0.316648	0.360078	0.250583	0.032421	0.003136	-0.476435	0.878606	
 1687527487.457591	1687527487.431887	25.646290	-14.999649	-0.844818	0.295923	0.295933	0.244662	-0.042511	-0.042366	0.965553	0.337842	0.399220	0.252285	0.028621	0.008990	-0.464430	0.885102	
 1687527487.861142	1687527487.834256	25.669198	-15.005418	-0.860241	0.295894	0.295872	0.244851	-0.034071	-0.055058	0.987691	0.360722	0.346030	0.252485	0.032305	0.001948	-0.474180	0.879833	
 1687527488.268071	1687527488.237432	25.670614	-15.012214	-0.876934	0.298543	0.298600	0.245623	-0.032804	-0.040639	0.977518	0.332333	0.410838	0.253263	0.025636	0.004939	-0.469665	0.882459	
 1687527488.678291	1687527488.641067	25.668916	-15.028237	-0.877951	0.297620	0.297479	0.245067	-0.055802	-0.055021	0.978568	0.318538	0.335328	0.252429	0.037377	0.011692	-0.470311	0.881632	
 1687527489.082047	1687527489.045099	25.669611	-15.051060	-0.895691	0.290913	0.290788	0.242492	-0.046114	-0.054805	0.985832	0.427759	0.400536	0.250140	0.035037	0.007341	-0.473450	0.880093	
 1687527489.488286	1687527489.449203	25.676614	-15.082856	-0.919242	0.297062	0.297048	0.244854	-0.020334	-0.056670	0.990558	0.387521	0.409670	0.252523	0.029756	-0.004523	-0.475315	0.879301	
 1687527489.893296	1687527489.856524	25.685639	-15.143316	-0.918874	0.299335	0.299592	0.246010	-0.036609	-0.055100	0.973666	0.281824	0.399940	0.253413	0.032902	0.003286	-0.468019	0.883100	
 1687527490.296952	1687527490.260306	25.689097	-15.162536	-0.915741	0.298065	0.297983	0.245633	-0.045660	-0.068649	0.964648	0.340091	0.405934	0.253211	0.040977	0.004298	-0.464139	0.884803	
 1687527490.702813	1687527490.666476	25.698176	-15.201432	-0.916288	0.295992	0.295915	0.244737	-0.039487	-0.067113	0.983251	0.385519	0.487328	0.252356	0.038885	0.001560	-0.472286	0.880586	
 1687527491.109964	1687527491.069259	25.696245	-15.245092	-0.925305	0.298155	0.298130	0.245646	-0.052785	-0.055261	0.984311	0.357340	0.478706	0.253274	0.036805	0.010199	-0.472824	0.880329	
 1687527491.516385	1687527491.472214	25.691884	-15.283089	-0.942104	0.300166	0.300022	0.246070	-0.024753	-0.058738	0.970248	0.429360	0.417875	0.253511	0.031744	-0.002749	-0.466403	0.883999	
 1687527491.920782	1687527491.875455	25.703200	-15.346601	-0.939896	0.297549	0.297716	0.245700	-0.034067	-0.068917	0.960785	0.293842	0.411124	0.252817	0.038414	-0.000823	-0.462307	0.885887	
 1687527492.324786	1687527492.279198	25.706957	-15.400069	-0.942150	0.300756	0.300696	0.246900	-0.053296	-0.068229	0.965970	0.330472	0.477808	0.254455	0.042563	0.007748	-0.464795	0.884361	
 1687527492.728518	1687527492.687444	25.689434	-15.413649	-0.950559	0.297108	0.296884	0.245061	-0.044921	-0.063499	0.975129	0.427578	0.486464	0.252540	0.038554	0.004964	-0.468751	0.882474	
 1687527493.132979	1687527493.108767	25.663813	-15.432419	-0.950140	0.297637	0.297478	0.245066	-0.039223	-0.058170	0.973906	0.375481	0.446378	0.252547	0.034868	0.003718	-0.468152	0.882952	
 1687527493.538710	1687527493.511303	25.657222	-15.437047	-0.939464	0.291404	0.291292	0.242600	-0.038586	-0.061389	0.970740	0.353016	0.426733	0.250110	0.036136	0.002740	-0.466753	0.883645	
 1687527493.842948	1687527493.815008	25.650906	-15.433623	-0.940179	0.241621	0.241575	0.215800	-0.042623	-0.072404	0.974368	0.312066	0.396748	0.222245	0.041945	0.001878	-0.468408	0.882514	
 1687527494.246336	1687527494.219094	25.642147	-15.435603	-0.956683	0.295146	0.295087	0.243954	-0.042552	-0.067322	0.973622	0.373662	0.515206	0.251479	0.039685	0.003052	-0.468072	0.882794	
 1687527494.650781	1687527494.621160	25.617001	-15.445382	-0.962884	0.297345	0.297132	0.244768	-0.045383	-0.051866	0.969674	0.358848	0.455610	0.252253	0.033507	0.007986	-0.466308	0.883951	
 1687527495.057096	1687527495.025120	25.613599	-15.470122	-0.952074	0.298279	0.297909	0.245532	-0.038034	-0.059944	0.968686	0.375231	0.386822	0.252988	0.035366	0.002870	-0.465838	0.884158	
 1687527495.461270	1687527495.428373	25.624673	-15.482870	-0.939939	0.296806	0.296561	0.245501	-0.049349	-0.074631	0.967410	0.347474	0.433145	0.253139	0.044483	0.004482	-0.465412	0.883964	
 1687527495.866074	1687527495.835099	25.636499	-15.531104	-0.947291	0.297630	0.297481	0.245659	-0.042692	-0.057700	0.985419	0.388562	0.492421	0.253349	0.035501	0.005156	-0.473253	0.880196	
 1687527496.272204	1687527496.237381	25.626730	-15.576289	-0.957987	0.296897	0.296796	0.244507	-0.025157	-0.042024	0.985726	0.365829	0.416913	0.251520	0.024458	0.001138	-0.473241	0.880593	
 1687527496.678549	1687527496.639518	25.632209	-15.643909	-0.942442	0.298966	0.298855	0.246087	-0.041874	-0.067874	0.957565	0.291474	0.333702	0.253192	0.039748	0.002942	-0.460963	0.886524	
 1687527496.982586	1687527496.942109	25.639463	-15.658899	-0.929424	0.240215	0.240195	0.215412	-0.045855	-0.073045	0.945011	0.310594	0.398750	0.221253	0.042932	0.003786	-0.455441	0.889222	
 1687527497.388429	1687527497.345639	25.636296	-15.677468	-0.936993	0.289702	0.289538	0.241736	-0.057616	-0.066476	0.970033	0.362794	0.470593	0.248775	0.042808	0.009981	-0.466619	0.883366	
 1687527497.794116	1687527497.750290	25.614357	-15.680965	-0.957395	0.298669	0.298457	0.245235	-0.040328	-0.054954	0.975067	0.426562	0.445260	0.252706	0.033709	0.004940	-0.468666	0.882718	
 1687527498.197599	1687527498.156790	25.582491	-15.695142	-0.953610	0.297835	0.297720	0.245177	-0.032449	-0.059248	0.965157	0.344329	0.387703	0.252483	0.033759	0.000621	-0.464226	0.885073	
 1687527498.606833	1687527498.561882	25.560147	-15.682458	-0.925545	0.297897	0.297731	0.246028	-0.053659	-0.075648	0.960136	0.317060	0.410075	0.253667	0.045909	0.006319	-0.462243	0.885542	
 1687527498.910607	1687527498.887607	25.555662	-15.663547	-0.934635	0.240511	0.240519	0.215814	-0.027612	-0.069394	0.979533	0.363052	0.444128	0.221874	0.037099	-0.004142	-0.470515	0.881602	
 1687527499.317840	1687527499.291803	25.540216	-15.648350	-0.949429	0.294242	0.294364	0.243875	-0.043160	-0.068233	0.982823	0.299584	0.452566	0.250929	0.040243	0.002922	-0.472135	0.880602	
 1687527499.723971	1687527499.702178	25.515701	-15.648598	-0.955851	0.298843	0.298794	0.245450	-0.044565	-0.050539	0.971752	0.348635	0.432126	0.252865	0.032739	0.007899	-0.467216	0.883501	
 1687527500.130329	1687527500.104941	25.495790	-15.645640	-0.942536	0.298570	0.298358	0.245890	-0.030503	-0.069754	0.961041	0.350135	0.356466	0.253306	0.037963	-0.002601	-0.462377	0.885866	
 1687527500.533323	1687527500.509317	25.498950	-15.645624	-0.930781	0.296152	0.296053	0.245394	-0.044486	-0.077871	0.980365	0.305059	0.438109	0.252875	0.044796	0.001286	-0.471078	0.880953	
 1687527500.940605	1687527500.912647	25.461554	-15.624125	-0.930085	0.299131	0.298821	0.246283	-0.059152	-0.063319	0.965274	0.341276	0.448053	0.253710	0.041744	0.011496	-0.464510	0.884509	
 1687527501.343852	1687527501.317364	25.422031	-15.607254	-0.932698	0.293036	0.292777	0.243204	-0.040532	-0.060944	0.961888	0.392179	0.388041	0.250425	0.036376	0.003866	-0.462854	0.885679	
 1687527501.750614	1687527501.724396	25.425988	-15.600566	-0.921050	0.295415	0.295337	0.244549	-0.035312	-0.081598	0.974293	0.335407	0.397371	0.251907	0.044295	-0.003502	-0.468280	0.882462	
 1687527502.158494	1687527502.127174	25.425382	-15.576955	-0.913091	0.296872	0.296923	0.246111	-0.049142	-0.082501	0.965779	0.315884	0.474568	0.253541	0.047911	0.002598	-0.464703	0.884166	
 1687527502.562342	1687527502.530530	25.395317	-15.580375	-0.937474	0.289783	0.289660	0.242014	-0.046356	-0.047317	0.960159	0.351005	0.460492	0.249138	0.031677	0.009627	-0.462083	0.886219	
 1687527502.966172	1687527502.936313	25.373800	-15.596533	-0.934976	0.300041	0.299365	0.245818	-0.046229	-0.054711	0.960341	0.347289	0.336923	0.252753	0.034925	0.007860	-0.462195	0.886055	
 1687527503.370419	1687527503.339022	25.368890	-15.598386	-0.916176	0.295088	0.294779	0.244460	-0.032544	-0.083537	0.967859	0.349919	0.365008	0.251864	0.044521	-0.005035	-0.465395	0.883968	
 1687527503.774461	1687527503.742748	25.380646	-15.597651	-0.914269	0.297602	0.297650	0.246322	-0.049481	-0.076106	0.970251	0.307160	0.478305	0.253846	0.045171	0.004132	-0.466672	0.883267	
 1687527504.181798	1687527504.147081	25.362696	-15.624958	-0.933379	0.297342	0.297071	0.245340	-0.052951	-0.060587	0.962015	0.342889	0.412800	0.252613	0.039085	0.009449	-0.463009	0.885441	
 1687527504.585697	1687527504.570905	25.356784	-15.686141	-0.935331	0.302053	0.301496	0.246916	-0.042805	-0.063179	0.961565	0.347641	0.354727	0.254104	0.037889	0.004362	-0.462736	0.885675	
 1687527504.989992	1687527504.975915	25.373536	-15.729405	-0.925777	0.294495	0.294218	0.244493	-0.045158	-0.077811	0.951596	0.314966	0.356000	0.251775	0.044900	0.002242	-0.458365	0.887626	
 1687527505.398094	1687527505.379442	25.400346	-15.786782	-0.944801	0.299121	0.299016	0.247332	-0.045682	-0.084100	0.965653	0.303401	0.358092	0.254082	0.047817	0.000698	-0.464604	0.884227	
 1687527505.702855	1687527505.683250	25.399044	-15.835726	-0.975190	0.243160	0.243289	0.217077	-0.046741	-0.065108	0.989521	0.269249	0.329855	0.222361	0.039727	0.005105	-0.475109	0.879015	
 1687527506.111622	1687527506.088923	25.402153	-15.892475	-0.963868	0.295916	0.295393	0.243725	-0.049716	-0.055918	0.955228	0.305423	0.328308	0.249881	0.036240	0.009219	-0.459957	0.887153	
 1687527506.518266	1687527506.498421	25.388776	-15.910913	-0.941478	0.299685	0.299207	0.246823	-0.054415	-0.079147	0.956784	0.301224	0.300264	0.253389	0.047623	0.005925	-0.460777	0.886217	
 1687527506.822059	1687527506.800992	25.394618	-15.889879	-0.945325	0.241001	0.240922	0.215838	-0.028165	-0.073357	1.005000	0.274585	0.301440	0.221506	0.038912	-0.005326	-0.481699	0.875456	
 1687527507.231650	1687527507.204484	25.437798	-15.650813	-0.982838	0.294584	0.294799	0.244235	-0.037017	-0.058101	0.968579	0.273860	0.333001	0.250188	0.034315	0.002851	-0.465779	0.884231	
 1687527507.636846	1687527507.607090	25.313156	-15.555820	-0.968035	0.299321	0.300790	0.257586	-0.028409	-0.054482	0.901158	0.271812	0.287401	0.251919	0.030700	0.000921	-0.435629	0.899602	
 1687527507.940701	1687527507.910607	25.365214	-15.812240	-0.977329	0.268214	0.237379	0.324611	-0.051003	-0.074197	0.899784	0.234391	0.251108	0.217350	0.044469	0.006822	-0.435280	0.899171	
 1687527508.344398	1687527508.314778	25.451787	-16.385945	-0.989764	0.304927	0.318725	0.392724	-0.050936	-0.097314	0.943126	0.313174	0.550889	0.245679	0.054870	0.000571	-0.454698	0.888954	
 1687527508.747483	1687527508.718258	25.423348	-16.474739	-0.980673	0.301012	0.317368	0.394068	-0.055773	-0.091673	0.941427	0.298682	1.129522	0.247925	0.053453	0.004052	-0.454008	0.889383	
 1687527509.056706	1687527509.020624	25.442611	-16.907600	-0.989531	0.248459	0.254245	0.230922	-0.053507	-0.081849	0.951924	0.292943	0.923753	0.216110	0.048599	0.005018	-0.458619	0.887289	
 1687527509.460662	1687527509.425354	25.485578	-16.781563	-0.980644	0.302498	0.302519	0.269908	-0.063508	-0.088090	0.939526	0.396610	0.951792	0.249455	0.053599	0.008361	-0.453255	0.889729	
 1687527509.869864	1687527509.833181	25.456021	-16.501008	-0.961849	0.349190	0.308781	0.268847	-0.047389	-0.089484	0.935804	0.418170	0.874145	0.247102	0.050583	0.000958	-0.451383	0.890895	
 1687527510.273365	1687527510.243630	25.455915	-16.544370	-0.968161	0.335064	0.296593	0.244852	-0.034980	-0.082486	0.939606	0.373958	1.339991	0.248050	0.044669	-0.003082	-0.452899	0.890437	
 1687527510.677946	1687527510.647182	25.431314	-16.612543	-0.970476	0.300560	0.301249	0.247561	-0.042526	-0.057323	0.961706	0.328340	1.404692	0.249722	0.035232	0.005590	-0.462781	0.885755	
 1687527510.981356	1687527510.950598	25.456351	-16.553559	-0.971217	0.240973	0.241152	0.216483	-0.039040	-0.064821	0.914506	0.448925	0.867829	0.219798	0.037683	0.003201	-0.441736	0.896347	
 1687527511.385936	1687527511.352198	25.429648	-16.688400	-0.953700	0.292021	0.292778	0.243820	-0.051438	-0.069066	0.965649	0.348043	0.653815	0.248488	0.042502	0.006738	-0.464639	0.884454	
 1687527511.791179	1687527511.758893	25.440088	-16.724985	-0.965807	0.296932	0.295503	0.245698	-0.048889	-0.086144	0.965271	0.493201	0.838036	0.250647	0.049462	0.001652	-0.464478	0.884201	
 1687527512.198359	1687527512.162134	25.450394	-16.798643	-0.974032	0.297795	0.297778	0.245784	-0.048469	-0.064404	0.966268	0.463096	1.208236	0.250373	0.039754	0.006495	-0.464870	0.884462	
 1687527512.604999	1687527512.567611	25.503773	-16.932305	-0.974660	0.295846	0.295292	0.245088	-0.058219	-0.057620	0.962126	0.545664	0.904417	0.251069	0.038988	0.012468	-0.463077	0.885372	
 1687527515.211126	1687527515.196980	25.474325	-17.152349	-0.954438	0.246242	0.253070	0.224717	0.056275	-0.081858	1.064725	0.302874	0.308562	0.223835	0.020973	-0.044980	-0.505952	0.861132	
 1687527515.519514	1687527515.503482	25.470983	-17.184215	-0.957971	0.239015	0.237569	0.214761	0.046530	-0.068719	1.110665	0.335687	0.488523	0.216564	0.016925	-0.037862	-0.526093	0.849415	
 1687527515.825719	1687527515.805209	25.458678	-17.258940	-0.929207	0.240617	0.242028	0.216170	0.003836	-0.065477	1.024639	0.292518	0.406214	0.218416	0.027590	-0.017716	-0.489882	0.871172	
 1687527516.228653	1687527516.209481	25.420749	-17.264244	-0.905978	0.293795	0.293897	0.244123	-0.056719	-0.080353	0.924471	0.245785	0.477028	0.249174	0.048571	0.007455	-0.446430	0.893468	
 1687527516.634804	1687527516.614257	25.399299	-17.218723	-0.924511	0.292610	0.292810	0.244227	-0.026394	-0.069109	0.987856	0.393016	0.544696	0.249709	0.036668	-0.004765	-0.474165	0.879659	
 1687527517.043895	1687527517.017097	25.373796	-17.213402	-0.928695	0.298335	0.298109	0.246456	-0.048644	-0.052369	0.973815	0.286939	0.519860	0.252129	0.034507	0.009240	-0.468159	0.882922	
 1687527517.447232	1687527517.422917	25.353667	-17.194998	-0.921047	0.288272	0.287500	0.242306	-0.039882	-0.055028	0.974033	0.373662	0.393323	0.247566	0.033635	0.004743	-0.468206	0.882966	
 1687527517.851422	1687527517.827247	25.359642	-17.175146	-0.913194	0.295317	0.294912	0.245457	-0.041333	-0.065447	0.973769	0.325420	0.392978	0.251240	0.038573	0.002950	-0.468122	0.882817	
 1687527518.258350	1687527518.237774	25.391496	-17.151128	-0.923267	0.296825	0.296393	0.245275	-0.036804	-0.062537	0.966873	0.319640	0.417644	0.251349	0.036225	0.001755	-0.465028	0.884553	
 1687527518.662512	1687527518.640071	25.342341	-17.122024	-0.909034	0.296126	0.295260	0.245577	-0.043982	-0.052702	0.966431	0.283793	0.350240	0.250974	0.033539	0.007226	-0.464868	0.884715	
 1687527519.066319	1687527519.045654	25.135095	-16.979937	-0.921011	0.299386	0.296234	0.269506	-0.024387	-0.079001	0.933797	0.308641	0.336719	0.251041	0.040745	-0.006894	-0.450164	0.891989	
 1687527519.471031	1687527519.452789	24.970727	-16.828752	-0.924537	0.301745	0.301844	0.294725	-0.012923	-0.077043	0.925819	0.280431	0.520258	0.251667	0.037341	-0.011420	-0.446435	0.893963	
 1687527519.875797	1687527519.855921	24.980187	-16.732853	-0.923371	0.296912	0.300767	0.266601	-0.018186	-0.078482	0.967090	0.262438	0.567000	0.250307	0.038956	-0.010194	-0.464859	0.884468	
 1687527520.278992	1687527520.258771	25.149348	-16.937981	-0.914042	0.308037	0.320226	0.385758	-0.045507	-0.080592	0.993257	0.299338	0.791121	0.251362	0.046241	0.000798	-0.476760	0.877816	
 1687527520.685133	1687527520.664479	25.127195	-16.934484	-0.917706	0.295599	0.291650	0.243681	-0.050663	-0.077705	0.976439	0.477575	0.947848	0.247454	0.046165	0.004139	-0.469419	0.881758	
 1687527521.089139	1687527521.070559	25.117503	-16.969958	-0.938104	0.298472	0.298671	0.245664	-0.035573	-0.076626	0.969502	0.570004	1.025008	0.248908	0.042167	-0.002121	-0.466175	0.883684	
 1687527521.493347	1687527521.475561	25.118654	-16.998868	-0.943301	0.287239	0.288076	0.240907	-0.035059	-0.089155	0.965127	0.463350	1.193131	0.246752	0.047594	-0.005165	-0.464211	0.884430	
 1687527521.897004	1687527521.878915	25.118620	-17.033328	-0.939112	0.291807	0.292300	0.243206	-0.043101	-0.088532	0.972872	0.447112	1.408813	0.249713	0.049173	-0.001651	-0.467755	0.882488	
 1687527522.303819	1687527522.282571	25.107158	-17.053435	-0.952805	0.290589	0.290735	0.242955	-0.056079	-0.089171	0.966061	0.549269	1.463014	0.249668	0.052465	0.004110	-0.464928	0.883783	
 1687527522.710316	1687527522.632962	25.095870	-17.094390	-0.982856	0.300321	0.300288	0.246365	-0.036596	-0.082466	0.972014	0.708247	1.428147	0.253424	0.044981	-0.003087	-0.467291	0.882953	
 1687527523.115578	1687527523.037033	25.086135	-17.133418	-0.972195	0.295929	0.295854	0.244378	-0.035830	-0.084496	0.968895	0.470212	1.300561	0.251394	0.045705	-0.003828	-0.465899	0.883649	
 1687527523.520127	1687527523.487692	25.081802	-17.156109	-0.955073	0.295014	0.294824	0.244626	-0.038604	-0.090839	0.964969	0.457288	1.319502	0.251744	0.049159	-0.003983	-0.464193	0.884360	
 1687527523.924841	1687527523.891354	25.075929	-17.177381	-0.957092	0.298480	0.298287	0.246092	-0.038113	-0.085434	0.967886	0.471097	1.380920	0.253345	0.046651	-0.003014	-0.465484	0.883821	
 1687527524.332067	1687527524.293446	25.070338	-17.189687	-0.971641	0.298284	0.297994	0.245796	-0.039783	-0.089755	0.965428	0.463365	1.252441	0.252998	0.048952	-0.003221	-0.464416	0.884257	
 1687527524.737318	1687527524.697384	25.069219	-17.205686	-0.988708	0.299776	0.299440	0.246269	-0.037550	-0.088740	0.972331	0.439339	1.139406	0.253518	0.047972	-0.004139	-0.467433	0.882716	
 1687527525.142439	1687527525.103205	25.056817	-17.217371	-0.993307	0.300288	0.299818	0.246728	-0.048348	-0.089424	0.972443	0.394456	0.976369	0.253760	0.050790	0.000469	-0.467641	0.882458	
 1687527525.549543	1687527525.509388	25.044244	-17.225112	-0.996672	0.298045	0.297467	0.245950	-0.046102	-0.089763	0.975471	0.448933	0.888448	0.252877	0.050415	-0.000679	-0.468944	0.881788	
 1687527525.953967	1687527525.914062	25.020910	-17.227967	-1.002496	0.299279	0.298801	0.246202	-0.036169	-0.078608	0.972812	0.426955	0.867137	0.253156	0.043178	-0.002391	-0.467642	0.882859	
 1687527526.359796	1687527526.318526	25.060894	-17.057146	-0.996711	0.298233	0.297704	0.245970	-0.035811	-0.084567	0.984806	0.369702	0.760348	0.252782	0.045700	-0.004217	-0.472913	0.879913	
 1687527526.763398	1687527526.724499	25.077690	-16.957526	-1.014816	0.299967	0.299748	0.252728	-0.030702	-0.070239	0.962975	0.284561	0.427004	0.252085	0.038221	-0.002662	-0.463235	0.885407	
 1687527527.170488	1687527527.128289	24.993382	-17.136056	-1.023315	0.308643	0.302744	0.311084	-0.029878	-0.089980	0.946267	0.277027	0.390108	0.250657	0.046830	-0.007208	-0.455764	0.888839	
 1687527527.577585	1687527527.533021	24.915658	-17.248457	-1.015712	0.315778	0.304554	0.360121	-0.029540	-0.101537	0.947102	0.271359	0.529211	0.247982	0.051884	-0.010013	-0.456079	0.888369	
 1687527527.882734	1687527527.835273	24.841473	-17.323411	-1.026807	0.246491	0.245666	0.264729	-0.042769	-0.106675	0.965000	0.240644	0.637331	0.220125	0.057122	-0.005816	-0.464239	0.883847	
 1687527528.288735	1687527528.240842	24.866064	-17.312310	-1.022233	0.290090	0.289847	0.252954	-0.036216	-0.106850	0.966084	0.330852	0.929111	0.246298	0.055680	-0.008786	-0.464593	0.883728	
 1687527528.692069	1687527528.645160	24.932106	-17.281310	-1.008214	0.307151	0.300079	0.280885	-0.036814	-0.087722	0.959559	0.332847	1.002142	0.251402	0.047378	-0.003924	-0.461778	0.885721	
 1687527529.003790	1687527528.984139	24.920520	-17.246306	-1.002780	0.236874	0.236212	0.214812	-0.030514	-0.090181	0.864656	0.345487	0.952243	0.215841	0.047309	-0.005045	-0.419136	0.906676	
 1687527529.407327	1687527529.391349	24.964997	-17.014721	-0.985280	0.297887	0.297160	0.245247	-0.015228	-0.088832	0.950640	0.324108	0.889685	0.249449	0.042959	-0.013555	-0.457459	0.888089	
 1687527529.815424	1687527529.796755	24.956557	-16.907060	-0.982532	0.290099	0.288971	0.243154	-0.021196	-0.082202	0.988393	0.256198	0.710827	0.247678	0.041194	-0.010167	-0.474280	0.879351	
 1687527530.221027	1687527530.200291	24.853472	-16.957398	-0.992978	0.319183	0.315158	0.292613	-0.027738	-0.070583	0.936686	0.274329	0.699883	0.251903	0.037738	-0.003559	-0.451521	0.891455	
 1687527530.625173	1687527530.603492	24.704191	-17.027611	-0.996083	0.325189	0.308420	0.303328	-0.031769	-0.084393	0.878173	0.289119	0.611706	0.248143	0.044924	-0.003567	-0.425287	0.903936	
 1687527531.028708	1687527531.006528	24.675981	-17.035970	-0.993521	0.310940	0.303074	0.293129	-0.026928	-0.097950	0.894370	0.299868	0.818383	0.248803	0.049953	-0.009043	-0.432466	0.900220	
 1687527531.431545	1687527531.411410	24.592609	-16.970200	-0.982947	0.298435	0.306593	0.312534	-0.009778	-0.077228	0.933684	0.275204	1.038987	0.250040	0.036672	-0.013012	-0.449896	0.892233	
 1687527531.837982	1687527531.815317	24.732140	-17.169859	-0.962944	0.298247	0.300200	0.268103	-0.033718	-0.070622	0.923145	0.250713	0.824018	0.250262	0.039108	-0.000636	-0.445549	0.894403	
 1687527532.244058	1687527532.222205	24.741785	-17.225311	-0.941255	0.299855	0.296905	0.246581	-0.060806	-0.089158	0.890813	0.367625	0.929114	0.250959	0.053281	0.008215	-0.431420	0.900539	
 1687527532.649609	1687527532.629075	24.764608	-17.302221	-0.955808	0.299593	0.299078	0.246991	-0.042828	-0.094416	0.945729	0.633941	1.142051	0.250574	0.051744	-0.002446	-0.455726	0.888611	
 1687527533.058378	1687527533.032341	24.767100	-17.393163	-0.981154	0.298585	0.298688	0.245991	-0.032096	-0.079768	0.964349	0.437192	1.387429	0.251798	0.042758	-0.004281	-0.463846	0.884873	
 1687527533.465870	1687527533.439138	24.754184	-17.456188	-0.978370	0.301574	0.301371	0.246952	-0.026958	-0.072269	0.941134	0.382351	1.306149	0.252736	0.038304	-0.004372	-0.453489	0.890428	
 1687527533.870512	1687527533.844838	24.710634	-17.461487	-0.962163	0.297080	0.296762	0.246078	-0.048600	-0.107475	0.933634	0.349866	1.167621	0.252293	0.058870	-0.002499	-0.450429	0.890866	
 1687527534.177235	1687527534.147966	24.707276	-17.460393	-0.989231	0.239431	0.239527	0.215108	-0.030409	-0.102806	0.981201	0.427906	1.401316	0.220599	0.052469	-0.010812	-0.471168	0.880415	
 1687527534.580305	1687527534.550163	24.675762	-17.478884	-0.999241	0.297589	0.297500	0.244800	-0.039811	-0.089188	0.956342	0.331493	1.464710	0.251268	0.048721	-0.002855	-0.460396	0.886371	
 1687527534.986904	1687527534.954802	24.647366	-17.501371	-0.981752	0.294596	0.294053	0.243956	-0.043802	-0.089569	0.939079	0.436682	1.323453	0.250533	0.049814	-0.000742	-0.452788	0.890225	
 1687527535.391358	1687527535.358752	24.635277	-17.498964	-0.976233	0.293534	0.292972	0.244563	-0.030112	-0.110746	0.971284	0.474817	1.281061	0.251427	0.055956	-0.012537	-0.466745	0.882531	
 1687527535.801542	1687527535.763942	24.628808	-17.495501	-1.003850	0.296748	0.296599	0.245821	-0.042762	-0.103749	0.969728	0.339954	1.732899	0.252804	0.055816	-0.005272	-0.466335	0.882830	
 1687527536.206035	1687527536.170611	24.582686	-17.493753	-1.031229	0.300891	0.300558	0.246354	-0.022709	-0.088644	0.954749	0.443482	1.493798	0.253442	0.044563	-0.010281	-0.459415	0.887044	
 1687527536.609062	1687527536.575140	24.556953	-17.497230	-1.014640	0.295957	0.295481	0.244679	-0.034355	-0.110222	0.965341	0.308515	1.344561	0.251648	0.056743	-0.010371	-0.464211	0.883844	
 1687527536.912483	1687527536.878839	24.562234	-17.496558	-1.011922	0.239066	0.238860	0.214705	-0.032060	-0.115221	0.990841	0.324359	1.435011	0.220504	0.058257	-0.013291	-0.475364	0.877758	
 1687527537.316774	1687527537.281311	24.536214	-17.507914	-1.027206	0.292507	0.292026	0.243357	-0.036073	-0.107836	0.961532	0.334994	1.498703	0.250290	0.056103	-0.008951	-0.462573	0.884759	
 1687527537.719746	1687527537.685857	24.514636	-17.526065	-1.042050	0.294961	0.294315	0.243797	-0.030309	-0.101429	0.983149	0.369725	1.405328	0.250698	0.051829	-0.010583	-0.472031	0.879994	
 1687527538.128388	1687527538.093624	24.485779	-17.549741	-1.025968	0.301005	0.300214	0.246685	-0.033486	-0.120726	0.950090	0.336883	1.281929	0.253796	0.061283	-0.012727	-0.457379	0.887066	
 1687527538.533715	1687527538.499811	24.472155	-17.553976	-1.014765	0.297161	0.296532	0.245679	-0.035532	-0.122261	0.955907	0.345015	1.541489	0.252776	0.062394	-0.012351	-0.459995	0.885640	
 1687527538.940188	1687527538.903765	24.441116	-17.557596	-1.017614	0.296099	0.295469	0.245337	-0.040161	-0.110900	0.960002	0.347368	1.431083	0.252612	0.058407	-0.007805	-0.461965	0.884939	
 1687527539.343830	1687527539.306961	24.405274	-17.572141	-1.041640	0.296364	0.295704	0.244965	-0.027254	-0.113956	0.958478	0.387799	1.309348	0.252132	0.056800	-0.014184	-0.461002	0.885466	
 1687527539.750845	1687527539.710781	24.398655	-17.604899	-1.056228	0.298383	0.297669	0.245583	-0.029371	-0.128120	0.960282	0.313955	1.400973	0.252844	0.063541	-0.016568	-0.461741	0.884581	
 1687527540.155265	1687527540.115169	24.389859	-17.619886	-1.049081	0.298968	0.298145	0.246458	-0.041541	-0.119286	0.960031	0.284337	0.860001	0.253344	0.062434	-0.009132	-0.461970	0.884648	
 1687527540.559440	1687527540.520470	24.359977	-17.647957	-1.052304	0.297893	0.296893	0.246161	-0.031104	-0.106239	0.962575	0.326028	0.827603	0.252635	0.054246	-0.010810	-0.462944	0.884660	
 1687527540.962538	1687527540.922560	24.340421	-17.669322	-1.055348	0.298755	0.297753	0.246242	-0.025692	-0.117696	0.957749	0.301714	0.800762	0.252902	0.058103	-0.015717	-0.460616	0.885557	
 1687527541.367246	1687527541.326063	24.338567	-17.673175	-1.054828	0.296957	0.295952	0.245568	-0.037619	-0.114653	0.975697	0.279706	0.807469	0.252108	0.059404	-0.010264	-0.468825	0.881231	
 1687527541.773385	1687527541.745055	24.313986	-17.685495	-1.051203	0.295262	0.293949	0.244842	-0.044536	-0.099165	0.967640	0.321257	0.840759	0.251092	0.054207	-0.003362	-0.465454	0.883404	
 1687527542.076325	1687527542.049035	24.291948	-17.709960	-1.054207	0.240605	0.239833	0.215091	-0.036229	-0.097304	0.970107	0.318034	0.660357	0.220598	0.051452	-0.006666	-0.466407	0.883047	
 1687527542.479583	1687527542.453308	24.276019	-17.734431	-1.063185	0.291451	0.290261	0.242788	-0.028383	-0.097619	0.968108	0.328681	0.762974	0.249035	0.049777	-0.010158	-0.465383	0.883650	
 1687527542.884693	1687527542.856856	24.252560	-17.755822	-1.066632	0.297409	0.296238	0.245437	-0.036205	-0.089515	0.974703	0.302428	0.782852	0.251709	0.047995	-0.004971	-0.468457	0.882167	
 1687527543.289183	1687527543.261388	24.230813	-17.764870	-1.050890	0.298632	0.297190	0.246053	-0.038075	-0.088514	0.985038	0.347472	0.768316	0.252429	0.047970	-0.004159	-0.473040	0.879724	
 1687527543.694598	1687527543.664590	24.203181	-17.769841	-1.033962	0.289578	0.288305	0.242774	-0.038366	-0.088037	0.987397	0.355570	0.758260	0.249217	0.047824	-0.003975	-0.474083	0.879171	
 1687527544.098758	1687527544.069290	24.170993	-17.775502	-1.036104	0.290765	0.289651	0.243010	-0.029619	-0.076108	0.976895	0.342777	0.675677	0.249551	0.040536	-0.004783	-0.469362	0.882062	
 1687527544.504050	1687527544.472502	24.149343	-17.778022	-1.037454	0.301780	0.300644	0.247538	-0.029707	-0.071923	0.972020	0.316656	0.610603	0.254064	0.038720	-0.003668	-0.467220	0.883285	
 1687527544.908810	1687527544.875975	24.129537	-17.774973	-1.025230	0.297396	0.296468	0.246030	-0.035853	-0.077485	0.978935	0.311101	0.547489	0.252696	0.042601	-0.002399	-0.470340	0.881453	
 1687527545.212615	1687527545.179243	24.123907	-17.776349	-1.020077	0.240252	0.239867	0.215044	-0.031092	-0.078268	0.980236	0.295677	0.515828	0.221006	0.041826	-0.004710	-0.470849	0.881209	
 1687527545.620910	1687527545.584753	24.102681	-17.783136	-1.017914	0.291335	0.290573	0.242555	-0.035996	-0.074635	0.979300	0.304241	0.535256	0.249120	0.041378	-0.001673	-0.470506	0.881425	
 1687527546.024013	1687527545.995023	24.071952	-17.790789	-1.005620	0.298649	0.297573	0.245988	-0.052421	-0.062731	0.975283	0.331918	0.534843	0.252566	0.039969	0.008453	-0.468879	0.882317	
 1687527546.429854	1687527546.400786	24.037879	-17.798510	-0.994713	0.288356	0.287374	0.241515	-0.038286	-0.070035	0.973811	0.411258	0.456242	0.248056	0.039887	0.000529	-0.468113	0.882768	
 1687527546.836001	1687527546.803797	24.027726	-17.810927	-0.971980	0.296037	0.295467	0.244787	-0.034660	-0.068229	0.979419	0.344438	0.511225	0.251851	0.038241	-0.000757	-0.470547	0.881546	
 1687527547.238967	1687527547.207240	24.023335	-17.815968	-0.959025	0.299228	0.298640	0.246939	-0.045926	-0.066415	0.979193	0.338519	0.523799	0.254020	0.040085	0.004643	-0.470560	0.881445	
 1687527547.642081	1687527547.613518	24.009919	-17.822747	-0.967614	0.292280	0.291627	0.243559	-0.035485	-0.050928	0.983217	0.369402	0.462381	0.250460	0.030814	0.003618	-0.472215	0.880937	
 1687527547.949943	1687527547.916913	23.992920	-17.828536	-0.959902	0.239600	0.239193	0.214179	-0.038610	-0.044110	0.977441	0.290918	0.344642	0.219950	0.028529	0.006688	-0.469671	0.882355	
 1687527548.355504	1687527548.321304	23.978150	-17.835977	-0.937016	0.292120	0.291326	0.242974	-0.047343	-0.061076	0.975572	0.331508	0.343779	0.249595	0.038052	0.006593	-0.468960	0.882375	
 1687527548.759255	1687527548.726397	23.966889	-17.840250	-0.938125	0.293362	0.293044	0.243708	-0.038528	-0.046612	0.994479	0.374488	0.427179	0.250705	0.029664	0.005812	-0.477178	0.878287	
 1687527549.168808	1687527549.134496	23.961066	-17.912789	-0.936530	0.297471	0.297335	0.245420	-0.026326	-0.048101	0.985953	0.328491	0.347326	0.252269	0.027410	0.000212	-0.473351	0.880447	
 1687527549.575503	1687527549.540134	23.973292	-17.980195	-0.911958	0.294253	0.294111	0.244220	-0.036012	-0.066788	0.960033	0.286670	0.347429	0.251147	0.037920	0.000545	-0.461995	0.886071	
 1687527549.984427	1687527549.943974	23.971895	-18.006768	-0.894295	0.298964	0.298743	0.246333	-0.053108	-0.048871	0.968097	0.323522	0.443483	0.253318	0.033971	0.012127	-0.465638	0.884240	
 1687527550.388699	1687527550.346745	23.964100	-18.069877	-0.885038	0.301683	0.301176	0.247426	-0.038318	-0.039671	0.965371	0.362899	0.336847	0.254280	0.026456	0.007761	-0.464320	0.885238	
 1687527550.792288	1687527550.749841	23.963816	-18.097308	-0.877687	0.294690	0.294257	0.245009	-0.051294	-0.062759	0.968187	0.322845	0.318405	0.251823	0.039689	0.008089	-0.465736	0.883996	
 1687527551.195361	1687527551.155354	23.976382	-18.154249	-0.892505	0.299640	0.299472	0.246176	-0.037561	-0.055883	0.982455	0.371804	0.403744	0.253231	0.033485	0.003376	-0.471904	0.881007	
 1687527551.598977	1687527551.566924	23.975044	-18.214488	-0.878426	0.296762	0.296579	0.244898	-0.053332	-0.049665	0.974622	0.323929	0.381626	0.251886	0.034413	0.011930	-0.468526	0.882699	
 1687527552.006159	1687527551.971330	23.970478	-18.247260	-0.861858	0.292982	0.292651	0.243775	-0.035025	-0.052495	0.984100	0.394786	0.362705	0.250664	0.031398	0.003032	-0.472604	0.880710	
 1687527552.409215	1687527552.374983	23.961614	-18.285157	-0.860763	0.297163	0.297193	0.245712	-0.032368	-0.049896	0.991717	0.301982	0.341318	0.252601	0.029635	0.002363	-0.475931	0.878980	
 1687527552.817100	1687527552.778678	23.939402	-18.296583	-0.861563	0.298092	0.297928	0.245756	-0.060100	-0.049937	0.963928	0.301806	0.345903	0.252755	0.036034	0.015048	-0.463831	0.885062	
 1687527553.220195	1687527553.183052	23.934300	-18.300708	-0.866544	0.297902	0.297736	0.245035	-0.038727	-0.045037	0.972260	0.417156	0.357138	0.252292	0.028948	0.006597	-0.467387	0.883554	
 1687527553.624549	1687527553.586812	23.945841	-18.308382	-0.853333	0.297635	0.297563	0.245640	-0.042096	-0.075423	0.990965	0.328445	0.339452	0.252689	0.043161	0.000580	-0.475711	0.878542	
 1687527554.032938	1687527553.990657	23.928988	-18.294275	-0.861965	0.293668	0.293744	0.244162	-0.052422	-0.061945	0.990893	0.336872	0.457746	0.251467	0.039688	0.008328	-0.475747	0.878647	
 1687527554.439002	1687527554.393970	23.904622	-18.330691	-0.871896	0.286054	0.285831	0.239981	-0.051513	-0.038722	0.964060	0.349518	0.365186	0.246799	0.029085	0.013843	-0.463780	0.885365	
 1687527554.842235	1687527554.803823	23.863647	-18.284800	-0.872264	0.294650	0.294468	0.244015	-0.022912	-0.069716	0.969570	0.365164	0.310872	0.251157	0.036169	-0.006110	-0.466058	0.883994	
 1687527555.245497	1687527555.208279	23.861990	-18.256395	-0.877966	0.294991	0.295151	0.244881	-0.049226	-0.073891	0.989841	0.283644	0.445553	0.251873	0.044176	0.004104	-0.475294	0.878708	
 1687527555.654618	1687527555.612042	23.811544	-18.187731	-0.880192	0.293828	0.293706	0.243158	-0.050804	-0.056785	0.974506	0.359906	0.442356	0.250173	0.036964	0.009147	-0.468498	0.882644	
 1687527556.060017	1687527556.018525	23.791353	-18.172780	-0.857679	0.301324	0.300949	0.246970	-0.041619	-0.076612	0.962407	0.383629	0.391487	0.254042	0.043564	0.000710	-0.463113	0.885228	
 1687527556.464632	1687527556.424699	23.786558	-18.156220	-0.852045	0.295819	0.295672	0.245615	-0.049484	-0.099781	0.963724	0.351527	0.502155	0.252759	0.055628	-0.001209	-0.463805	0.884188	
 1687527556.869048	1687527556.829981	23.801489	-18.177528	-0.888746	0.294352	0.294313	0.244439	0.012794	-0.089311	1.046132	0.353986	0.549271	0.251348	0.035479	-0.027836	-0.498783	0.865553	
 1687527557.277092	1687527557.237458	23.788970	-18.225346	-0.877397	0.298499	0.300004	0.246542	-0.001375	-0.057259	1.010070	0.250585	0.506404	0.252355	0.025384	-0.013249	-0.483657	0.874789	
 1687527557.681486	1687527557.649712	23.787421	-18.275027	-0.830446	0.290868	0.291057	0.243076	-0.032217	-0.089927	0.942224	0.247358	0.351766	0.249343	0.047350	-0.006060	-0.454005	0.889720	
 1687527558.087234	1687527558.058515	23.809868	-18.291845	-0.823515	0.293801	0.293642	0.244823	-0.032481	-0.090653	0.988895	0.301207	0.499231	0.251684	0.047578	-0.007219	-0.474643	0.878862	
 1687527558.490728	1687527558.461637	23.801758	-18.324190	-0.838369	0.299003	0.299081	0.246299	-0.016988	-0.051934	1.020150	0.300900	0.484924	0.253237	0.026804	-0.005266	-0.488253	0.872275	
 1687527558.899184	1687527558.864619	23.799078	-18.396104	-0.826576	0.290232	0.289778	0.242041	0.000114	-0.064679	0.981203	0.260037	0.322737	0.248163	0.028493	-0.015284	-0.470909	0.881589	
 1687527559.308478	1687527559.269494	23.799963	-18.414337	-0.780905	0.301231	0.300799	0.247153	-0.050203	-0.087492	0.938909	0.251919	0.376674	0.253893	0.050332	0.002584	-0.452803	0.890185	
 1687527559.712263	1687527559.675061	23.802389	-18.420010	-0.772633	0.297046	0.296732	0.246505	-0.057482	-0.093115	0.959696	0.355190	0.481137	0.253379	0.054519	0.003988	-0.462140	0.885121	
 1687527560.118496	1687527560.079035	23.779250	-18.450450	-0.783253	0.297685	0.297582	0.245045	0.017821	-0.037386	0.998682	0.384542	0.511388	0.252298	0.012143	-0.016771	-0.478598	0.877790	
 1687527560.522954	1687527560.482292	23.771886	-18.467167	-0.738643	0.297423	0.297530	0.246540	-0.061964	-0.093190	0.987180	0.257811	0.292115	0.252140	0.055660	0.005192	-0.474320	0.878576	
 1687527560.930979	1687527560.887721	23.767089	-18.456370	-0.709377	0.298463	0.298903	0.247233	-0.020037	-0.107880	0.997989	0.411960	0.521129	0.253778	0.052125	-0.017015	-0.478297	0.876485	
 1687527561.336248	1687527561.294897	23.753436	-18.433423	-0.693175	0.297979	0.298072	0.246344	-0.069291	-0.097552	0.991288	0.277951	0.576201	0.253306	0.059318	0.007259	-0.476233	0.877286	
 1687527561.741580	1687527561.699357	23.732666	-18.436473	-0.708529	0.296605	0.296701	0.245872	-0.036116	-0.103173	0.962081	0.438214	0.530187	0.252660	0.054049	-0.007868	-0.462836	0.884759	
 1687527562.149225	1687527562.102452	23.721454	-18.438880	-0.705500	0.300080	0.300164	0.246412	-0.023859	-0.074780	0.987597	0.295026	0.449799	0.253332	0.038564	-0.007220	-0.474002	0.879650	
 1687527562.553349	1687527562.511546	23.721482	-18.440485	-0.677239	0.298683	0.298341	0.246348	-0.015259	-0.072916	0.982243	0.277676	0.390276	0.252850	0.035736	-0.010467	-0.471533	0.881062	
 1687527562.960633	1687527562.915304	23.726559	-18.411269	-0.650743	0.295704	0.295177	0.245882	-0.062336	-0.104011	0.980153	0.265504	0.396590	0.252510	0.060490	0.003002	-0.471258	0.879914	
 1687527563.365676	1687527563.327498	23.729575	-18.412325	-0.674077	0.291711	0.291269	0.243424	-0.032499	-0.045669	1.021122	0.368202	0.480904	0.250010	0.027856	0.003017	-0.488798	0.871947	
 1687527563.775106	1687527563.732991	23.708528	-18.466905	-0.684693	0.301566	0.300451	0.247561	-0.014341	-0.047004	0.958903	0.294766	0.312530	0.253005	0.024156	-0.004480	-0.461303	0.886902	
 1687527564.179870	1687527564.136282	23.717600	-18.506783	-0.656901	0.294496	0.293508	0.245277	-0.059890	-0.078422	0.939469	0.260338	0.309838	0.251339	0.048481	0.008941	-0.453145	0.890072	
 1687527564.584701	1687527564.540745	23.739206	-18.535172	-0.675489	0.296880	0.296198	0.246240	-0.037988	-0.054461	0.955698	0.383828	0.429830	0.252878	0.032904	0.004341	-0.460076	0.887259	
 1687527564.989553	1687527564.945350	23.737416	-18.568562	-0.692451	0.300640	0.300156	0.246593	-0.029652	-0.060714	0.955360	0.321989	0.360098	0.253137	0.033764	-0.000792	-0.459857	0.887350	
 1687527565.396932	1687527565.348277	23.736918	-18.600930	-0.677245	0.299510	0.299206	0.246254	-0.024552	-0.051118	0.975261	0.294238	0.369255	0.253083	0.028326	-0.001132	-0.468623	0.882944	
 1687527565.801336	1687527565.753533	23.735238	-18.613536	-0.659250	0.294296	0.293883	0.244569	-0.035953	-0.060642	0.975711	0.280653	0.335744	0.251398	0.035197	0.001663	-0.468923	0.882536	
 1687527566.209931	1687527566.156379	23.742144	-18.613466	-0.667342	0.298489	0.298177	0.246228	-0.042376	-0.071794	0.988178	0.316950	0.382207	0.253441	0.041631	0.001625	-0.474487	0.879276	
 1687527566.614146	1687527566.560130	23.743541	-18.625974	-0.683739	0.300891	0.300700	0.246507	-0.034598	-0.070674	0.971955	0.340691	0.429843	0.253907	0.039309	-0.001213	-0.467252	0.883249	
 1687527567.017868	1687527566.962379	23.734802	-18.645666	-0.665119	0.297222	0.296768	0.245017	-0.065325	-0.053113	0.983366	0.321716	0.445873	0.252217	0.038808	0.016248	-0.472457	0.880349	
 1687527567.422859	1687527567.365894	23.725366	-18.646524	-0.659984	0.297373	0.296660	0.245976	-0.034456	-0.070583	0.975293	0.438308	0.363103	0.252970	0.039233	-0.001320	-0.468724	0.882472	
 1687527567.827662	1687527567.769100	23.727800	-18.647868	-0.669298	0.297210	0.297135	0.245646	-0.030034	-0.064796	0.977049	0.319347	0.440183	0.252904	0.035644	-0.001948	-0.469454	0.882235	
 1687527568.233034	1687527568.171563	23.751143	-18.652334	-0.695550	0.297859	0.297817	0.245440	-0.034084	-0.095965	1.017716	0.306497	0.417946	0.252731	0.050173	-0.008499	-0.487263	0.871771	
 1687527568.638781	1687527568.579999	23.724508	-18.671076	-0.684691	0.299321	0.299405	0.245378	-0.050111	-0.060171	0.990742	0.314754	0.536830	0.252743	0.038361	0.007736	-0.475657	0.878760	
 1687527569.044773	1687527569.005660	23.688757	-18.685939	-0.654197	0.300198	0.299752	0.247334	-0.057508	-0.087408	0.959731	0.373367	0.389358	0.254420	0.052000	0.005317	-0.462143	0.885264	
 1687527569.448942	1687527569.409670	23.700322	-18.664598	-0.648112	0.295326	0.295180	0.246008	-0.058871	-0.099096	1.001214	0.388357	0.482999	0.253194	0.057540	0.002027	-0.480440	0.875135	
 1687527569.852096	1687527569.814765	23.698060	-18.668396	-0.681764	0.300311	0.300313	0.246286	-0.029580	-0.053838	0.986865	0.402857	0.546011	0.253355	0.030705	0.000273	-0.473779	0.880108	
 1687527570.155623	1687527570.117376	23.672216	-18.688171	-0.675867	0.238754	0.238601	0.213776	-0.044541	-0.047152	0.979098	0.263236	0.317898	0.219375	0.031268	0.008565	-0.470444	0.881834	
 1687527570.560960	1687527570.522384	23.666825	-18.678517	-0.685785	0.293943	0.293281	0.243789	-0.017996	-0.104892	0.972458	0.348726	0.340287	0.250599	0.050543	-0.016551	-0.467051	0.882630	
 1687527570.966802	1687527570.926106	23.685403	-18.660340	-0.689531	0.297650	0.297517	0.245975	-0.058361	-0.091154	0.993597	0.280514	0.604784	0.252930	0.053928	0.003917	-0.477085	0.877193	
 1687527571.273242	1687527571.229246	23.707999	-18.649375	-0.718159	0.238565	0.238382	0.214028	-0.027876	-0.094764	1.017546	0.354822	0.450692	0.219761	0.048143	-0.010910	-0.487089	0.871956	
 1687527571.677172	1687527571.632133	23.695102	-18.726609	-0.719870	0.298745	0.298865	0.245128	-0.056142	-0.034335	0.974608	0.297342	0.508445	0.251667	0.028303	0.016762	-0.468418	0.882895	
 1687527572.084242	1687527572.036795	23.683092	-18.761840	-0.701204	0.295691	0.294091	0.245801	-0.062421	-0.081758	0.950602	0.391921	0.302614	0.251566	0.050588	0.009031	-0.458135	0.887396	
 1687527572.488241	1687527572.440328	23.715607	-18.780590	-0.728791	0.297908	0.297329	0.246315	-0.018157	-0.080420	0.992300	0.437279	0.496284	0.253068	0.039669	-0.011159	-0.475960	0.878501	
 1687527572.891626	1687527572.844719	23.726513	-18.833225	-0.738503	0.293981	0.294349	0.244993	-0.028240	-0.054969	1.003679	0.276430	0.466364	0.250822	0.030879	-0.000844	-0.481150	0.876094	
 1687527573.198635	1687527573.146709	23.719756	-18.847669	-0.732635	0.241408	0.241273	0.216171	-0.037648	-0.085794	0.985161	0.266164	0.329069	0.220992	0.046672	-0.003706	-0.473094	0.879767	
 1687527573.607050	1687527573.550550	23.714000	-18.857442	-0.729057	0.293507	0.293201	0.244016	-0.049372	-0.088692	0.978868	0.327993	0.487520	0.250480	0.050708	0.000929	-0.470487	0.880948	
 1687527574.015649	1687527573.965658	23.705756	-18.873409	-0.763035	0.294869	0.294811	0.243862	0.001800	-0.069056	1.001773	0.378691	0.521115	0.250923	0.029849	-0.017366	-0.479890	0.876649	
 1687527574.422455	1687527574.374823	23.707366	-18.915479	-0.744376	0.300922	0.301281	0.247122	-0.034375	-0.076347	0.979571	0.252960	0.419113	0.253591	0.041752	-0.002796	-0.470603	0.881352	
 1687527574.827995	1687527574.782742	23.717593	-18.959387	-0.740293	0.293574	0.293310	0.244309	-0.037090	-0.090200	0.963613	0.326479	0.476372	0.251195	0.048529	-0.004472	-0.463571	0.884718	
 1687527575.236557	1687527575.185146	23.717160	-18.976162	-0.738849	0.298612	0.298349	0.245649	-0.033389	-0.075992	0.970963	0.347276	0.580738	0.252849	0.041377	-0.002969	-0.466793	0.883393	
 1687527575.542002	1687527575.486005	23.717631	-18.983978	-0.721835	0.242181	0.242059	0.216345	-0.041758	-0.088267	0.972676	0.294235	0.446791	0.222324	0.048744	-0.002178	-0.467649	0.882566	
 1687527575.949677	1687527575.910738	23.723700	-19.015537	-0.727037	0.288636	0.288404	0.241798	-0.027413	-0.096418	0.975184	0.344433	0.513737	0.248692	0.048984	-0.010480	-0.468495	0.882045	
 1687527576.357848	1687527576.312865	23.712038	-19.054541	-0.717924	0.296606	0.296430	0.244028	-0.050525	-0.047621	0.972998	0.305786	0.583184	0.250895	0.032846	0.011195	-0.467784	0.883161	
 1687527576.760921	1687527576.715771	23.711248	-19.076540	-0.698810	0.293475	0.292642	0.244024	-0.028322	-0.122848	0.980389	0.398606	0.362707	0.250580	0.060806	-0.016428	-0.470629	0.880080	
 1687527577.165962	1687527577.118587	23.734294	-19.093737	-0.703652	0.294228	0.294102	0.245102	-0.040478	-0.106525	0.971262	0.309943	0.725074	0.252066	0.056505	-0.006972	-0.466962	0.882443	
 1687527577.571897	1687527577.522056	23.711409	-19.118533	-0.712761	0.298485	0.297986	0.245438	-0.052989	-0.047962	0.988717	0.355121	0.661877	0.252431	0.033666	0.011940	-0.474724	0.879410	
 1687527577.983421	1687527577.927444	23.708540	-19.114228	-0.688476	0.300925	0.299176	0.247729	-0.062364	-0.111582	0.973564	0.422585	0.372715	0.253782	0.063822	0.001441	-0.468366	0.881225	
 1687527578.288357	1687527578.229234	23.721055	-19.103822	-0.697234	0.239061	0.238670	0.214431	-0.011011	-0.086589	1.004311	0.398088	0.601992	0.220325	0.040585	-0.016010	-0.481066	0.875598	
 1687527578.692466	1687527578.631734	23.707515	-19.108182	-0.717192	0.284672	0.285214	0.240497	-0.032655	-0.054723	1.022508	0.261516	0.523427	0.246069	0.031842	0.000850	-0.489412	0.871471	
 1687527579.004203	1687527578.933823	23.692326	-19.126208	-0.726104	0.241817	0.241619	0.215847	0.000595	-0.084249	0.973959	0.286729	0.343708	0.221250	0.037078	-0.019970	-0.467533	0.882972	
 1687527579.311215	1687527579.236607	23.692783	-19.126899	-0.719203	0.239130	0.239114	0.214468	-0.003884	-0.099178	0.953578	0.221490	0.443778	0.220076	0.044930	-0.021025	-0.458449	0.887335	
 1687527579.718670	1687527579.639132	23.687436	-19.121066	-0.727445	0.294794	0.294792	0.244145	-0.036242	-0.080348	0.969542	0.258072	0.586582	0.250840	0.043967	-0.002694	-0.466197	0.883584	
 1687527580.123705	1687527580.041999	23.659724	-19.131380	-0.733284	0.297003	0.296336	0.245236	-0.029705	-0.059202	0.979935	0.324616	0.468876	0.251803	0.033098	-0.000828	-0.470727	0.881657	
 1687527580.529097	1687527580.468149	23.646974	-19.147295	-0.735623	0.298770	0.297962	0.246016	-0.014383	-0.089137	0.973987	0.310628	0.398497	0.252759	0.042735	-0.014500	-0.467777	0.882694	
 1687527580.935920	1687527580.871457	23.657289	-19.132037	-0.721782	0.295701	0.295257	0.245180	-0.037612	-0.097820	0.970458	0.270807	0.492991	0.252189	0.052000	-0.006185	-0.466584	0.882925	
 1687527581.341112	1687527581.274708	23.644240	-19.133139	-0.734258	0.297468	0.297020	0.245822	-0.024045	-0.072280	0.962557	0.332305	0.556654	0.252794	0.037587	-0.006075	-0.462962	0.885560	
 1687527581.747684	1687527581.677711	23.627572	-19.141477	-0.741862	0.301318	0.300624	0.247159	-0.029772	-0.065068	0.975521	0.299142	0.473909	0.253793	0.035704	-0.002100	-0.468777	0.882592	
 1687527582.151523	1687527582.081970	23.618410	-19.151531	-0.730360	0.296973	0.296269	0.244931	-0.016419	-0.074604	0.970152	0.317906	0.449756	0.251941	0.036815	-0.010131	-0.466206	0.883852	
 1687527582.555351	1687527582.484806	23.625881	-19.140368	-0.716559	0.296766	0.296224	0.245675	-0.033950	-0.091371	0.966361	0.281893	0.523125	0.252889	0.048314	-0.006200	-0.464733	0.884110	
 1687527582.958883	1687527582.888401	23.586891	-19.097340	-0.725662	0.300185	0.299650	0.246711	-0.040518	-0.065123	0.971633	0.348391	0.651113	0.254018	0.038237	0.002706	-0.467171	0.883336	
 1687527583.362821	1687527583.290342	23.519840	-19.024975	-0.734007	0.295417	0.294627	0.244482	-0.008485	-0.046727	0.968862	0.367086	0.467047	0.251203	0.022648	-0.007126	-0.465661	0.884644	
 1687527583.772983	1687527583.693222	23.504587	-18.974215	-0.716391	0.292118	0.291450	0.243228	-0.015977	-0.080253	0.998374	0.258446	0.372062	0.249955	0.039040	-0.012195	-0.478593	0.877084	
 1687527584.179573	1687527584.095400	23.471453	-18.851925	-0.711126	0.300012	0.299648	0.246970	-0.053262	-0.095762	0.974817	0.276759	0.508845	0.253291	0.054730	0.001092	-0.468761	0.881627	
 1687527584.588031	1687527584.499705	23.402508	-18.768868	-0.717224	0.294725	0.294207	0.244317	-0.025295	-0.031371	0.934077	0.406408	0.597713	0.250798	0.019697	0.004230	-0.450330	0.892635	
 1687527584.992574	1687527584.902076	23.380616	-18.733729	-0.714009	0.302001	0.300852	0.248070	-0.033251	-0.092235	0.962155	0.298870	0.309643	0.253781	0.048547	-0.006608	-0.462858	0.885077	
 1687527585.397300	1687527585.303264	23.355643	-18.629276	-0.732426	0.283754	0.283529	0.239486	-0.013233	-0.073338	0.992818	0.322575	0.595692	0.245758	0.035384	-0.011646	-0.476154	0.878573	
 1687527585.804228	1687527585.806316	23.322476	-18.571978	-0.711444	0.295973	0.295646	0.245649	-0.056332	-0.054793	0.976551	0.269810	0.491358	0.251643	0.037388	0.012017	-0.469423	0.882100	
 1687527586.208736	1687527586.209562	23.307885	-18.533425	-0.713917	0.301186	0.301009	0.247518	0.005204	-0.080689	0.934324	0.422730	0.390440	0.253718	0.034841	-0.020486	-0.449892	0.892168	
 1687527586.614432	1687527586.612794	23.346412	-18.523418	-0.707568	0.291693	0.291962	0.243924	-0.027605	-0.088075	0.990565	0.248576	0.495743	0.250507	0.045283	-0.008790	-0.475309	0.878609	
 1687527587.018713	1687527587.014858	23.338781	-18.536100	-0.734279	0.289471	0.289413	0.241710	-0.020626	-0.072745	0.944531	0.303424	0.554752	0.248605	0.037070	-0.007364	-0.454914	0.889733	
 1687527587.425882	1687527587.416643	23.344826	-18.534024	-0.727674	0.295044	0.294619	0.243684	-0.063172	-0.084936	0.979439	0.282371	0.465282	0.250499	0.052288	0.007884	-0.470903	0.880599	
 1687527587.830665	1687527587.819883	23.351316	-18.549880	-0.708535	0.293273	0.292917	0.244287	-0.033426	-0.080806	0.992066	0.457708	0.538929	0.251207	0.043466	-0.004535	-0.476079	0.878316	
 1687527588.236976	1687527588.224146	23.347097	-18.565038	-0.718947	0.296397	0.295969	0.245366	-0.035156	-0.094682	0.944785	0.332838	0.544653	0.252619	0.050123	-0.005895	-0.455179	0.888969	
 1687527588.643231	1687527588.626314	23.358315	-18.557715	-0.740401	0.294301	0.294008	0.244173	-0.007792	-0.067994	1.034135	0.334497	0.616883	0.251565	0.031472	-0.013417	-0.494159	0.868698	
 1687527589.050789	1687527589.029406	23.337858	-18.582492	-0.751431	0.299811	0.300814	0.247179	-0.010644	-0.014043	1.052205	0.260462	0.466884	0.253254	0.008744	0.001076	-0.502180	0.864719	
 1687527589.454872	1687527589.431802	23.326180	-18.641572	-0.717665	0.293259	0.291929	0.245227	-0.021514	-0.096822	0.966698	0.254451	0.254471	0.250665	0.047839	-0.012975	-0.464637	0.884113	
 1687527589.858830	1687527589.834852	23.351154	-18.633718	-0.720592	0.296170	0.295691	0.246123	-0.055730	-0.083297	0.966056	0.285415	0.555482	0.252757	0.049788	0.005322	-0.464907	0.883942	
 1687527590.265386	1687527590.238489	23.343650	-18.651639	-0.763623	0.300156	0.299792	0.245398	0.009237	-0.046087	0.988062	0.409969	0.512233	0.252464	0.018097	-0.014991	-0.473954	0.880236	
 1687527590.672446	1687527590.641162	23.333700	-18.689434	-0.716825	0.300899	0.300836	0.246957	-0.024172	-0.065590	0.969821	0.251151	0.325809	0.252912	0.034637	-0.004596	-0.466195	0.883992	
 1687527591.076712	1687527591.043077	23.312850	-18.665776	-0.700064	0.296067	0.295588	0.246938	-0.044042	-0.086121	0.956065	0.292721	0.423510	0.253862	0.048332	-0.000266	-0.460337	0.886428	
 1687527591.483609	1687527591.446459	23.300288	-18.640903	-0.750019	0.289054	0.288860	0.242110	-0.020290	-0.056904	0.986406	0.355639	0.522363	0.249172	0.029857	-0.004536	-0.473488	0.880282	
 1687527591.887716	1687527591.849525	23.284495	-18.628794	-0.755001	0.300416	0.300378	0.245356	-0.006431	-0.047105	1.002679	0.276444	0.363700	0.252126	0.022197	-0.008499	-0.480531	0.876655	
 1687527592.291415	1687527592.253604	23.281876	-18.627675	-0.700316	0.297772	0.297449	0.246732	-0.014717	-0.084926	0.954890	0.256685	0.334290	0.253711	0.041080	-0.012976	-0.459362	0.887204	
 1687527592.701878	1687527592.656878	23.275864	-18.581863	-0.702568	0.289430	0.289275	0.243325	-0.034520	-0.075852	0.967562	0.268315	0.480223	0.250452	0.041583	-0.002366	-0.465305	0.884170	
 1687527593.105833	1687527593.059013	23.248544	-18.565879	-0.719741	0.302622	0.302326	0.246485	-0.016485	-0.051556	0.979034	0.321725	0.462860	0.253662	0.026622	-0.004847	-0.470215	0.882137	
 1687527593.510737	1687527593.462920	23.227805	-18.583311	-0.686662	0.300570	0.300069	0.246113	-0.023603	-0.057158	0.980929	0.272969	0.363748	0.253050	0.030761	-0.003053	-0.471108	0.881534	
 1687527593.914883	1687527593.866973	23.221455	-18.566276	-0.658426	0.297060	0.296722	0.246069	-0.012873	-0.094065	0.963530	0.290602	0.388572	0.253377	0.044642	-0.016086	-0.463090	0.885040	
 1687527594.322029	1687527594.270313	23.233664	-18.544755	-0.676727	0.297274	0.297097	0.245685	-0.051933	-0.073254	0.975203	0.270477	0.569660	0.252969	0.044496	0.005772	-0.468876	0.882124	
 1687527594.729067	1687527594.674085	23.222382	-18.568872	-0.692758	0.302852	0.302202	0.246995	-0.032009	-0.040436	0.951644	0.410652	0.488640	0.253857	0.025298	0.004964	-0.458205	0.888473	
 1687527595.132943	1687527595.076533	23.232690	-18.581588	-0.661384	0.298602	0.297525	0.246404	-0.043145	-0.058847	0.953322	0.316210	0.332709	0.253141	0.036027	0.005663	-0.459074	0.887649	
 1687527595.537300	1687527595.479473	23.260979	-18.580993	-0.667850	0.294402	0.293820	0.245091	-0.030893	-0.064658	0.976144	0.360648	0.408282	0.252288	0.035785	-0.001520	-0.469064	0.882438	
 1687527595.943252	1687527595.882919	23.289624	-18.586769	-0.690227	0.289182	0.288852	0.241545	-0.033428	-0.050462	0.978976	0.304925	0.410781	0.248531	0.030119	0.002886	-0.470331	0.881971	
 1687527596.349354	1687527596.285578	23.299731	-18.599192	-0.687741	0.299657	0.299092	0.246335	-0.029828	-0.049061	0.997353	0.318379	0.362669	0.253246	0.028669	0.001364	-0.478388	0.877679	
 1687527596.755474	1687527596.687362	23.288737	-18.617666	-0.684970	0.297889	0.297399	0.245480	-0.013501	-0.067451	0.933380	0.308264	0.358941	0.252734	0.033148	-0.009146	-0.449870	0.892432	
 1687527597.159624	1687527597.090141	23.291695	-18.614540	-0.658235	0.297975	0.297798	0.245285	-0.061781	-0.068001	0.931203	0.267751	0.428530	0.252447	0.044219	0.012327	-0.449425	0.892138	
 1687527597.564235	1687527597.492546	23.305232	-18.617810	-0.687781	0.294426	0.294193	0.243753	-0.017392	-0.067506	0.989568	0.441794	0.447617	0.251135	0.033825	-0.008375	-0.474811	0.879398	
 1687527597.971025	1687527597.905719	23.303856	-18.656862	-0.676241	0.300477	0.300657	0.245914	-0.007878	-0.045320	0.978458	0.278918	0.454939	0.253158	0.021851	-0.007172	-0.469900	0.882420	
 1687527598.377146	1687527598.308122	23.394219	-18.063435	-0.629693	0.299096	0.298656	0.246614	-0.055434	-0.097332	0.976285	0.257000	0.320877	0.253758	0.055930	0.001642	-0.469442	0.881189	
 1687527598.791007	1687527598.712410	23.481562	-17.434503	-0.673522	0.334262	0.295685	0.244050	-0.051329	-0.054291	0.974913	0.387601	0.541180	0.250813	0.035988	0.009956	-0.468669	0.882585	
 1687527599.197919	1687527599.115775	23.600240	-16.297779	-0.684848	0.334904	0.308979	0.249441	-0.063927	-0.040521	0.961017	0.370608	0.361464	0.250927	0.032725	0.018974	-0.462474	0.885826	
 1687527599.604556	1687527599.520346	23.661247	-15.169621	-0.705983	0.458277	0.317395	0.247359	-0.017768	-0.091475	0.942091	0.439858	0.327720	0.250371	0.044768	-0.012840	-0.453688	0.889943	
 1687527600.010415	1687527599.924999	23.708528	-14.550900	-0.665473	0.466017	0.319444	0.247240	-0.052556	-0.055704	0.958796	0.280355	0.558972	0.249402	0.036815	0.010464	-0.461556	0.886285	
 1687527600.417241	1687527600.327875	23.799437	-13.378830	-0.681232	0.335689	0.310548	0.251120	-0.019754	-0.074346	0.978658	0.341163	0.335427	0.248728	0.037441	-0.008756	-0.470010	0.881823	
 1687527600.821277	1687527600.730704	23.860752	-12.280345	-0.657531	0.489354	0.316379	0.241861	-0.060795	-0.033584	0.983418	0.267731	0.404066	0.244536	0.029142	0.018864	-0.472298	0.880755	
 1687527601.230941	1687527601.234288	23.892350	-11.764103	-0.666444	0.462796	0.309501	0.246103	-0.022409	-0.068284	0.976016	0.405427	0.297577	0.247833	0.035399	-0.006113	-0.468902	0.882519	
 1687527601.637668	1687527601.636087	23.987227	-10.718407	-0.655761	0.321783	0.300824	0.246929	-0.037405	-0.069936	0.987599	0.280549	0.409125	0.248558	0.039638	-0.000111	-0.474178	0.879536	
 1687527602.044403	1687527602.039025	24.003977	-10.206253	-0.690496	0.450927	0.312398	0.246418	-0.059845	-0.041873	0.977348	0.330713	0.441572	0.249499	0.032518	0.016587	-0.469696	0.882073	
 1687527602.450808	1687527602.441339	24.052453	-9.239268	-0.702104	0.321300	0.304877	0.247528	-0.035867	-0.088084	0.954785	0.416247	0.327811	0.249203	0.047330	-0.004314	-0.459647	0.886829	
 1687527602.854504	1687527602.846305	24.139943	-8.321154	-0.711459	0.421133	0.304811	0.244163	-0.050179	-0.073168	0.966149	0.326142	0.543798	0.247302	0.044026	0.005217	-0.464860	0.884274	
 1687527603.257637	1687527603.250355	24.157556	-7.878417	-0.738374	0.402870	0.309631	0.245385	-0.044071	-0.068743	0.957306	0.392407	0.480412	0.247796	0.040638	0.003722	-0.460872	0.886528	
 1687527603.661116	1687527603.656229	24.217470	-7.025460	-0.729821	0.307282	0.296501	0.243935	-0.030745	-0.072778	0.962660	0.341536	0.418981	0.244568	0.039355	-0.003225	-0.463093	0.885430	
 1687527604.065997	1687527604.059983	24.286331	-6.179491	-0.710807	0.392748	0.304050	0.245403	-0.028399	-0.061190	0.969449	0.308724	0.461275	0.248933	0.033677	-0.001695	-0.466084	0.884098	
 1687527604.469541	1687527604.468401	24.316741	-5.771907	-0.741793	0.389525	0.294837	0.240416	0.000777	-0.069280	0.952976	0.294527	0.398300	0.242623	0.030597	-0.016230	-0.458374	0.888084	
 1687527604.876692	1687527604.871220	24.366551	-4.990879	-0.738412	0.303831	0.296564	0.243937	-0.031744	-0.057269	0.955791	0.247956	0.422595	0.245424	0.032716	0.000921	-0.460069	0.887280	
 1687527605.279729	1687527605.273657	24.374345	-4.605494	-0.701854	0.372054	0.305135	0.246711	-0.062286	-0.023204	0.972753	0.313466	0.394793	0.250240	0.024805	0.022105	-0.467487	0.883375	
 1687527605.683346	1687527605.675297	24.429163	-3.852721	-0.691118	0.298911	0.293105	0.244868	-0.012956	-0.085144	0.985442	0.419466	0.275336	0.245762	0.040557	-0.014429	-0.472829	0.880102	
 1687527606.088099	1687527606.077883	24.583833	-3.472701	-0.708947	0.368059	0.301584	0.243230	-0.029049	-0.048302	0.987742	0.263866	0.520899	0.246493	0.028144	0.001338	-0.474158	0.879989	
 1687527606.491510	1687527606.480851	24.646405	-3.303323	-0.706164	0.306590	0.301640	0.245834	-0.009650	-0.091069	0.963679	0.303794	0.357791	0.247960	0.042569	-0.016823	-0.463119	0.885113	
 1687527606.895001	1687527606.884387	24.833984	-2.907754	-0.689667	0.290642	0.289800	0.243836	-0.085040	-0.070041	1.016572	0.258565	0.535006	0.245891	0.051234	0.020086	-0.487243	0.871531	
 1687527607.299300	1687527607.290079	24.883526	-2.739388	-0.729552	0.307218	0.299665	0.247025	-0.022986	-0.076094	0.974323	0.544808	0.425336	0.250602	0.038987	-0.007657	-0.468136	0.882763	
 1687527607.706768	1687527607.694048	25.024457	-2.420679	-0.737118	0.297588	0.297390	0.245168	-0.056984	-0.071736	1.019751	0.289140	0.485244	0.248403	0.045182	0.007353	-0.488448	0.871391	
 1687527608.112881	1687527608.097373	25.141538	-2.079179	-0.699290	0.307243	0.301433	0.248506	-0.091534	-0.076570	1.010279	0.433985	0.473373	0.253327	0.055584	0.021504	-0.484601	0.872703	
 1687527608.520047	1687527608.500544	25.228392	-1.901072	-0.738222	0.299812	0.292352	0.244214	0.012623	-0.103320	0.991181	0.643545	0.491468	0.247680	0.042426	-0.030100	-0.474621	0.878652	
 1687527608.926338	1687527608.904717	25.313747	-1.964004	-0.750778	0.299326	0.299992	0.248795	-0.024376	-0.068366	1.027301	0.251443	0.634101	0.249806	0.035749	-0.006183	-0.491399	0.870179	
 1687527609.332070	1687527609.308628	25.308638	-2.382022	-0.737279	0.298287	0.298123	0.246931	-0.048452	-0.063819	0.986628	0.294705	0.447785	0.251376	0.039557	0.006221	-0.473848	0.879696	
 1687527609.735967	1687527609.713043	25.319632	-2.577266	-0.733051	0.306655	0.298617	0.246572	-0.045418	-0.096536	0.960789	0.386351	0.429823	0.252143	0.053258	-0.002178	-0.462443	0.885045	
 1687527610.143183	1687527610.115885	25.327376	-2.990776	-0.738855	0.300111	0.300914	0.248389	-0.016085	-0.072071	1.004354	0.351487	0.541492	0.249567	0.035447	-0.010296	-0.481261	0.875800	
 1687527610.548455	1687527610.520183	25.332295	-3.205338	-0.715988	0.311740	0.304932	0.249221	-0.044962	-0.055848	0.984641	0.272560	0.427828	0.252715	0.035219	0.006608	-0.472921	0.880376	
 1687527610.954544	1687527610.925417	25.326042	-3.576086	-0.696182	0.287440	0.286161	0.242630	-0.066611	-0.092733	0.982640	0.341348	0.358752	0.244776	0.056538	0.007474	-0.472382	0.879547	
 1687527611.258875	1687527611.232337	25.341901	-3.744272	-0.703061	0.261648	0.242239	0.216000	-0.063791	-0.105865	0.965673	0.393731	0.468725	0.219530	0.061621	0.003652	-0.464902	0.883208	
 1687527611.665088	1687527611.637585	25.366132	-4.095311	-0.720535	0.294924	0.295335	0.244891	-0.024747	-0.084122	0.984452	0.421051	0.577648	0.246652	0.042896	-0.008976	-0.472593	0.880190	
 1687527612.070736	1687527612.042212	25.366416	-4.431531	-0.713994	0.304611	0.298331	0.246598	-0.050832	-0.058315	0.994594	0.295026	0.508076	0.250539	0.037732	0.008423	-0.477346	0.877864	
 1687527612.474568	1687527612.446371	25.354775	-4.602130	-0.714935	0.304454	0.297756	0.247368	-0.041773	-0.076633	1.002282	0.404889	0.410542	0.249950	0.043615	-0.000096	-0.480671	0.875816	
 1687527612.879564	1687527612.851980	25.367453	-4.918454	-0.712787	0.297610	0.297591	0.247079	-0.043583	-0.064152	0.952770	0.352815	0.476042	0.249561	0.038480	0.004650	-0.458846	0.887670	
 1687527613.289016	1687527613.255716	25.372847	-5.063932	-0.718543	0.297092	0.293113	0.244375	-0.031080	-0.105004	0.956333	0.368149	0.439880	0.249235	0.053727	-0.010368	-0.460187	0.886134	
 1687527613.693215	1687527613.663183	25.371855	-5.361986	-0.712810	0.300801	0.301488	0.248084	-0.031384	-0.035501	0.992042	0.319581	0.641829	0.251271	0.023075	0.005352	-0.476041	0.879104	
 1687527614.098512	1687527614.065492	25.376859	-5.640896	-0.706957	0.302807	0.298820	0.247603	-0.027842	-0.059698	0.983767	0.311528	0.312030	0.251553	0.032875	-0.001829	-0.472397	0.880771	
 1687527614.505056	1687527614.470041	25.392074	-5.766475	-0.695243	0.297730	0.295203	0.245725	-0.048584	-0.085578	0.960540	0.307142	0.416150	0.249183	0.049137	0.001764	-0.462381	0.885317	
 1687527614.908361	1687527614.874677	25.398095	-6.019925	-0.707367	0.291769	0.291812	0.244111	-0.056065	-0.069751	0.993462	0.385275	0.543087	0.247940	0.043991	0.008016	-0.476937	0.877800	
 1687527615.315407	1687527615.298020	25.396088	-6.284081	-0.712320	0.304454	0.302025	0.246734	-0.004910	-0.070789	0.999324	0.443328	0.482779	0.252506	0.032236	-0.014801	-0.478904	0.877151	
 1687527615.718411	1687527615.701854	25.412616	-6.407012	-0.687461	0.300604	0.300104	0.247194	-0.034906	-0.057556	0.939684	0.257518	0.475771	0.250796	0.033550	0.002529	-0.452937	0.890908	
 1687527616.121617	1687527616.106950	25.418059	-6.622292	-0.679772	0.293946	0.294236	0.246102	-0.045731	-0.084743	0.990772	0.315089	0.376532	0.249420	0.048116	-0.000034	-0.475672	0.878306	
 1687527616.526688	1687527616.511325	25.371975	-6.866991	-0.677874	0.297724	0.296450	0.245589	-0.049414	-0.042959	1.002292	0.364508	0.510540	0.251222	0.030697	0.011346	-0.480639	0.876308	
 1687527616.931633	1687527616.915010	25.288545	-7.358381	-0.694335	0.302457	0.299242	0.248494	-0.050403	-0.069361	0.967515	0.374660	0.331181	0.250972	0.042398	0.006172	-0.465455	0.884034	
 1687527617.336291	1687527617.324222	25.254258	-7.807740	-0.700621	0.317697	0.298959	0.246029	-0.052746	-0.078708	0.940059	0.386230	0.444641	0.250432	0.046999	0.005679	-0.453330	0.890085	
 1687527617.740870	1687527617.727543	25.232216	-8.051617	-0.714027	0.314644	0.299738	0.246474	-0.024918	-0.072184	0.978410	0.408566	0.513237	0.249525	0.037700	-0.005965	-0.469978	0.881852	
 1687527618.143924	1687527618.147534	25.158546	-8.512696	-0.712424	0.301555	0.300355	0.247614	-0.028534	-0.064495	0.980070	0.293497	0.448451	0.249095	0.035156	-0.002593	-0.470770	0.881551	
 1687527618.552010	1687527618.550153	25.132374	-8.728301	-0.687791	0.305608	0.292088	0.243810	-0.046896	-0.087192	0.953682	0.303008	0.420115	0.247963	0.049461	0.000813	-0.459320	0.886892	
 1687527618.956673	1687527618.956830	25.067250	-9.132508	-0.704854	0.292567	0.292442	0.244998	-0.040813	-0.102965	0.978466	0.354359	0.496266	0.246373	0.054990	-0.006191	-0.470155	0.880847	
 1687527619.361949	1687527619.360105	25.006862	-9.523296	-0.699297	0.308719	0.297462	0.244847	-0.047233	-0.067186	0.975635	0.341482	0.593447	0.249606	0.040722	0.005111	-0.469005	0.882242	
 1687527619.769557	1687527619.764171	24.956958	-9.719489	-0.705299	0.303631	0.291469	0.243492	-0.050403	-0.072165	0.965236	0.375148	0.439481	0.246286	0.043631	0.005569	-0.464456	0.884503	
 1687527620.173749	1687527620.167554	24.897142	-10.097789	-0.723840	0.297432	0.296598	0.245541	-0.003066	-0.099033	0.951573	0.395118	0.473064	0.248555	0.044700	-0.021310	-0.457543	0.887807	
 1687527620.477666	1687527620.469450	24.866061	-10.289145	-0.717065	0.265550	0.242036	0.214788	-0.011502	-0.062689	0.941924	0.224094	0.545302	0.217880	0.030535	-0.009097	-0.453674	0.890598	
 1687527620.883791	1687527620.874343	24.809260	-10.664204	-0.698217	0.291313	0.290397	0.243730	-0.051603	-0.077670	0.956961	0.258851	0.389386	0.244399	0.046323	0.005014	-0.460820	0.886270	
 1687527621.286810	1687527621.277907	24.789694	-10.853280	-0.687093	0.304246	0.297208	0.246027	-0.054712	-0.104038	0.961537	0.387158	0.478847	0.250454	0.058716	0.000182	-0.462923	0.884451	
 1687527621.691873	1687527621.680742	24.765914	-11.209715	-0.698675	0.295983	0.295614	0.246096	-0.027757	-0.087712	0.967519	0.383396	0.573729	0.248440	0.045256	-0.008116	-0.465157	0.884033	
 1687527622.097909	1687527622.083334	24.741207	-11.549647	-0.709742	0.307452	0.300756	0.247388	-0.043025	-0.080142	0.962838	0.303145	0.528912	0.251801	0.045451	0.000505	-0.463322	0.885023	
 1687527622.504779	1687527622.486868	24.706713	-11.735590	-0.709030	0.304515	0.297346	0.246063	-0.038367	-0.077585	0.984034	0.361460	0.513367	0.249229	0.043231	-0.001424	-0.472618	0.880205	
 1687527622.909103	1687527622.891297	24.677283	-12.086846	-0.706307	0.300011	0.298867	0.247851	-0.049069	-0.091767	0.962541	0.341861	0.492676	0.250630	0.051989	0.000497	-0.463277	0.884687	
 1687527623.313769	1687527623.297446	24.650234	-12.430429	-0.721890	0.304129	0.297882	0.246360	-0.048446	-0.085983	0.954491	0.386605	0.576107	0.251301	0.049280	0.001759	-0.459700	0.886704	
 1687527623.720139	1687527623.701233	24.624942	-12.616401	-0.721797	0.305481	0.298974	0.246597	-0.046321	-0.059538	0.958348	0.387071	0.552116	0.249341	0.037078	0.006822	-0.461330	0.886427	
 1687527624.124621	1687527624.105654	24.588454	-12.966669	-0.719091	0.302087	0.300934	0.249951	-0.048920	-0.086356	0.957838	0.358153	0.389973	0.250177	0.049557	0.001800	-0.461190	0.885915	
 1687527624.427424	1687527624.409201	24.583855	-13.123910	-0.691055	0.255719	0.239176	0.214768	-0.066370	-0.074052	0.929631	0.330447	0.463221	0.218029	0.047935	0.013054	-0.448802	0.892249	
 1687527624.834912	1687527624.811798	24.549799	-13.430499	-0.707955	0.296297	0.295275	0.245403	-0.020268	-0.082327	0.994409	0.457360	0.468717	0.247500	0.040997	-0.010728	-0.476908	0.877931	
 1687527625.243177	1687527625.216195	24.538275	-13.583326	-0.693832	0.304949	0.300948	0.247024	-0.035251	-0.066591	0.986628	0.288574	0.543699	0.251770	0.037657	-0.000247	-0.473728	0.879866	
 1687527625.651406	1687527625.622433	24.505713	-13.872728	-0.684328	0.298404	0.298552	0.248574	-0.030826	-0.081111	0.986692	0.325717	0.428477	0.250495	0.042998	-0.005635	-0.473680	0.879628	
 1687527626.065009	1687527626.026173	24.484455	-14.156084	-0.686706	0.304813	0.301938	0.247345	-0.007020	-0.060286	0.973359	0.316890	0.516921	0.252304	0.028280	-0.010995	-0.467572	0.883434	
 1687527626.469950	1687527626.375220	24.481909	-14.277799	-0.663464	0.306660	0.303781	0.249012	-0.070943	-0.099952	0.933675	0.260947	0.423127	0.252488	0.060523	0.009161	-0.450802	0.890523	
 1687527626.876611	1687527626.880010	24.449699	-14.517492	-0.657777	0.289981	0.289742	0.243556	-0.053929	-0.102042	0.994952	0.494363	0.627711	0.247414	0.057651	-0.000666	-0.477623	0.876671	
 1687527627.285020	1687527627.284154	24.431992	-14.635033	-0.671806	0.301775	0.299513	0.246957	-0.051940	-0.102155	0.993305	0.432935	0.688093	0.252667	0.057228	-0.001519	-0.476869	0.877108	
 1687527627.689438	1687527627.688177	24.401011	-14.873772	-0.686598	0.299690	0.299931	0.247221	-0.030127	-0.062921	0.964584	0.405373	0.643940	0.251230	0.034847	-0.001249	-0.463949	0.885175	
 1687527628.103855	1687527628.093468	24.407095	-15.188774	-0.695735	0.301929	0.300347	0.247232	-0.021218	-0.083366	0.941272	0.318922	0.446189	0.252385	0.041945	-0.009448	-0.453428	0.890255	
 1687527628.409398	1687527628.395746	24.391724	-15.290397	-0.700244	0.258716	0.246603	0.219135	-0.039122	-0.091556	0.952389	0.260777	0.514229	0.222206	0.049620	-0.003608	-0.458628	0.887235	
 1687527628.815480	1687527628.800418	24.336088	-15.530561	-0.722928	0.297962	0.297466	0.246786	-0.046997	-0.058797	0.996122	0.340353	0.561830	0.248550	0.037036	0.006594	-0.477992	0.877558	
 1687527629.219453	1687527629.203090	24.309735	-15.677201	-0.730398	0.299856	0.297084	0.245623	-0.030893	-0.074121	0.949095	0.386455	0.416481	0.250633	0.040007	-0.003199	-0.457077	0.888521	
 1687527629.622986	1687527629.609958	24.295924	-15.910779	-0.721417	0.291851	0.291790	0.244884	-0.029775	-0.099040	0.928294	0.305993	0.455305	0.247760	0.050914	-0.008861	-0.447721	0.892679	
 1687527630.028178	1687527630.013221	24.280314	-16.017378	-0.706824	0.297723	0.297108	0.246158	-0.065596	-0.068395	0.958668	0.313902	0.625865	0.251629	0.045436	0.013319	-0.461666	0.885790	
 1687527630.431828	1687527630.417265	24.255678	-16.270405	-0.720646	0.297974	0.297100	0.246762	-0.049026	-0.078769	0.970415	0.473105	0.457005	0.251076	0.046242	0.003306	-0.466744	0.883176	
 1687527630.839607	1687527630.818449	24.281473	-16.536405	-0.725182	0.299529	0.297100	0.244895	-0.002115	-0.083863	0.963891	0.394816	0.524243	0.250590	0.037634	-0.018493	-0.463135	0.885295	
 1687527631.243550	1687527631.220473	24.308070	-16.662262	-0.702106	0.302930	0.302459	0.248469	-0.041138	-0.075863	0.952969	0.256534	0.566719	0.252152	0.043118	0.000874	-0.458924	0.887428	
 1687527631.649240	1687527631.623644	24.299132	-16.912228	-0.707662	0.296302	0.296973	0.247821	-0.053204	-0.075457	0.986097	0.337617	0.456891	0.250036	0.045796	0.005567	-0.473693	0.879481	
 1687527632.054874	1687527632.027236	24.282268	-17.023753	-0.714520	0.297258	0.294286	0.243904	-0.016667	-0.082831	0.976707	0.399807	0.477605	0.249297	0.040469	-0.012072	-0.469058	0.882157	
 1687527632.460519	1687527632.431667	24.258296	-17.218968	-0.692892	0.298737	0.298898	0.246557	-0.042657	-0.089506	0.945830	0.277447	0.531118	0.250669	0.049523	-0.001406	-0.455773	0.888716	
 1687527632.864779	1687527632.833956	24.220907	-17.391153	-0.699103	0.299557	0.299003	0.247204	-0.033861	-0.098231	0.980128	0.358564	0.566580	0.252935	0.051270	-0.008186	-0.470781	0.880721	
 1687527633.268415	1687527633.237804	24.198350	-17.473986	-0.725025	0.297436	0.297110	0.245376	-0.025599	-0.073395	0.993592	0.329314	0.632608	0.250493	0.038348	-0.006241	-0.476664	0.878226	
 1687527633.672950	1687527633.643161	24.161933	-17.641791	-0.722118	0.294997	0.294541	0.244789	-0.046182	-0.077703	0.961630	0.295594	0.469195	0.249401	0.045099	0.002496	-0.462825	0.885298	
 1687527634.076355	1687527634.044995	24.115190	-17.778247	-0.714819	0.297296	0.296385	0.245750	-0.033282	-0.076173	0.950663	0.379821	0.516222	0.251806	0.041461	-0.002638	-0.457802	0.888083	
 1687527634.382287	1687527634.349005	24.090984	-17.840014	-0.719106	0.240528	0.239576	0.215880	-0.029270	-0.062737	0.981423	0.286801	0.449863	0.218829	0.034552	-0.001877	-0.471376	0.881253	
 1687527634.786451	1687527634.752911	24.061537	-17.899262	-0.715034	0.296773	0.295775	0.245291	-0.063058	-0.077637	0.961287	0.305293	0.415034	0.249582	0.048959	0.009996	-0.462857	0.885024	
 1687527635.201101	1687527635.159825	24.008952	-17.984616	-0.716254	0.292681	0.291935	0.244519	-0.077154	-0.081352	0.967143	0.439295	0.480481	0.250510	0.053892	0.015224	-0.465602	0.883220	
 1687527635.604830	1687527635.561770	23.968774	-18.072930	-0.755309	0.303575	0.303325	0.247467	0.018847	-0.078491	0.990144	0.539445	0.522497	0.254333	0.030050	-0.026925	-0.474383	0.879393	
 1687527636.010805	1687527635.966789	23.933943	-18.130845	-0.718438	0.292213	0.293549	0.244168	-0.028581	-0.035177	0.968143	0.254770	0.507129	0.249021	0.022215	0.004462	-0.465490	0.884763	
 1687527636.416612	1687527636.372235	23.885335	-18.198605	-0.676460	0.298538	0.297414	0.247495	-0.059492	-0.118930	0.954053	0.293113	0.300219	0.252569	0.066404	-0.000900	-0.459696	0.885590	
 1687527636.824531	1687527636.775476	23.857360	-18.236676	-0.668989	0.291208	0.291390	0.244653	-0.085068	-0.097384	0.945641	0.402413	0.661378	0.250984	0.062635	0.015666	-0.456291	0.887485	
 1687527637.238309	1687527637.178879	23.840308	-18.267996	-0.725366	0.296672	0.296765	0.244998	0.011179	-0.093059	0.968115	0.554903	0.582252	0.251716	0.038570	-0.026588	-0.464633	0.884263	
 1687527637.549745	1687527637.482388	23.818385	-18.298855	-0.731839	0.245803	0.246557	0.219499	-0.039968	-0.063897	0.963592	0.222796	0.510775	0.223992	0.037556	0.002900	-0.463608	0.885239	
 1687527637.953718	1687527637.941730	23.778096	-18.340370	-0.722973	0.294793	0.294094	0.244943	-0.064450	-0.103764	0.945186	0.332332	0.403130	0.250588	0.060797	0.005056	-0.455836	0.887971	
 1687527638.356927	1687527638.345073	23.757936	-18.350810	-0.738774	0.296020	0.295901	0.245144	-0.023364	-0.090248	1.043860	0.436952	0.605781	0.251838	0.044918	-0.012372	-0.498469	0.865654	
 1687527638.763341	1687527638.751090	23.728587	-18.372498	-0.724779	0.295180	0.295789	0.245281	-0.032746	-0.053042	1.050365	0.293844	0.574881	0.250997	0.031147	0.000867	-0.501503	0.864594	
 1687527639.166669	1687527639.155228	23.660013	-18.427797	-0.705762	0.294779	0.293972	0.245657	-0.037652	-0.099237	0.956887	0.319851	0.376718	0.251534	0.052677	-0.006140	-0.460579	0.886033	
 1687527639.570513	1687527639.560542	23.622207	-18.434867	-0.711049	0.296536	0.296269	0.245515	-0.043776	-0.086985	0.983808	0.341521	0.627946	0.252231	0.048642	-0.001257	-0.472584	0.879941	
 1687527639.975842	1687527639.967527	23.598233	-18.456606	-0.716351	0.291843	0.291675	0.242521	-0.017089	-0.056696	0.986461	0.373789	0.578502	0.249324	0.029009	-0.005897	-0.473480	0.880307	
 1687527640.379619	1687527640.372214	23.571138	-18.464848	-0.685387	0.299393	0.298730	0.246971	-0.034395	-0.087552	0.968294	0.276533	0.399555	0.253339	0.046723	-0.005160	-0.465605	0.883743	
 1687527640.784373	1687527640.776253	23.543979	-18.464232	-0.673175	0.295805	0.294991	0.245716	-0.067135	-0.033591	0.952421	0.333914	0.575098	0.252223	0.030300	0.022128	-0.458593	0.887854	
 1687527641.188569	1687527641.178763	23.502212	-18.466679	-0.691875	0.292804	0.290874	0.244534	-0.029339	-0.062307	0.968713	0.488370	0.315167	0.250001	0.034390	-0.001527	-0.465767	0.884237	
 1687527641.491362	1687527641.480091	23.497187	-18.464783	-0.701630	0.243683	0.243331	0.216934	-0.018257	-0.055973	0.988793	0.279306	0.393346	0.222189	0.028961	-0.005245	-0.474520	0.879753	
 1687527641.897396	1687527641.883975	23.452398	-18.477671	-0.668583	0.289453	0.289283	0.242040	-0.055840	-0.054107	0.974913	0.270972	0.372522	0.248317	0.036961	0.011991	-0.468694	0.882506	
 1687527642.302914	1687527642.290103	23.442446	-18.477792	-0.687671	0.293856	0.293556	0.244656	-0.018592	-0.081344	0.981488	0.420964	0.387819	0.251483	0.040238	-0.010970	-0.471206	0.881037	
 1687527642.708038	1687527642.694452	23.389727	-18.458984	-0.681942	0.298234	0.298351	0.245718	-0.059448	-0.069212	0.963197	0.282869	0.530806	0.252678	0.044408	0.010304	-0.463626	0.884858	
 1687527643.117958	1687527643.101293	23.332204	-18.444433	-0.687020	0.293017	0.292631	0.244683	-0.052705	-0.059646	0.941964	0.412033	0.428754	0.250685	0.038514	0.009944	-0.454102	0.890061	
 1687527643.426176	1687527643.404469	23.314140	-18.433099	-0.697041	0.242838	0.242833	0.217451	-0.017601	-0.066246	0.984597	0.354406	0.363633	0.222517	0.033340	-0.007901	-0.472632	0.880593	
 1687527643.831601	1687527643.808374	23.280197	-18.409489	-0.703013	0.295192	0.295318	0.244374	-0.031030	-0.082614	0.984478	0.274245	0.424495	0.250978	0.043714	-0.005853	-0.472705	0.880116	
 1687527644.236841	1687527644.212697	23.255313	-18.403295	-0.703592	0.294253	0.294325	0.243548	-0.029023	-0.071900	0.977374	0.314777	0.522139	0.250599	0.038540	-0.004068	-0.469575	0.882042	
 1687527644.641410	1687527644.617399	23.196902	-18.382116	-0.672267	0.297641	0.297488	0.245576	-0.038336	-0.070979	0.974521	0.308986	0.467753	0.252562	0.040315	0.000315	-0.468427	0.882582	
 1687527645.047900	1687527645.020880	23.165791	-18.367494	-0.673581	0.295706	0.295644	0.245485	-0.014102	-0.084005	0.976410	0.345120	0.471081	0.252619	0.040388	-0.013473	-0.468877	0.882237	
 1687527645.451468	1687527645.428190	23.130946	-18.331279	-0.684724	0.296090	0.296187	0.244301	-0.024459	-0.075249	0.976816	0.270682	0.526520	0.251427	0.038950	-0.006857	-0.469260	0.882174	
 1687527645.857921	1687527645.834752	23.104178	-18.285034	-0.663423	0.302274	0.302093	0.247265	-0.037130	-0.079884	0.989199	0.299870	0.500284	0.254625	0.043945	-0.002625	-0.474872	0.878953	
 1687527646.261437	1687527646.239313	23.102027	-18.249412	-0.649514	0.295685	0.295352	0.245849	-0.030999	-0.078273	0.992134	0.345517	0.531303	0.252963	0.041778	-0.005001	-0.476082	0.878394	
 1687527646.665096	1687527646.643512	23.054649	-18.225552	-0.678737	0.293125	0.292837	0.243945	-0.010107	-0.047782	0.961920	0.317636	0.511597	0.250792	0.023516	-0.006573	-0.462600	0.886231	
 1687527647.069297	1687527647.047249	23.012812	-18.192609	-0.685314	0.298083	0.297427	0.245443	-0.040848	-0.078043	0.974722	0.260804	0.363201	0.251942	0.044019	-0.000234	-0.468545	0.882342	
 1687527647.473765	1687527647.450733	22.990045	-18.184023	-0.661003	0.299793	0.299472	0.246197	-0.024065	-0.062976	0.989309	0.361096	0.524083	0.253354	0.033416	-0.004360	-0.474791	0.879453	
 1687527647.878909	1687527647.855778	22.965087	-18.184290	-0.651408	0.294560	0.293868	0.245227	-0.064665	-0.102646	0.939938	0.292734	0.424140	0.252173	0.060335	0.005564	-0.453505	0.889192	
 1687527648.284700	1687527648.260963	22.976176	-18.183850	-0.687491	0.298506	0.298497	0.245752	-0.033147	-0.075191	1.010676	0.467368	0.655194	0.253055	0.040901	-0.003702	-0.484240	0.873971	
 1687527648.688722	1687527648.666791	22.975924	-18.217205	-0.679996	0.289407	0.289245	0.242013	-0.020925	-0.064102	1.018445	0.316678	0.471591	0.248856	0.033076	-0.006491	-0.487514	0.872464	
 1687527649.093233	1687527649.074929	22.977185	-18.244227	-0.665840	0.296882	0.296549	0.245778	-0.054637	-0.104059	0.961387	0.285504	0.432193	0.252795	0.058708	0.000149	-0.462856	0.884487	
 1687527649.499827	1687527649.479024	22.984860	-18.260658	-0.687494	0.295779	0.295560	0.245135	-0.036807	-0.090907	0.986680	0.411914	0.649154	0.252373	0.048719	-0.005323	-0.473737	0.879301	
 1687527649.906921	1687527649.883595	22.976861	-18.311247	-0.697636	0.299033	0.298917	0.245816	-0.051933	-0.053591	0.990768	0.332607	0.549948	0.252917	0.035901	0.010102	-0.475651	0.878843	
 1687527650.314017	1687527650.291566	22.999081	-18.378782	-0.693164	0.296396	0.295685	0.245151	-0.012830	-0.085586	0.978327	0.392994	0.376410	0.251919	0.040774	-0.014444	-0.469690	0.881771	
 1687527650.717651	1687527650.696013	23.016852	-18.417530	-0.691323	0.297633	0.297974	0.246654	-0.018207	-0.088782	0.966488	0.271010	0.547524	0.253238	0.043519	-0.012566	-0.464535	0.884396	
 1687527651.123376	1687527651.099599	23.015203	-18.500791	-0.699656	0.299004	0.298958	0.246542	-0.038663	-0.064850	0.982264	0.278503	0.519289	0.252984	0.037694	0.001750	-0.471841	0.880876	
 1687527651.427937	1687527651.403665	23.001042	-18.546594	-0.695303	0.242754	0.242340	0.216321	-0.024486	-0.066097	0.971554	0.298913	0.375154	0.221255	0.034931	-0.004606	-0.466964	0.883574	
 1687527651.832683	1687527651.807227	23.012381	-18.604771	-0.681640	0.294623	0.294275	0.243876	-0.017803	-0.091836	0.964393	0.291669	0.428526	0.250036	0.044790	-0.013407	-0.463581	0.884820	
 1687527652.241362	1687527652.212761	23.017704	-18.625810	-0.681466	0.295465	0.295557	0.244773	-0.030009	-0.073449	0.978882	0.280372	0.574180	0.251638	0.039451	-0.004026	-0.470249	0.881642	
 1687527652.644202	1687527652.615949	23.002463	-18.671951	-0.680294	0.300373	0.299661	0.247253	-0.051515	-0.074908	0.958828	0.309221	0.457371	0.253725	0.045084	0.005569	-0.461638	0.885904	
 1687527653.050505	1687527653.019784	23.003956	-18.690084	-0.711948	0.296707	0.296241	0.245143	-0.017439	-0.092816	0.962760	0.398528	0.485074	0.252238	0.045151	-0.013758	-0.462845	0.885181	
 1687527653.459537	1687527653.421488	22.999020	-18.739552	-0.711951	0.298386	0.298398	0.246097	-0.026259	-0.051017	0.972833	0.279794	0.569171	0.252937	0.028681	-0.000319	-0.467565	0.883493	
 1687527653.864552	1687527653.824747	22.979988	-18.778475	-0.698534	0.296606	0.295581	0.245531	-0.044426	-0.070161	0.975111	0.297888	0.371449	0.252033	0.041378	0.003185	-0.468752	0.882354	
 1687527654.268987	1687527654.228340	22.975939	-18.780761	-0.680922	0.299310	0.298488	0.246509	-0.052388	-0.075015	0.988995	0.378679	0.481820	0.253406	0.045416	0.005247	-0.474957	0.878820	
 1687527654.671959	1687527654.632116	22.974689	-18.807160	-0.683093	0.293452	0.293061	0.243685	-0.022967	-0.077125	0.980699	0.394951	0.471413	0.250943	0.039412	-0.008032	-0.470944	0.881246	
 1687527655.077958	1687527655.042037	22.980745	-18.829972	-0.683512	0.295834	0.295529	0.245199	-0.031008	-0.074784	0.977305	0.292338	0.500861	0.252173	0.040277	-0.003867	-0.469564	0.881971	
 1687527655.380765	1687527655.344436	22.966298	-18.824915	-0.691612	0.240720	0.240466	0.215421	-0.052065	-0.075332	0.991866	0.280148	0.434915	0.221283	0.045487	0.004964	-0.476216	0.878137	
 1687527655.785825	1687527655.749727	22.944431	-18.826343	-0.706905	0.293685	0.293244	0.243084	-0.028291	-0.071169	0.968725	0.408103	0.495380	0.250076	0.038064	-0.004054	-0.465748	0.884089	
 1687527656.190042	1687527656.161142	22.941823	-18.859839	-0.718750	0.296716	0.296845	0.244934	0.005670	-0.082032	0.983979	0.310439	0.480105	0.252022	0.034803	-0.021866	-0.471879	0.880705	
 1687527656.492697	1687527656.470188	22.932544	-18.881862	-0.690009	0.239307	0.239473	0.214629	-0.068006	-0.061234	0.967137	0.218421	0.479909	0.220239	0.042886	0.015860	-0.465376	0.883931	
 1687527656.906657	1687527656.872785	22.918184	-18.902813	-0.673576	0.290960	0.290248	0.243357	-0.077489	-0.059698	0.979588	0.485548	0.418946	0.249322	0.044530	0.020136	-0.470902	0.880831	
 1687527657.312315	1687527657.276917	22.929525	-18.916206	-0.685256	0.295733	0.295373	0.244842	-0.008009	-0.101320	0.964706	0.561448	0.422268	0.251943	0.046715	-0.019946	-0.463446	0.884668	
 1687527657.617126	1687527657.582785	22.918910	-18.925762	-0.672946	0.239175	0.239514	0.214657	-0.046826	-0.063213	0.972544	0.231094	0.591842	0.220355	0.038866	0.005923	-0.467626	0.883052	
 1687527658.021436	1687527657.988424	22.890701	-18.955736	-0.680804	0.292126	0.291872	0.243166	-0.020358	-0.069890	0.941390	0.387808	0.444062	0.249732	0.035750	-0.006777	-0.453522	0.890502	
 1687527658.426075	1687527658.391827	22.893935	-18.972497	-0.670326	0.298694	0.298672	0.245801	-0.047802	-0.104639	0.929153	0.287840	0.481359	0.253165	0.057433	-0.002087	-0.448421	0.891973	
 1687527658.838141	1687527658.794868	22.902316	-18.980778	-0.677288	0.296166	0.296167	0.244950	-0.027033	-0.054557	0.993722	0.384502	0.674986	0.252351	0.030415	-0.001122	-0.476771	0.878500	
 1687527659.241257	1687527659.198237	22.886442	-18.997814	-0.671155	0.301714	0.301067	0.248332	-0.046705	-0.052771	0.986907	0.311302	0.411962	0.255023	0.034285	0.008064	-0.473919	0.879864	
 1687527659.645393	1687527659.605555	22.897630	-19.032663	-0.696115	0.297892	0.297417	0.245648	0.006648	-0.084280	0.979844	0.385319	0.390579	0.253004	0.035609	-0.022754	-0.470013	0.881647	
 1687527660.053937	1687527660.009357	22.915234	-19.041092	-0.686039	0.296537	0.296925	0.245447	-0.036642	-0.068466	0.978671	0.249420	0.554078	0.252307	0.038811	0.000076	-0.470239	0.881685	
 1687527660.358967	1687527660.342668	22.910532	-19.068346	-0.676346	0.243557	0.243496	0.217279	-0.037740	-0.066306	0.986764	0.287102	0.376858	0.223302	0.038120	0.000913	-0.473814	0.879799	
 1687527660.763111	1687527660.747181	22.893589	-19.085110	-0.673899	0.288786	0.288245	0.241751	-0.046030	-0.064069	0.974761	0.329647	0.423663	0.248497	0.039064	0.005327	-0.468600	0.882530	
 1687527661.169664	1687527661.152834	22.888407	-19.120681	-0.698042	0.296431	0.296085	0.244347	0.000755	-0.077172	0.972417	0.362570	0.415269	0.251559	0.033929	-0.018359	-0.466916	0.883460	
 1687527661.473088	1687527661.458886	22.885394	-19.138500	-0.681718	0.242467	0.242534	0.216328	-0.036531	-0.072529	0.962182	0.221941	0.423253	0.222263	0.040582	-0.000594	-0.462952	0.885454	
 1687527661.878049	1687527661.862325	22.873792	-19.167904	-0.692591	0.293215	0.292889	0.243395	-0.024127	-0.064669	0.959752	0.323047	0.443526	0.250428	0.034241	-0.004229	-0.461740	0.886344	
 1687527662.285585	1687527662.266257	22.881164	-19.173924	-0.695179	0.295960	0.295523	0.244515	-0.049228	-0.075326	0.983079	0.291183	0.424427	0.251679	0.044794	0.003916	-0.472323	0.880278	
 1687527662.690202	1687527662.673642	22.867472	-19.200868	-0.689554	0.300502	0.300061	0.246825	-0.041318	-0.067342	0.951029	0.377123	0.464886	0.254202	0.039375	0.002947	-0.458057	0.888045	
 1687527663.093055	1687527663.078303	22.873695	-19.229423	-0.694821	0.296287	0.295824	0.245199	-0.031431	-0.076119	0.991296	0.344877	0.432657	0.252480	0.040936	-0.004281	-0.475725	0.878631	
 1687527663.402930	1687527663.381544	22.876226	-19.230681	-0.697654	0.238339	0.238169	0.213911	-0.043608	-0.080360	0.998199	0.275679	0.422083	0.219897	0.045688	-0.000095	-0.478904	0.876678	
 1687527663.806400	1687527663.785592	22.866830	-19.264601	-0.722487	0.298817	0.298487	0.245789	-0.027078	-0.072683	0.972512	0.343562	0.459707	0.252951	0.038442	-0.005017	-0.467403	0.883194	
 1687527664.211451	1687527664.189602	22.860986	-19.283857	-0.728926	0.297686	0.297582	0.244965	-0.012038	-0.068611	0.988276	0.296988	0.442695	0.252019	0.033048	-0.010971	-0.474167	0.879746	
 1687527664.619081	1687527664.592290	22.849587	-19.306881	-0.710146	0.297422	0.297146	0.245877	-0.052731	-0.075379	0.974676	0.265998	0.433916	0.252968	0.045618	0.005638	-0.468658	0.882183	
 1687527665.023318	1687527664.995502	22.844694	-19.299418	-0.727395	0.293257	0.292963	0.244066	-0.044352	-0.086596	0.967836	0.397938	0.475184	0.251327	0.048612	-0.000524	-0.465550	0.883685	
 1687527665.428758	1687527665.400649	22.851144	-19.330029	-0.747179	0.297083	0.297003	0.245087	-0.023917	-0.065772	0.986713	0.349540	0.497881	0.252448	0.034617	-0.005044	-0.473641	0.880023	
 1687527665.835639	1687527665.803456	22.857169	-19.389970	-0.743388	0.300003	0.299889	0.246701	-0.033905	-0.059450	0.991436	0.289260	0.411603	0.253417	0.034199	0.000770	-0.475828	0.878873	
 1687527666.241598	1687527666.207458	22.853862	-19.420936	-0.722116	0.297849	0.297246	0.246232	-0.034544	-0.085094	0.968254	0.317074	0.387124	0.252967	0.045672	-0.004522	-0.465595	0.883807	
 1687527666.545143	1687527666.512880	22.854128	-19.438725	-0.708852	0.241744	0.241575	0.216015	-0.047530	-0.078831	0.967840	0.282694	0.439540	0.222099	0.045918	0.002690	-0.465589	0.883805	
 1687527666.949885	1687527666.915434	22.860138	-19.485008	-0.718880	0.286482	0.286324	0.239588	0.000657	-0.073862	0.987223	0.358976	0.462921	0.246559	0.032359	-0.017784	-0.473476	0.880033	
 1687527667.358903	1687527667.319545	22.868849	-19.534488	-0.694352	0.292138	0.292398	0.242858	-0.039522	-0.071836	0.968870	0.249151	0.449656	0.249489	0.040969	0.000754	-0.465945	0.883864	
 1687527667.761928	1687527667.724691	22.866052	-19.545535	-0.678655	0.297674	0.297171	0.246388	-0.055359	-0.079778	0.966043	0.347512	0.464812	0.253115	0.048147	0.005975	-0.464887	0.884040	
 1687527668.170247	1687527668.128301	22.876686	-19.576656	-0.696428	0.297250	0.296892	0.245405	-0.012676	-0.070455	0.981780	0.397650	0.476140	0.252489	0.034047	-0.011017	-0.471306	0.881244	
 1687527668.578153	1687527668.531195	22.887458	-19.623882	-0.696117	0.295821	0.295931	0.245167	-0.022080	-0.073338	0.983620	0.266614	0.441824	0.251802	0.037524	-0.007586	-0.472233	0.880642	
 1687527668.981326	1687527668.933653	22.886222	-19.649287	-0.698943	0.292118	0.292043	0.243913	-0.031959	-0.071146	0.977772	0.285692	0.454400	0.250428	0.038895	-0.002603	-0.469788	0.881918	
 1687527669.384910	1687527669.337699	22.884769	-19.697931	-0.711148	0.293588	0.293315	0.243706	-0.029476	-0.070741	0.968315	0.308123	0.427999	0.250402	0.038151	-0.003423	-0.465582	0.884175	
 1687527669.789490	1687527669.743468	22.892939	-19.721010	-0.708844	0.295043	0.294749	0.244137	-0.027332	-0.080637	0.973972	0.306291	0.443283	0.251152	0.042008	-0.006794	-0.468027	0.882689	
 1687527670.196433	1687527670.148081	22.905435	-19.772269	-0.699987	0.302110	0.301913	0.247034	-0.040328	-0.065472	0.977640	0.305690	0.501888	0.254267	0.038354	0.002425	-0.469820	0.881925	
 1687527670.600922	1687527670.550326	22.895313	-19.823363	-0.680573	0.297942	0.297078	0.246650	-0.051422	-0.068738	0.961809	0.348669	0.431754	0.253496	0.042340	0.006889	-0.462939	0.885352	
 1687527671.007592	1687527670.953986	22.888315	-19.838419	-0.695766	0.292816	0.292304	0.243801	-0.033637	-0.079323	0.969801	0.400074	0.456103	0.250887	0.042908	-0.003612	-0.466278	0.883590	
 1687527671.411782	1687527671.358220	22.907694	-19.872392	-0.697540	0.300082	0.299849	0.246114	-0.038864	-0.072650	1.003447	0.325113	0.499784	0.253334	0.041174	-0.000438	-0.481148	0.875672	
 1687527671.818317	1687527671.783073	22.902817	-19.926569	-0.686677	0.297834	0.297634	0.245596	-0.016887	-0.057713	0.977599	0.345090	0.468561	0.252803	0.029436	-0.006096	-0.469569	0.882384	
 1687527672.224554	1687527672.189871	22.902311	-19.933175	-0.667170	0.296349	0.295810	0.245786	-0.058396	-0.066894	0.954359	0.275116	0.394280	0.252565	0.043093	0.010566	-0.459690	0.886970	
 1687527672.632307	1687527672.593419	22.919508	-19.950368	-0.683226	0.293794	0.293441	0.243620	-0.015601	-0.076985	0.999372	0.419861	0.432198	0.250752	0.037512	-0.011597	-0.479044	0.876912	
 1687527673.038132	1687527672.999134	22.928145	-19.964584	-0.674320	0.298842	0.299231	0.246048	-0.018847	-0.061967	0.994563	0.276105	0.499307	0.252895	0.031718	-0.006499	-0.477045	0.878282	
 1687527673.442577	1687527673.406168	22.924741	-20.018418	-0.664552	0.298894	0.298951	0.246936	-0.009982	-0.078060	0.969596	0.278265	0.395722	0.253878	0.036848	-0.013772	-0.465841	0.883994	
 1687527673.846017	1687527673.811074	22.931834	-20.043485	-0.670959	0.296802	0.296741	0.245745	-0.065070	-0.077715	0.986426	0.263628	0.471247	0.252830	0.049589	0.010247	-0.473964	0.879087	
 1687527674.251448	1687527674.217080	22.921254	-20.078336	-0.690681	0.298173	0.297954	0.245236	-0.017968	-0.058114	0.994188	0.462980	0.488375	0.252393	0.029818	-0.005961	-0.476882	0.878441	
 1687527674.655632	1687527674.623207	22.925554	-20.125925	-0.670302	0.301025	0.300720	0.246807	-0.039703	-0.096391	0.953650	0.277015	0.386538	0.253904	0.051894	-0.004491	-0.459187	0.886811	
 1687527675.059179	1687527675.028111	22.942382	-20.147922	-0.655841	0.291090	0.291026	0.243555	-0.053568	-0.078076	0.951529	0.340706	0.574806	0.250801	0.046938	0.005919	-0.458434	0.887468	
 1687527675.467881	1687527675.431432	22.955550	-20.133631	-0.671292	0.297923	0.297668	0.245914	-0.020982	-0.105794	0.991124	0.415967	0.513654	0.253334	0.051491	-0.015925	-0.475323	0.878159	
 1687527675.772356	1687527675.734429	22.943518	-20.140965	-0.690678	0.241630	0.241769	0.215753	-0.003593	-0.084055	0.956362	0.252115	0.533714	0.221991	0.038128	-0.017740	-0.459825	0.887013	
 1687527676.178518	1687527676.137316	22.930901	-20.160457	-0.680282	0.299070	0.298834	0.246009	-0.070986	-0.061528	0.985176	0.256158	0.475046	0.252597	0.043859	0.016715	-0.473348	0.879624	
 1687527676.589165	1687527676.539085	22.906869	-20.136237	-0.674492	0.297102	0.296422	0.246141	-0.063715	-0.075328	0.991028	0.475532	0.398917	0.252312	0.048244	0.010106	-0.475961	0.878084	
 1687527676.997209	1687527676.958760	22.913894	-20.116510	-0.684456	0.300730	0.300335	0.247169	-0.022956	-0.090480	0.997899	0.466088	0.486484	0.254372	0.045195	-0.011570	-0.478438	0.876881	
 1687527677.403436	1687527677.368636	22.904671	-20.077691	-0.679606	0.293159	0.293158	0.243969	-0.052517	-0.049390	0.982969	0.291150	0.547805	0.250789	0.034149	0.011491	-0.472200	0.880755	
 1687527677.807112	1687527677.771277	22.885543	-20.034096	-0.668907	0.299078	0.297694	0.247315	-0.069113	-0.057678	0.964167	0.406410	0.368682	0.253515	0.041545	0.017239	-0.464039	0.884672	
 1687527678.210323	1687527678.173882	22.894872	-20.004328	-0.711069	0.287210	0.286565	0.241494	-0.004643	-0.097691	0.982127	0.504587	0.410638	0.248233	0.044150	-0.020980	-0.471100	0.880724	
 1687527678.614217	1687527678.578223	22.862353	-19.966874	-0.712314	0.288518	0.289186	0.241885	-0.067416	-0.053258	0.981767	0.254111	0.575018	0.248152	0.039350	0.017167	-0.471762	0.880680	
 1687527679.020174	1687527678.981801	22.828942	-19.961335	-0.714377	0.295761	0.295369	0.245171	-0.057895	-0.087195	0.943876	0.488125	0.385642	0.251719	0.051949	0.005950	-0.455114	0.888896	
 1687527679.427698	1687527679.384865	22.817464	-19.933569	-0.719335	0.295483	0.295434	0.244481	-0.025369	-0.067682	0.989998	0.418216	0.533041	0.251685	0.035793	-0.004916	-0.475098	0.879191	
 1687527679.832182	1687527679.788070	22.814335	-19.909080	-0.693292	0.295839	0.295864	0.244576	-0.023122	-0.062779	0.995102	0.297243	0.444575	0.251418	0.033092	-0.004824	-0.477327	0.878089	
 1687527680.236958	1687527680.191585	22.822481	-19.881334	-0.655368	0.288449	0.288243	0.242124	-0.052885	-0.094354	0.967818	0.290642	0.429419	0.248979	0.054017	0.001445	-0.465666	0.883309	
 1687527680.641189	1687527680.594708	22.812407	-19.827717	-0.671347	0.293094	0.292829	0.244318	-0.042133	-0.079259	0.956978	0.398574	0.574672	0.251431	0.044853	0.000446	-0.460716	0.886414	
 1687527681.044815	1687527680.999134	22.795701	-19.801334	-0.718555	0.298167	0.298051	0.245406	-0.020450	-0.064695	0.976714	0.365030	0.524753	0.252528	0.033354	-0.006148	-0.469198	0.882442	
 1687527681.451165	1687527681.405030	22.780781	-19.773169	-0.721445	0.298433	0.298347	0.245718	-0.044954	-0.084317	0.979411	0.285625	0.437253	0.252795	0.047745	-0.000003	-0.470665	0.881019	
 1687527681.854621	1687527681.808191	22.774790	-19.769403	-0.721811	0.298057	0.297913	0.245671	-0.015279	-0.066175	0.977475	0.376190	0.548090	0.253176	0.032793	-0.008790	-0.469464	0.882299	
 1687527682.263646	1687527682.209847	22.775556	-19.767948	-0.701794	0.299167	0.299067	0.246482	-0.039369	-0.077353	0.981097	0.275923	0.459229	0.253761	0.043367	-0.000864	-0.471338	0.880886	
 1687527682.670561	1687527682.613551	22.785756	-19.779814	-0.699131	0.299150	0.298831	0.246030	-0.037116	-0.078219	0.984215	0.339195	0.474235	0.253473	0.043215	-0.002128	-0.472681	0.880171	
 1687527683.078095	1687527683.052396	22.790767	-19.823389	-0.697867	0.301703	0.301413	0.247286	-0.043320	-0.073165	0.981033	0.332157	0.477590	0.254772	0.042450	0.001866	-0.471355	0.880920	
 1687527683.482580	1687527683.457505	22.802018	-19.847594	-0.716659	0.297032	0.296575	0.245265	-0.033103	-0.083332	0.979808	0.355333	0.458272	0.252493	0.044531	-0.005006	-0.470677	0.881167	
 1687527683.888834	1687527683.862268	22.806789	-19.888215	-0.710772	0.299223	0.298922	0.245836	-0.034827	-0.069200	0.965624	0.319582	0.506512	0.253126	0.038714	-0.000645	-0.464457	0.884749	
 1687527684.293013	1687527684.272109	22.811096	-19.888083	-0.694160	0.296426	0.295787	0.245459	-0.043366	-0.085558	0.977927	0.329270	0.455129	0.252558	0.047920	-0.000960	-0.469990	0.881370	
 1687527684.700293	1687527684.676865	22.798433	-19.900512	-0.697061	0.297710	0.297336	0.245998	-0.042697	-0.059430	0.974476	0.358160	0.524160	0.253291	0.036237	0.004948	-0.468434	0.882741	
 1687527685.108581	1687527685.081436	22.787059	-19.927874	-0.720304	0.289988	0.289544	0.242351	-0.030328	-0.065710	0.963208	0.356165	0.406848	0.249334	0.036129	-0.001783	-0.463340	0.885442	
 1687527685.514397	1687527685.486301	22.797891	-19.950844	-0.732672	0.302649	0.302604	0.247080	-0.008000	-0.078735	0.960754	0.313761	0.436323	0.254315	0.036750	-0.014643	-0.461891	0.886054	
 1687527685.920193	1687527685.891857	22.806709	-19.962125	-0.705356	0.295988	0.295961	0.245205	-0.052242	-0.085769	0.972037	0.259910	0.471608	0.252308	0.050083	0.003054	-0.467510	0.882562	
 1687527686.324792	1687527686.297993	22.788824	-19.967321	-0.706481	0.300598	0.300289	0.246950	-0.018125	-0.062721	0.969333	0.390502	0.517137	0.254315	0.031963	-0.006593	-0.465917	0.884227	
 1687527686.732541	1687527686.705238	22.781578	-19.956827	-0.694900	0.297787	0.297520	0.245931	-0.058431	-0.105153	0.965193	0.278211	0.418842	0.253082	0.060068	0.001462	-0.464602	0.883479	
 1687527687.138347	1687527687.110061	22.777318	-19.956453	-0.711706	0.299076	0.298977	0.246478	-0.017789	-0.102965	0.972283	0.416155	0.618185	0.254102	0.049646	-0.016188	-0.466985	0.882722	
 1687527687.543588	1687527687.516453	22.760763	-19.965541	-0.706295	0.298511	0.298487	0.245892	-0.085437	-0.063131	0.978187	0.281751	0.631180	0.253175	0.047889	0.022866	-0.470353	0.880881	
 1687527687.949668	1687527687.921301	22.746701	-19.972734	-0.685743	0.298009	0.297592	0.246932	-0.039959	-0.098015	0.989949	0.530870	0.395108	0.253320	0.052578	-0.005706	-0.475205	0.878284	
 1687527688.354783	1687527688.326714	22.751862	-19.965558	-0.671346	0.295695	0.295425	0.245014	-0.057475	-0.066214	1.001375	0.336605	0.559888	0.251963	0.042811	0.009310	-0.480402	0.875954	
 1687527688.658359	1687527688.633044	22.738687	-19.960914	-0.674302	0.242632	0.242084	0.216789	-0.060008	-0.073311	0.967678	0.371080	0.378459	0.222585	0.046372	0.009498	-0.465633	0.883711	
 1687527689.062810	1687527689.036940	22.736044	-19.933418	-0.701063	0.296073	0.295616	0.244510	-0.023049	-0.068454	0.970118	0.428817	0.461807	0.251585	0.035641	-0.005766	-0.466305	0.883887	
 1687527689.468525	1687527689.440721	22.746220	-19.904753	-0.706173	0.296397	0.296503	0.244955	-0.034104	-0.090406	1.000132	0.291297	0.450545	0.251784	0.047816	-0.006715	-0.479600	0.876158	
 1687527689.875258	1687527689.844134	22.732587	-19.897636	-0.697129	0.297643	0.297810	0.245928	-0.027947	-0.079410	0.988861	0.325770	0.551026	0.253176	0.041563	-0.006545	-0.474599	0.879196	
 1687527690.285048	1687527690.248472	22.709340	-19.896171	-0.695052	0.294140	0.293943	0.245003	-0.053913	-0.089826	0.966865	0.305287	0.495839	0.252069	0.052254	0.002979	-0.465255	0.883628	
 1687527690.589754	1687527690.552474	22.686242	-19.903730	-0.721000	0.243566	0.243461	0.216680	-0.027771	-0.077522	0.966190	0.341250	0.453604	0.223098	0.040758	-0.005712	-0.464605	0.884561	
 1687527690.994194	1687527690.955045	22.678851	-19.903140	-0.715177	0.296969	0.296994	0.243932	-0.026283	-0.087478	0.981847	0.300496	0.470015	0.251082	0.044747	-0.009034	-0.471455	0.880708	
 1687527691.402101	1687527691.357202	22.685678	-19.899681	-0.680551	0.291515	0.291364	0.243006	-0.030430	-0.095468	0.976499	0.291021	0.483612	0.250146	0.049264	-0.008959	-0.469133	0.881707	
 1687527691.705673	1687527691.659695	22.685662	-19.887881	-0.664137	0.236474	0.236302	0.212939	-0.044558	-0.072277	0.970304	0.266861	0.465195	0.218908	0.042335	0.002848	-0.466635	0.883432	
 1687527692.109364	1687527692.065232	22.678535	-19.882949	-0.680315	0.297813	0.296935	0.245553	-0.034970	-0.071977	0.964193	0.353709	0.440353	0.252369	0.039976	-0.001198	-0.463824	0.885024	
 1687527692.519285	1687527692.499906	22.686841	-19.871031	-0.703743	0.297124	0.296668	0.244946	-0.021012	-0.089143	0.979848	0.324505	0.449743	0.252051	0.044252	-0.011705	-0.470479	0.881223	
 1687527692.924889	1687527692.932485	22.672962	-19.861292	-0.696153	0.299241	0.299193	0.246583	-0.036616	-0.054989	1.001595	0.286129	0.518701	0.253540	0.032897	0.002856	-0.480305	0.876480	
 1687527693.328043	1687527693.234775	22.639390	-19.832581	-0.695096	0.298207	0.297457	0.246222	-0.021735	-0.097789	0.964603	0.331039	0.378822	0.253143	0.048332	-0.013052	-0.463708	0.884572	
 1687527693.734601	1687527693.659869	22.633562	-19.807935	-0.696382	0.296581	0.296392	0.245283	-0.016219	-0.054220	0.995547	0.290877	0.592817	0.252683	0.027687	-0.005820	-0.477472	0.878191	
 1687527694.140754	1687527694.063561	22.625819	-19.765220	-0.692285	0.298279	0.297747	0.246173	-0.014072	-0.066717	1.000164	0.272296	0.372487	0.252988	0.032639	-0.009821	-0.479425	0.876921	
 1687527694.447828	1687527694.421382	22.610164	-19.712653	-0.677247	0.243536	0.243268	0.217143	-0.052234	-0.070256	0.981077	0.239101	0.383888	0.223014	0.043264	0.006481	-0.471459	0.880802	
 1687527694.852194	1687527694.825924	22.561712	-19.622508	-0.687982	0.295468	0.294493	0.244803	-0.032893	-0.062251	0.956004	0.392575	0.443733	0.251354	0.035190	0.000282	-0.460176	0.887130	
 1687527695.257381	1687527695.230020	22.531737	-19.580548	-0.704664	0.294127	0.293554	0.243781	-0.032603	-0.059164	0.978027	0.319019	0.416061	0.250501	0.033762	0.000492	-0.469913	0.882067	
 1687527695.663400	1687527695.637044	22.486540	-19.489338	-0.694271	0.293975	0.293469	0.243721	-0.034545	-0.074697	0.981341	0.311987	0.387588	0.250415	0.041062	-0.002369	-0.471387	0.880967	
 1687527695.969289	1687527695.939628	22.460363	-19.446485	-0.680058	0.240578	0.240699	0.216444	-0.014197	-0.073911	0.968200	0.286029	0.411567	0.221104	0.036003	-0.010917	-0.465315	0.884345	
 1687527696.373588	1687527696.343990	22.430184	-19.342955	-0.664490	0.289899	0.289806	0.242277	-0.038264	-0.076201	0.984669	0.266718	0.445558	0.248235	0.042597	-0.001155	-0.472897	0.880087	
 1687527696.780507	1687527696.747996	22.418332	-19.291052	-0.698728	0.296723	0.296573	0.244978	-0.023264	-0.076729	0.949802	0.339621	0.476870	0.251995	0.039423	-0.007200	-0.457280	0.888420	
 1687527697.183770	1687527697.152348	22.427576	-19.274454	-0.708246	0.294005	0.293858	0.243627	-0.031684	-0.065576	0.957145	0.286334	0.455507	0.250154	0.036387	-0.001041	-0.460668	0.886826	
 1687527697.590426	1687527697.557899	22.432593	-19.249576	-0.683587	0.295582	0.295237	0.244607	-0.032016	-0.101558	0.993810	0.311972	0.420426	0.251739	0.052234	-0.010140	-0.476746	0.877429	
 1687527697.997705	1687527697.962579	22.410576	-19.238181	-0.669428	0.297673	0.297538	0.246316	-0.027836	-0.069247	0.952361	0.321651	0.613327	0.253904	0.037138	-0.003504	-0.458497	0.887913	
 1687527698.403611	1687527698.366589	22.399363	-19.258762	-0.692863	0.297956	0.297798	0.245827	-0.000373	-0.084169	0.937999	0.304877	0.449105	0.253228	0.037613	-0.018850	-0.451601	0.891228	
 1687527698.706627	1687527698.667665	22.404725	-19.279707	-0.694197	0.242968	0.243154	0.216348	-0.011178	-0.064933	0.953946	0.223650	0.462501	0.222281	0.031402	-0.009939	-0.459004	0.887823	
 1687527699.109406	1687527699.071059	22.402925	-19.325524	-0.671922	0.293815	0.293479	0.243917	-0.030840	-0.057569	0.979183	0.261861	0.410468	0.250594	0.032645	0.000069	-0.470407	0.881846	
 1687527699.514869	1687527699.472787	22.394199	-19.351956	-0.661043	0.294846	0.294024	0.244857	-0.059198	-0.079739	0.959761	0.312936	0.396563	0.251680	0.048994	0.007837	-0.462151	0.885412	
 1687527699.921082	1687527699.875910	22.418745	-19.389972	-0.676329	0.298403	0.298080	0.245331	-0.014873	-0.076250	0.980244	0.410890	0.473057	0.252563	0.037126	-0.011386	-0.470628	0.881477	
 1687527700.227335	1687527700.211936	22.446981	-19.406399	-0.653949	0.241926	0.241745	0.216244	-0.048696	-0.088202	0.966914	0.238987	0.409754	0.221859	0.050328	0.001047	-0.465203	0.883771	
 1687527700.636779	1687527700.614191	22.459279	-19.453849	-0.650135	0.293670	0.293166	0.244420	-0.039227	-0.086426	0.970054	0.367500	0.510182	0.251138	0.047345	-0.002803	-0.466457	0.883272	
 1687527701.039840	1687527701.019423	22.451055	-19.475785	-0.667372	0.299827	0.299213	0.246758	-0.058280	-0.062992	0.979001	0.343855	0.527568	0.253815	0.041473	0.010901	-0.470562	0.881324	
 1687527701.447196	1687527701.422657	22.449541	-19.537104	-0.691370	0.287362	0.286777	0.240506	-0.016537	-0.070415	0.970087	0.406049	0.398478	0.247236	0.034992	-0.009101	-0.466200	0.883940	
 1687527701.851485	1687527701.828004	22.465451	-19.581368	-0.669099	0.297152	0.296753	0.245387	-0.045556	-0.084435	0.952734	0.274719	0.445033	0.252397	0.047931	0.000874	-0.458880	0.887204	
 1687527702.258523	1687527702.236560	22.463660	-19.587846	-0.661496	0.294044	0.293578	0.245209	-0.063333	-0.086062	0.975766	0.372114	0.533531	0.252230	0.052807	0.007786	-0.469291	0.881429	
 1687527702.662930	1687527702.639492	22.433337	-19.588608	-0.695192	0.302726	0.302568	0.247099	-0.005673	-0.065580	0.976824	0.439245	0.512031	0.254585	0.030281	-0.012879	-0.469052	0.882557	
 1687527703.071599	1687527703.044373	22.417332	-19.601637	-0.685739	0.300757	0.301228	0.247068	-0.017604	-0.084904	0.972260	0.257905	0.418733	0.253777	0.041630	-0.012052	-0.467099	0.883142	
 1687527703.474394	1687527703.448489	22.414895	-19.587966	-0.670009	0.297432	0.297504	0.246000	-0.036034	-0.093450	0.971367	0.280165	0.525433	0.253423	0.049701	-0.005885	-0.466972	0.882855	
 1687527703.877215	1687527703.852799	22.390620	-19.562151	-0.690480	0.295871	0.295723	0.245464	-0.016128	-0.075222	0.972482	0.320160	0.518159	0.252799	0.037008	-0.010447	-0.467228	0.883300	
 1687527704.283773	1687527704.255744	22.362327	-19.554012	-0.715976	0.299098	0.298945	0.245534	-0.024353	-0.063665	0.979987	0.273002	0.451263	0.252620	0.033807	-0.004240	-0.470689	0.881641	
 1687527704.695140	1687527704.661946	22.379394	-19.567117	-0.695116	0.298746	0.298139	0.246086	-0.034733	-0.104374	0.975295	0.283841	0.375999	0.253192	0.054202	-0.009117	-0.468641	0.881677	
 1687527705.102164	1687527705.065812	22.400115	-19.595162	-0.700242	0.299386	0.299141	0.247061	-0.044301	-0.082916	0.967300	0.317948	0.564965	0.254511	0.046974	0.000323	-0.465313	0.883899	
 1687527705.506465	1687527705.470311	22.408252	-19.610336	-0.722267	0.298281	0.297674	0.245978	-0.037231	-0.064421	0.998702	0.354989	0.492748	0.252900	0.037177	0.000914	-0.479051	0.876999	
 1687527705.919228	1687527705.876300	22.415107	-19.683572	-0.729302	0.291165	0.290544	0.242477	-0.014748	-0.080749	0.969299	0.324064	0.401931	0.249158	0.039147	-0.012285	-0.465769	0.883955	
 1687527706.324214	1687527706.279718	22.428812	-19.737919	-0.724987	0.300316	0.299765	0.247431	-0.057701	-0.091436	0.940615	0.273236	0.483298	0.254382	0.053782	0.004986	-0.453674	0.889530	
 1687527706.628326	1687527706.581902	22.424645	-19.766966	-0.757837	0.244636	0.244435	0.217705	-0.024919	-0.084985	0.982074	0.367619	0.487243	0.223214	0.043327	-0.009052	-0.471545	0.880730	
 1687527707.038459	1687527706.986595	22.417243	-19.799838	-0.753037	0.295223	0.295151	0.243246	-0.012877	-0.064367	0.987069	0.295125	0.517695	0.249767	0.031386	-0.009576	-0.473669	0.880092	
 1687527707.444900	1687527707.391391	22.427483	-19.859483	-0.724294	0.300083	0.299665	0.247181	-0.045543	-0.097972	0.975586	0.268676	0.416110	0.254103	0.053903	-0.002854	-0.468979	0.881558	
 1687527707.752404	1687527707.695002	22.441211	-19.884347	-0.730855	0.239506	0.239436	0.215538	-0.027978	-0.096308	0.980849	0.326072	0.526894	0.220959	0.049039	-0.010344	-0.471003	0.880707	
 1687527708.160494	1687527708.097992	22.421337	-19.857649	-0.722506	0.290652	0.290539	0.242011	-0.044653	-0.058982	0.988656	0.301555	0.563895	0.248433	0.036537	0.005657	-0.474695	0.879373	
 1687527708.570562	1687527708.503368	22.407784	-19.823503	-0.722813	0.300391	0.299404	0.247235	-0.014703	-0.087412	0.972343	0.366873	0.403002	0.253911	0.042060	-0.013921	-0.467069	0.883110	
 1687527708.877245	1687527708.805918	22.405628	-19.798762	-0.725998	0.242555	0.242367	0.216756	-0.026230	-0.071167	0.992571	0.242428	0.483129	0.222549	0.037522	-0.005413	-0.476230	0.878503	
 1687527709.283981	1687527709.210425	22.401406	-19.774813	-0.733751	0.297620	0.297039	0.245254	-0.031473	-0.060438	0.999123	0.300828	0.456456	0.251982	0.034053	-0.000665	-0.479180	0.877056	
 1687527709.691563	1687527709.615280	22.383649	-19.734808	-0.726698	0.291259	0.290593	0.242701	-0.018792	-0.114036	0.933270	0.307416	0.388393	0.249578	0.055112	-0.017259	-0.449611	0.891356	
 1687527710.099152	1687527710.018984	22.371531	-19.681478	-0.719101	0.264867	0.264695	0.230561	-0.053618	-0.074517	0.983892	0.267148	0.630562	0.237049	0.045474	0.006022	-0.472725	0.880015	
 1687527712.707459	1687527712.650575	22.224825	-19.620290	-0.727452	0.285321	0.283177	0.245574	0.074002	-0.341469	-0.006145	0.368443	0.427014	0.248024	0.169901	-0.035933	0.009311	0.984762	
 1687527713.115506	1687527713.052806	22.223379	-19.419475	-0.739438	0.297897	0.283370	0.261951	0.037748	-0.259685	0.014180	0.264449	0.854771	0.217469	0.129319	-0.019631	-0.004585	0.991398	
 1687527713.521846	1687527713.486367	22.218955	-19.255247	-0.732889	0.290668	0.290152	0.254554	-0.030875	-0.257622	0.502089	0.253979	0.952429	0.242002	0.128217	-0.017077	-0.248249	0.960021	
 1687527713.928028	1687527713.890959	22.215687	-19.199077	-0.740824	0.296473	0.298643	0.251813	-0.044600	-0.203392	0.944303	0.248383	0.713194	0.247239	0.100480	-0.026405	-0.454357	0.884741	
 1687527714.333580	1687527714.296203	22.201773	-19.174468	-0.732309	0.299806	0.291225	0.257940	-0.055041	-0.179025	1.027521	0.260144	0.689175	0.247973	0.091293	-0.020047	-0.491445	0.865878	
 1687527714.738777	1687527714.699644	22.181072	-19.170533	-0.744154	0.301315	0.291257	0.254039	-0.039862	-0.127435	1.018584	0.285211	0.687753	0.249358	0.065280	-0.013674	-0.487581	0.870526	
 1687527715.145413	1687527715.108754	22.155974	-19.184423	-0.733829	0.306045	0.295789	0.256234	-0.026592	-0.115672	0.988113	0.278807	0.555508	0.251884	0.057181	-0.015722	-0.474043	0.878502	
 1687527715.549240	1687527715.513038	22.137856	-19.202928	-0.716507	0.298547	0.290999	0.251354	-0.027366	-0.104164	0.989342	0.263373	0.543239	0.250147	0.052301	-0.012686	-0.474681	0.878511	
 1687527715.952984	1687527715.916088	22.118663	-19.201528	-0.689974	0.302117	0.294861	0.252006	-0.053554	-0.103307	0.988453	0.269965	0.528805	0.252267	0.058119	-0.000944	-0.474765	0.878191	
 1687527716.356375	1687527716.317085	22.113872	-19.194118	-0.687017	0.299081	0.293564	0.249321	-0.021067	-0.106814	0.970972	0.333294	0.535873	0.251896	0.052119	-0.015605	-0.466444	0.882876	
 1687527716.760003	1687527716.720836	22.121382	-19.186428	-0.673953	0.298476	0.294611	0.249376	-0.054064	-0.084118	0.992915	0.264928	0.595862	0.252405	0.049820	0.003724	-0.476718	0.877636	
 1687527717.166745	1687527717.124846	22.107934	-19.188840	-0.681893	0.293767	0.289380	0.246798	-0.035443	-0.097337	0.980959	0.348104	0.467790	0.250199	0.051244	-0.007299	-0.471178	0.880518	
 1687527717.570010	1687527717.528095	22.090760	-19.191033	-0.680975	0.298990	0.295582	0.247746	-0.050064	-0.067556	0.986554	0.298301	0.565738	0.252090	0.041581	0.006047	-0.473841	0.879607	
 1687527717.973068	1687527717.935520	22.075530	-19.194704	-0.667217	0.301120	0.297666	0.248742	-0.052439	-0.093116	0.973408	0.357452	0.427336	0.253337	0.053371	0.001387	-0.468126	0.882047	
 1687527718.379134	1687527718.339334	22.067651	-19.196546	-0.660085	0.292279	0.290636	0.244679	-0.045756	-0.100898	0.959720	0.349955	0.524648	0.250839	0.055268	-0.003008	-0.461970	0.885167	
 1687527718.784210	1687527718.744577	22.059097	-19.217393	-0.674476	0.298185	0.297197	0.246189	-0.031314	-0.052845	0.983224	0.335126	0.590938	0.252779	0.030676	0.001328	-0.472190	0.880962	
 1687527719.187743	1687527719.172565	22.049602	-19.232490	-0.653525	0.300193	0.298228	0.247626	-0.048581	-0.079878	0.970183	0.291552	0.351083	0.253306	0.046628	0.002856	-0.466638	0.883214	
 1687527719.595178	1687527719.576509	22.067162	-19.236778	-0.648083	0.296961	0.296027	0.246110	-0.004213	-0.075386	0.980167	0.343485	0.462547	0.252929	0.034239	-0.015881	-0.470434	0.881628	
 1687527720.004991	1687527719.981584	22.096806	-19.243121	-0.654146	0.296861	0.296590	0.246882	-0.007084	-0.075535	1.001397	0.250904	0.459708	0.252966	0.034823	-0.015021	-0.479810	0.876552	
 1687527720.411157	1687527720.386413	22.109938	-19.253680	-0.654886	0.302350	0.301275	0.248554	-0.094630	-0.070819	0.975840	0.254817	0.452250	0.254834	0.053394	0.025175	-0.469450	0.880983	
 1687527720.818620	1687527720.791610	22.114365	-19.278093	-0.672756	0.300268	0.299265	0.247289	-0.021604	-0.079325	0.958085	0.566041	0.419191	0.253428	0.040162	-0.008697	-0.460921	0.886490	
 1687527721.124781	1687527721.094120	22.120316	-19.294399	-0.671289	0.238142	0.238122	0.213794	-0.003621	-0.073319	0.965660	0.241383	0.436908	0.219118	0.033302	-0.015414	-0.464034	0.885057	
 1687527721.528264	1687527721.496632	22.129411	-19.306738	-0.646723	0.297253	0.297325	0.245218	-0.027603	-0.078877	0.966597	0.250190	0.415847	0.251776	0.041317	-0.006110	-0.464779	0.884441	
 1687527721.935562	1687527721.908243	22.133734	-19.286605	-0.629073	0.287497	0.287123	0.241978	-0.055998	-0.091223	0.990984	0.281052	0.439909	0.248702	0.053394	0.002932	-0.475907	0.877869	
 1687527722.241520	1687527722.211095	22.129657	-19.282450	-0.656101	0.241372	0.241186	0.216146	-0.024686	-0.065374	0.966555	0.333397	0.454500	0.221813	0.034668	-0.004262	-0.464757	0.884749	
 1687527722.646722	1687527722.633183	22.103653	-19.297891	-0.674916	0.296567	0.296050	0.244234	-0.024177	-0.076382	0.937223	0.280717	0.404094	0.250828	0.039519	-0.006466	-0.451697	0.891272	
 1687527723.051074	1687527723.036377	22.126357	-19.304286	-0.668342	0.297945	0.297555	0.245411	-0.048533	-0.072380	0.996440	0.284420	0.471058	0.252558	0.043362	0.004015	-0.478180	0.877181	
 1687527723.455298	1687527723.373221	22.135917	-19.317864	-0.658769	0.294200	0.293533	0.245459	-0.051473	-0.073905	0.964250	0.342730	0.411074	0.252116	0.044646	0.005661	-0.464035	0.884673	
 1687527723.862587	1687527723.787883	22.149893	-19.332326	-0.686496	0.299994	0.299609	0.246146	-0.010759	-0.059159	0.993404	0.364537	0.438997	0.253339	0.028563	-0.009366	-0.476453	0.878686	
 1687527724.268959	1687527724.192924	22.169187	-19.325119	-0.670514	0.298549	0.298263	0.246179	-0.041977	-0.087452	1.000567	0.259216	0.389530	0.252935	0.048404	-0.002565	-0.479915	0.875975	
 1687527724.675793	1687527724.595825	22.168310	-19.322272	-0.672146	0.297798	0.297596	0.245969	-0.036380	-0.068027	0.939288	0.334512	0.504559	0.253295	0.038547	0.000822	-0.452784	0.890786	
 1687527725.082024	1687527725.059011	22.173381	-19.320683	-0.673869	0.301453	0.300878	0.246818	-0.047819	-0.092305	0.954236	0.321210	0.433413	0.253946	0.051939	0.000034	-0.459580	0.886616	
 1687527725.487272	1687527725.465297	22.181560	-19.300394	-0.656897	0.297950	0.297772	0.246193	-0.072136	-0.110419	0.983825	0.368052	0.567654	0.253647	0.065613	0.005690	-0.473040	0.878576	
 1687527725.891156	1687527725.869455	22.172215	-19.278872	-0.676920	0.295672	0.295492	0.245628	-0.026375	-0.080395	0.971040	0.440114	0.587503	0.252898	0.041688	-0.007098	-0.466719	0.883394	
 1687527726.295312	1687527726.275582	22.148301	-19.285565	-0.709615	0.300062	0.300175	0.246227	-0.010730	-0.085638	0.964402	0.295326	0.500552	0.253240	0.040410	-0.015101	-0.463502	0.885045	
 1687527726.704183	1687527726.679427	22.149609	-19.264967	-0.694832	0.297578	0.297635	0.245627	-0.041728	-0.089379	0.976733	0.260545	0.476066	0.252653	0.049222	-0.002551	-0.469436	0.881590	
 1687527727.108763	1687527727.085244	22.119050	-19.230814	-0.687651	0.295082	0.294624	0.245288	-0.048460	-0.090927	0.967620	0.336662	0.519772	0.252202	0.051478	0.000291	-0.465513	0.883543	
 1687527727.514079	1687527727.488764	22.090762	-19.221191	-0.710972	0.296114	0.295872	0.245162	-0.017717	-0.056898	0.970411	0.373474	0.560022	0.252229	0.029291	-0.005433	-0.466406	0.884069	
 1687527727.920471	1687527727.891234	22.067364	-19.201947	-0.730147	0.297710	0.297422	0.245668	-0.026251	-0.091529	0.979663	0.273327	0.392402	0.252348	0.046534	-0.009952	-0.470474	0.881130	
 1687527728.227104	1687527728.195654	22.082533	-19.186625	-0.736043	0.245766	0.245661	0.217890	-0.028416	-0.098960	1.003743	0.263847	0.502458	0.224080	0.050183	-0.011351	-0.481046	0.875184	
 1687527728.631852	1687527728.600270	22.054357	-19.161904	-0.711634	0.296966	0.296585	0.244549	-0.056517	-0.069164	0.951687	0.301089	0.592333	0.251577	0.043657	0.009269	-0.458500	0.887573	
 1687527729.036687	1687527729.007034	22.031819	-19.139561	-0.703783	0.295982	0.294953	0.245813	-0.044648	-0.075234	0.953240	0.414387	0.452438	0.252239	0.043642	0.002571	-0.459086	0.887316	
 1687527729.444099	1687527729.410709	22.018621	-19.109204	-0.725035	0.294249	0.293670	0.244126	-0.020993	-0.082130	0.969580	0.340786	0.439968	0.251004	0.041209	-0.009852	-0.465985	0.883778	
 1687527729.852571	1687527729.821015	22.001636	-19.090060	-0.725114	0.298429	0.298190	0.245947	-0.035820	-0.073543	0.974776	0.280946	0.488777	0.252816	0.040859	-0.001401	-0.468510	0.882512	
 1687527730.259325	1687527730.225870	21.987427	-19.082752	-0.725726	0.299436	0.298949	0.246333	-0.032502	-0.072558	0.972545	0.329266	0.474227	0.253420	0.039652	-0.002591	-0.467486	0.883107	
 1687527730.665888	1687527730.633381	21.970431	-19.060098	-0.713046	0.298272	0.297792	0.245999	-0.035735	-0.084321	0.971535	0.317400	0.469027	0.253233	0.045601	-0.003890	-0.467064	0.883038	
 1687527731.069952	1687527731.036539	21.952230	-19.041818	-0.720735	0.300070	0.299737	0.247007	-0.019637	-0.064591	0.987766	0.334619	0.550048	0.254390	0.033082	-0.006666	-0.474057	0.879847	
 1687527731.475876	1687527731.443227	21.937178	-19.033619	-0.725302	0.297653	0.297231	0.245888	-0.037614	-0.076566	0.981619	0.283114	0.449184	0.252970	0.042607	-0.001463	-0.471546	0.880810	
 1687527731.882875	1687527731.846268	21.931892	-19.038545	-0.731545	0.299724	0.299371	0.245897	-0.019291	-0.065759	0.971488	0.327932	0.465269	0.253337	0.033571	-0.006822	-0.466873	0.883661	
 1687527732.190964	1687527732.149604	21.943425	-19.043438	-0.712380	0.243766	0.243589	0.216479	-0.022664	-0.091958	0.969995	0.246826	0.385566	0.222645	0.045937	-0.011413	-0.466144	0.883442	
 1687527732.597173	1687527732.553900	21.929043	-19.019236	-0.673368	0.293447	0.293166	0.243354	-0.051254	-0.085674	0.971925	0.286931	0.563302	0.250659	0.049811	0.002642	-0.467448	0.882612	
 1687527733.001252	1687527732.956827	21.908157	-19.001635	-0.674555	0.295328	0.294827	0.245259	-0.014341	-0.077119	0.971692	0.399631	0.553343	0.252497	0.037434	-0.011665	-0.466842	0.883471	
 1687527733.306860	1687527733.260938	21.896678	-19.000166	-0.711958	0.239638	0.239619	0.214586	0.021815	-0.092835	0.971980	0.237682	0.444381	0.220780	0.035937	-0.031306	-0.466105	0.883445	
 1687527733.712848	1687527733.664256	21.882840	-18.994431	-0.719207	0.288042	0.288495	0.241135	-0.008437	-0.101244	0.944996	0.254344	0.571639	0.247923	0.046973	-0.019277	-0.454715	0.889188	
 1687527734.119556	1687527734.067584	21.882410	-18.991417	-0.713252	0.288061	0.288057	0.240513	-0.008723	-0.060660	0.971420	0.257640	0.629434	0.247670	0.028853	-0.010302	-0.466734	0.883867	
 1687527734.525586	1687527734.473251	21.873253	-18.988574	-0.675253	0.299496	0.298714	0.246443	-0.030751	-0.099851	0.968966	0.260354	0.420532	0.253406	0.051308	-0.009652	-0.465795	0.883351	
 1687527734.929151	1687527734.877197	21.900506	-18.970980	-0.664991	0.296886	0.296728	0.245894	-0.012507	-0.114971	0.983181	0.303545	0.555661	0.253235	0.053596	-0.021615	-0.471557	0.879940	
 1687527735.337300	1687527735.281126	21.908357	-18.966000	-0.665087	0.296629	0.296219	0.245392	-0.028325	-0.068922	0.975496	0.267256	0.648561	0.252552	0.037066	-0.003642	-0.468744	0.882549	
 1687527735.741855	1687527735.686904	21.897294	-18.960489	-0.669870	0.299927	0.298539	0.247024	-0.029253	-0.091288	0.948863	0.304957	0.452375	0.253514	0.047259	-0.007845	-0.456902	0.888226	
 1687527736.148791	1687527736.094994	21.892877	-18.926918	-0.665731	0.297034	0.295848	0.245940	-0.056603	-0.069611	1.016676	0.300723	0.526396	0.252621	0.044151	0.007774	-0.487097	0.872197	
 1687527736.558728	1687527736.499735	21.869355	-18.939106	-0.683356	0.292623	0.291504	0.243859	-0.019146	-0.065812	0.973945	0.413105	0.442598	0.250546	0.033551	-0.006939	-0.467956	0.883087	
 1687527736.962746	1687527736.902561	21.864949	-18.941795	-0.678707	0.294917	0.294243	0.244311	-0.034442	-0.096034	0.950586	0.279771	0.442454	0.251340	0.050543	-0.006667	-0.457739	0.887624	
 1687527737.365855	1687527737.307090	21.865189	-18.936790	-0.674575	0.296409	0.295956	0.244888	-0.026272	-0.072078	0.975320	0.319833	0.568498	0.252228	0.037979	-0.005284	-0.468633	0.882560	
 1687527737.769359	1687527737.709705	21.857972	-18.933130	-0.663351	0.294575	0.293678	0.244545	-0.044028	-0.072084	0.974045	0.297569	0.463011	0.251352	0.042132	0.002580	-0.468280	0.882571	
 1687527738.172973	1687527738.112244	21.846641	-18.919324	-0.666399	0.295982	0.295276	0.245136	-0.017326	-0.085623	0.970633	0.363791	0.470739	0.252280	0.041892	-0.012309	-0.466371	0.883511	
 1687527738.480682	1687527738.415632	21.841777	-18.909252	-0.673931	0.238220	0.238028	0.213632	-0.034771	-0.069662	0.990999	0.243904	0.490670	0.219635	0.038892	-0.001271	-0.475644	0.878777	
 1687527738.885526	1687527738.821999	21.823882	-18.904426	-0.692196	0.294364	0.293744	0.243619	-0.022450	-0.075524	0.973773	0.328962	0.464186	0.250602	0.038612	-0.007749	-0.467888	0.882910	
 1687527739.293496	1687527739.226242	21.817319	-18.907330	-0.703590	0.299290	0.298934	0.245451	-0.021031	-0.078539	0.972389	0.292657	0.505701	0.252849	0.039617	-0.009054	-0.467244	0.883194	
 1687527739.700453	1687527739.634677	21.808126	-18.889930	-0.678338	0.298552	0.298036	0.246249	-0.059532	-0.084117	0.976693	0.286952	0.501841	0.253620	0.051066	0.006542	-0.469649	0.881351	
 1687527740.109464	1687527740.037956	21.788604	-18.887082	-0.697260	0.296115	0.295723	0.245443	-0.028597	-0.068942	0.972148	0.439768	0.537899	0.252823	0.037145	-0.003464	-0.467269	0.883328	
 1687527740.519622	1687527740.441164	21.787427	-18.894854	-0.703728	0.303697	0.303266	0.247645	-0.027228	-0.087318	0.970563	0.313304	0.471322	0.255066	0.044947	-0.008326	-0.466495	0.883342	
 1687527740.925906	1687527740.844323	21.804694	-18.903095	-0.691518	0.296061	0.295747	0.245542	-0.031927	-0.082590	0.981580	0.296483	0.501659	0.253033	0.043923	-0.005389	-0.471442	0.880786	
 1687527741.333652	1687527741.247633	21.814451	-18.938109	-0.713838	0.298497	0.298123	0.245816	-0.013847	-0.067898	0.986182	0.310785	0.487961	0.253022	0.033174	-0.009971	-0.473274	0.880234	
 1687527741.743024	1687527741.677865	21.793087	-18.948083	-0.696172	0.294566	0.293952	0.243898	-0.051473	-0.072901	0.967772	0.266202	0.427602	0.250740	0.044212	0.005816	-0.465590	0.883876	
 1687527742.147455	1687527742.081030	21.803200	-18.981840	-0.695235	0.297257	0.296761	0.245242	-0.022495	-0.076343	0.977677	0.370364	0.431036	0.252434	0.038968	-0.007997	-0.469608	0.881978	
 1687527742.551171	1687527742.483763	21.813798	-19.014885	-0.696864	0.296479	0.296419	0.245811	-0.035050	-0.071412	0.972135	0.287040	0.463891	0.252792	0.039740	-0.001190	-0.467336	0.883185	
 1687527742.956792	1687527742.889127	21.821493	-19.083932	-0.708195	0.295029	0.294541	0.244355	-0.038241	-0.067070	0.964132	0.324681	0.454289	0.251134	0.038561	0.001390	-0.463833	0.885082	
 1687527743.364639	1687527743.291090	21.831448	-19.138073	-0.694342	0.302071	0.301285	0.247127	-0.033499	-0.074315	0.980924	0.333520	0.426828	0.254057	0.040649	-0.002732	-0.471191	0.881090	
 1687527743.769132	1687527743.695510	21.837613	-19.151278	-0.678703	0.293610	0.293073	0.244299	-0.032491	-0.078464	0.980608	0.318751	0.462988	0.251290	0.042240	-0.004147	-0.471032	0.881095	
 1687527744.172981	1687527744.098397	21.836717	-19.185214	-0.680818	0.299101	0.298632	0.246521	-0.043930	-0.077744	0.967015	0.312310	0.462791	0.253597	0.044602	0.001369	-0.465180	0.884091	
 1687527744.579591	1687527744.503518	21.831395	-19.229223	-0.682349	0.296503	0.296107	0.244776	-0.032594	-0.061025	0.969022	0.354387	0.476030	0.251922	0.034580	0.000206	-0.465937	0.884142	
 1687527744.987172	1687527744.908353	21.837389	-19.251520	-0.683526	0.299725	0.299334	0.246795	-0.031107	-0.096797	0.976067	0.323134	0.420655	0.253835	0.050011	-0.008961	-0.468949	0.881763	
 1687527745.391211	1687527745.310503	21.822941	-19.273996	-0.696059	0.294479	0.294433	0.244209	-0.030368	-0.079319	0.972129	0.318228	0.609768	0.251321	0.042140	-0.005106	-0.467261	0.883100	
 1687527745.794858	1687527745.814965	21.802404	-19.263470	-0.684716	0.298539	0.298222	0.245315	-0.044436	-0.088106	0.975204	0.321570	0.537040	0.252677	0.049295	-0.001019	-0.468803	0.881926	
 1687527746.200097	1687527746.118473	21.777046	-19.229206	-0.669118	0.297868	0.297594	0.245608	-0.016873	-0.081757	0.991555	0.384222	0.600759	0.253193	0.039955	-0.012026	-0.475605	0.878669	
 1687527746.603830	1687527746.522188	21.746898	-19.171814	-0.665370	0.293067	0.292904	0.244557	-0.031658	-0.095238	0.960861	0.277726	0.533476	0.251748	0.049514	-0.007976	-0.462247	0.885332	
 1687527747.008278	1687527747.029589	21.739663	-19.153506	-0.696885	0.300436	0.300354	0.247101	-0.027772	-0.053095	0.979356	0.329865	0.645575	0.254455	0.029951	-0.000234	-0.470456	0.881915	
 1687527747.314689	1687527747.232796	21.732456	-19.125220	-0.724196	0.238952	0.238775	0.213504	-0.016194	-0.073170	0.997115	0.261825	0.326239	0.219580	0.035992	-0.010383	-0.478084	0.877515	
 1687527747.720836	1687527747.649803	21.710625	-19.111757	-0.693145	0.297816	0.297380	0.244696	-0.047789	-0.053682	0.985579	0.273064	0.461588	0.251668	0.034937	0.008349	-0.473345	0.880145	
 1687527748.124738	1687527748.052577	21.668809	-19.059105	-0.678121	0.295408	0.294294	0.245936	-0.049337	-0.077705	0.943968	0.358527	0.359736	0.252384	0.045792	0.004298	-0.455026	0.889289	
 1687527748.528896	1687527748.454849	21.685235	-19.036224	-0.710920	0.293827	0.293481	0.244128	0.020746	-0.071679	1.009982	0.373444	0.474383	0.251239	0.026342	-0.026407	-0.483137	0.874750	
 1687527748.932411	1687527748.859189	21.670060	-19.009513	-0.703524	0.300722	0.301482	0.247997	-0.044899	-0.083486	0.980366	0.259281	0.399638	0.254029	0.047366	0.000146	-0.471085	0.880815	
 1687527749.240224	1687527749.162421	21.658752	-19.008542	-0.703431	0.237929	0.238093	0.213952	-0.036672	-0.080150	0.950030	0.308395	0.424179	0.219425	0.044002	-0.002029	-0.457561	0.888086	
 1687527749.643094	1687527749.564887	21.662584	-18.994379	-0.699388	0.299806	0.299648	0.245727	-0.007706	-0.082033	0.976878	0.322480	0.463884	0.252684	0.038017	-0.015842	-0.468989	0.882243	
 1687527750.051604	1687527749.970500	21.666103	-18.987206	-0.684326	0.292975	0.292848	0.243603	-0.039671	-0.102206	0.963490	0.258883	0.482767	0.250647	0.054436	-0.006108	-0.463528	0.884387	
 1687527750.455535	1687527750.380214	21.633892	-18.948736	-0.670383	0.300117	0.299865	0.247161	-0.039349	-0.063429	0.961589	0.327324	0.534645	0.254202	0.037203	0.002772	-0.462715	0.885722	
 1687527750.859310	1687527750.783513	21.599308	-18.899739	-0.677682	0.299431	0.298885	0.246267	-0.017678	-0.082962	0.951579	0.332377	0.400584	0.253178	0.040907	-0.011144	-0.457954	0.887964	
 1687527751.267848	1687527751.188249	21.596422	-18.871202	-0.674261	0.297511	0.297296	0.245530	-0.008966	-0.064030	0.976711	0.278825	0.506452	0.252594	0.030370	-0.011061	-0.469056	0.882577	
 1687527751.672106	1687527751.594731	21.576290	-18.799041	-0.665373	0.294325	0.293664	0.245189	-0.040897	-0.081803	0.988907	0.257745	0.375379	0.251439	0.045680	-0.001417	-0.474791	0.878911	
 1687527752.078356	1687527751.998853	21.520239	-18.723577	-0.673503	0.296790	0.296070	0.246394	-0.043204	-0.033636	0.970925	0.329347	0.451208	0.252182	0.024948	0.011257	-0.466764	0.883958	
 1687527752.484097	1687527752.403163	21.497550	-18.695327	-0.704366	0.294998	0.293874	0.245169	-0.004204	-0.064190	0.960818	0.339347	0.298485	0.250848	0.029428	-0.012967	-0.461963	0.886316	
 1687527752.889208	1687527752.806518	21.472601	-18.623611	-0.706932	0.299416	0.299277	0.246358	-0.028953	-0.088439	0.970633	0.255798	0.404781	0.253015	0.045843	-0.007827	-0.466549	0.883272	
 1687527753.293069	1687527753.227680	21.452912	-18.599455	-0.707596	0.298812	0.298706	0.246052	-0.027461	-0.077837	0.976725	0.307278	0.527381	0.253100	0.040794	-0.006138	-0.469253	0.882100	
 1687527753.699579	1687527753.630596	21.419848	-18.531547	-0.691627	0.290915	0.290927	0.243191	-0.023358	-0.107160	0.948217	0.292708	0.443608	0.249401	0.052968	-0.014073	-0.456416	0.888077	
 1687527754.103427	1687527754.036252	21.445017	-18.501096	-0.683665	0.297727	0.297636	0.246512	-0.046240	-0.071741	0.991474	0.291139	0.597257	0.253117	0.042527	0.003267	-0.475976	0.878423	
 1687527754.508071	1687527754.440443	21.453435	-18.480320	-0.699247	0.297617	0.296933	0.245815	-0.034838	-0.072928	0.997920	0.371316	0.455818	0.252196	0.040336	-0.002157	-0.478680	0.877060	
 1687527754.911984	1687527754.844603	21.447163	-18.489317	-0.706057	0.294266	0.293698	0.244071	-0.021694	-0.064905	0.956442	0.320157	0.442136	0.250842	0.033794	-0.005306	-0.460243	0.887133	
 1687527755.317120	1687527755.246557	21.435365	-18.480737	-0.701276	0.298250	0.297469	0.245905	-0.048447	-0.074110	0.967444	0.286833	0.424939	0.252655	0.044043	0.004203	-0.465416	0.883986	
 1687527755.720107	1687527755.650078	21.423187	-18.482020	-0.708469	0.294450	0.293986	0.244129	-0.020713	-0.064693	0.970555	0.392771	0.492771	0.251317	0.033434	-0.005929	-0.466481	0.883879	
 1687527756.129789	1687527756.054059	21.400400	-18.457071	-0.711864	0.298202	0.298147	0.245761	-0.031310	-0.078583	0.980925	0.285913	0.431081	0.252911	0.042014	-0.004702	-0.471155	0.881037	
 1687527756.536659	1687527756.459048	21.379344	-18.448570	-0.692508	0.298636	0.298337	0.245617	-0.054934	-0.052301	0.967601	0.320046	0.504297	0.252905	0.035908	0.012145	-0.465448	0.884263	
 1687527756.940048	1687527756.861787	21.354416	-18.401680	-0.688560	0.302288	0.301476	0.248007	-0.018002	-0.092623	0.973733	0.407377	0.373576	0.254603	0.045121	-0.013712	-0.467706	0.882625	
 1687527757.347037	1687527757.266782	21.334823	-18.331659	-0.665959	0.292275	0.292068	0.243568	-0.039108	-0.077210	1.004448	0.279865	0.573248	0.250489	0.043228	-0.001450	-0.481587	0.875330	
 1687527757.751398	1687527757.669798	21.321915	-18.293554	-0.680496	0.298017	0.297738	0.246026	-0.008855	-0.083396	0.981246	0.358665	0.521476	0.253044	0.038853	-0.015739	-0.470924	0.881177	
 1687527758.156164	1687527758.075598	21.295920	-18.250881	-0.699278	0.296581	0.296938	0.245562	-0.017698	-0.063614	0.938299	0.262922	0.508074	0.252423	0.032363	-0.006489	-0.452133	0.891340	
 1687527758.565085	1687527758.479445	21.272823	-18.213783	-0.700407	0.296157	0.295630	0.245194	-0.054570	-0.051963	0.960889	0.277942	0.430754	0.252030	0.035634	0.012183	-0.462474	0.885833	
 1687527758.967961	1687527758.882015	21.266366	-18.191371	-0.701776	0.297577	0.297092	0.245398	-0.023630	-0.083740	0.977310	0.425674	0.388840	0.252410	0.042498	-0.009225	-0.469431	0.881898	
 1687527759.371391	1687527759.290179	21.266009	-18.198666	-0.689120	0.299922	0.299899	0.246700	-0.027612	-0.034131	0.992942	0.294883	0.521342	0.253740	0.021578	0.004009	-0.476418	0.878945	
 1687527759.775367	1687527759.693713	21.267599	-18.227890	-0.686239	0.296476	0.295879	0.245377	-0.040725	-0.091391	0.949279	0.297129	0.304371	0.252267	0.049917	-0.002781	-0.457274	0.887920	
 1687527760.184707	1687527760.098214	21.308270	-18.277412	-0.668675	0.297895	0.297741	0.245730	-0.045558	-0.086479	0.999443	0.344101	0.544851	0.253062	0.048835	-0.000735	-0.479473	0.876196	
 1687527760.591604	1687527760.500429	21.332079	-18.362368	-0.666442	0.298841	0.298530	0.246184	-0.034361	-0.068206	0.997664	0.367607	0.526748	0.253410	0.038151	-0.001232	-0.478566	0.877222	
 1687527760.994475	1687527760.903960	21.353226	-18.408828	-0.673700	0.295737	0.295290	0.245314	-0.029982	-0.071997	0.982193	0.326678	0.443461	0.251981	0.038798	-0.003761	-0.471710	0.880891	
 1687527761.400704	1687527761.308676	21.368848	-18.476928	-0.693863	0.297981	0.297906	0.245937	-0.011830	-0.061364	1.007971	0.303790	0.429316	0.252032	0.029718	-0.009637	-0.482842	0.875150	
 1687527761.804598	1687527761.712745	21.361951	-18.512464	-0.691775	0.297696	0.297401	0.245909	-0.050927	-0.059405	0.973111	0.264918	0.395237	0.252326	0.038143	0.008614	-0.467895	0.882919	
 1687527762.211170	1687527762.116614	21.360907	-18.553387	-0.694470	0.299225	0.298696	0.246035	-0.014570	-0.061009	0.964357	0.392372	0.403359	0.252813	0.030398	-0.007692	-0.463679	0.885448	
 1687527762.618829	1687527762.621008	21.371294	-18.575904	-0.673055	0.299200	0.298817	0.246517	-0.067754	-0.079471	0.977206	0.270784	0.397845	0.253582	0.050943	0.011248	-0.469941	0.881155	
 1687527763.025763	1687527763.024765	21.386397	-18.605034	-0.687792	0.293686	0.293427	0.244273	-0.037837	-0.072152	0.980890	0.475537	0.495487	0.251300	0.040715	-0.000309	-0.471230	0.881070	
 1687527763.432639	1687527763.428496	21.396080	-18.647005	-0.697777	0.298216	0.298056	0.245878	-0.032266	-0.071360	0.979061	0.337146	0.453763	0.253090	0.039060	-0.002543	-0.470359	0.881607	
 1687527763.840084	1687527763.835471	21.385406	-18.640339	-0.703313	0.292130	0.291963	0.243231	-0.032853	-0.087494	0.982600	0.316408	0.451983	0.250311	0.046297	-0.006160	-0.471891	0.880419	
 1687527764.244435	1687527764.241270	21.354082	-18.631287	-0.706614	0.300943	0.300947	0.246885	-0.043055	-0.067330	0.969388	0.327033	0.548122	0.254203	0.039799	0.003356	-0.466207	0.883774	
 1687527764.659867	1687527764.646343	21.318362	-18.591724	-0.711961	0.294498	0.294303	0.243864	-0.020670	-0.080600	0.965258	0.352689	0.428754	0.250999	0.040478	-0.009551	-0.464077	0.884818	
 1687527765.066498	1687527765.051963	21.312623	-18.526819	-0.694780	0.292311	0.292261	0.243234	-0.032682	-0.095143	0.993203	0.284507	0.500458	0.250342	0.049580	-0.008303	-0.476521	0.877725	
 1687527765.473943	1687527765.456821	21.296563	-18.493284	-0.697278	0.289645	0.289350	0.242614	-0.052124	-0.073806	0.961812	0.327491	0.611293	0.249453	0.044745	0.006027	-0.462963	0.885227	
 1687527765.882779	1687527765.865970	21.256702	-18.440476	-0.725337	0.295366	0.294679	0.244919	-0.037608	-0.063359	0.935898	0.391246	0.461427	0.250962	0.036741	0.002489	-0.451282	0.891621	
 1687527766.289344	1687527766.270105	21.252658	-18.405624	-0.733827	0.286186	0.285561	0.240297	-0.050056	-0.089721	0.989553	0.338624	0.433465	0.246770	0.051326	0.000715	-0.475196	0.878381	
 1687527766.692750	1687527766.674399	21.225355	-18.336910	-0.724954	0.300227	0.299689	0.246427	-0.059546	-0.067412	0.983124	0.399551	0.571649	0.253262	0.043739	0.010330	-0.472411	0.880232	
 1687527767.100148	1687527767.081627	21.187984	-18.277794	-0.723018	0.290608	0.290152	0.242682	-0.027838	-0.068115	0.954233	0.445970	0.452788	0.249295	0.036633	-0.003278	-0.459330	0.887504	
 1687527767.407537	1687527767.385087	21.184261	-18.237214	-0.709399	0.235224	0.235262	0.212390	-0.026054	-0.079333	0.984805	0.270501	0.413433	0.217063	0.041096	-0.007276	-0.472788	0.880188	
 1687527767.811960	1687527767.796163	21.178246	-18.175714	-0.704232	0.298256	0.298392	0.245560	-0.039786	-0.060802	0.992003	0.306478	0.530223	0.252073	0.036190	0.003023	-0.476130	0.878624	
 1687527768.221399	1687527768.202933	21.173385	-18.159549	-0.709436	0.297829	0.297451	0.245602	-0.018170	-0.069033	0.961717	0.362181	0.438169	0.252367	0.034794	-0.007912	-0.462524	0.885888	
 1687527768.627379	1687527768.605814	21.146510	-18.108995	-0.698746	0.291732	0.291478	0.243968	-0.054876	-0.064814	0.969433	0.281418	0.477762	0.250690	0.041435	0.009170	-0.466324	0.883596	
 1687527769.032187	1687527769.007992	21.147653	-18.131406	-0.731582	0.294589	0.294130	0.244490	-0.001807	-0.056330	0.964612	0.439330	0.462622	0.251396	0.025368	-0.012262	-0.463662	0.885564	
 1687527769.436187	1687527769.410659	21.144232	-18.146202	-0.723187	0.297676	0.297981	0.245818	-0.024596	-0.072290	0.965972	0.252676	0.387984	0.252410	0.037709	-0.005898	-0.464481	0.884760	
 1687527769.844159	1687527769.815097	21.140835	-18.166536	-0.707916	0.298602	0.298645	0.246033	-0.020627	-0.051932	0.966361	0.299222	0.483186	0.253281	0.027780	-0.002932	-0.464654	0.885052	
 1687527770.253681	1687527770.218453	21.155898	-18.187214	-0.692449	0.299787	0.299736	0.246300	-0.012136	-0.071750	0.976689	0.289115	0.395735	0.253680	0.034519	-0.011472	-0.469046	0.882424	
 1687527770.657120	1687527770.621473	21.202101	-18.262481	-0.675690	0.297961	0.298015	0.246277	-0.034581	-0.061740	0.975051	0.269507	0.489602	0.253740	0.035360	0.000812	-0.468620	0.882692	
 1687527771.062177	1687527771.025053	21.238347	-18.354779	-0.696384	0.286160	0.285883	0.240844	-0.025472	-0.077456	0.988936	0.325696	0.423589	0.247637	0.040117	-0.007171	-0.474603	0.879256	
 1687527771.467367	1687527771.431130	21.253308	-18.394296	-0.693976	0.298005	0.297454	0.245072	-0.050025	-0.059413	0.990269	0.304897	0.531418	0.251701	0.038005	0.007888	-0.475445	0.878889	
 1687527771.873846	1687527771.837591	21.258108	-18.490438	-0.690651	0.299820	0.299130	0.246638	-0.022951	-0.079396	0.979320	0.386501	0.402480	0.252972	0.040415	-0.008546	-0.470326	0.881525	
 1687527772.280100	1687527772.242244	21.261228	-18.538921	-0.685710	0.298257	0.298016	0.245744	-0.008926	-0.078509	0.955074	0.294485	0.518534	0.252912	0.036903	-0.014076	-0.459390	0.887356	
 1687527772.683531	1687527772.645941	21.281915	-18.610432	-0.664118	0.298526	0.298748	0.247018	-0.054130	-0.083693	0.949829	0.262674	0.474070	0.253281	0.049554	0.004924	-0.457702	0.887710	
 1687527773.091504	1687527773.050215	21.310196	-18.670271	-0.680464	0.295980	0.295966	0.245374	-0.027736	-0.094774	0.977941	0.401419	0.517454	0.252305	0.048321	-0.010020	-0.469725	0.881433	
 1687527773.395613	1687527773.352520	21.316534	-18.696688	-0.677818	0.242972	0.242862	0.216679	-0.058398	-0.069109	0.988165	0.271810	0.528189	0.221998	0.044239	0.009312	-0.474627	0.879025	
 1687527773.801661	1687527773.756096	21.314026	-18.736830	-0.681660	0.293064	0.292388	0.243068	-0.036550	-0.075888	0.970943	0.418878	0.437052	0.249271	0.042067	-0.001548	-0.466825	0.883347	
 1687527774.206015	1687527774.161836	21.309113	-18.721873	-0.668533	0.293574	0.293119	0.244025	-0.055067	-0.073363	0.980286	0.322802	0.451808	0.250824	0.045295	0.007015	-0.471148	0.880863	
 1687527774.608974	1687527774.564990	21.297536	-18.702358	-0.686725	0.293876	0.293454	0.244471	-0.030787	-0.075445	0.957611	0.405139	0.459556	0.251488	0.040555	-0.003721	-0.460852	0.886542	
 1687527775.016306	1687527774.973804	21.301732	-18.684847	-0.706802	0.298909	0.298763	0.245887	-0.030145	-0.078800	0.995743	0.319081	0.497675	0.252967	0.041796	-0.005577	-0.477653	0.877536	
 1687527775.421228	1687527775.376990	21.266254	-18.661984	-0.676892	0.296949	0.296633	0.245354	-0.063993	-0.042084	0.990253	0.310045	0.484585	0.252387	0.033701	0.018151	-0.475387	0.878944	
 1687527775.826395	1687527775.779785	21.251802	-18.639288	-0.686464	0.300545	0.300048	0.247219	0.002746	-0.095056	0.953350	0.466453	0.341974	0.254319	0.041585	-0.023017	-0.458251	0.887551	
 1687527776.232606	1687527776.182933	21.268790	-18.616151	-0.669859	0.297316	0.297744	0.246158	-0.038907	-0.081989	0.989659	0.252230	0.616816	0.252816	0.045290	-0.002354	-0.475095	0.878765	
 1687527776.636348	1687527776.587707	21.265429	-18.586800	-0.677941	0.298748	0.298615	0.246270	-0.020362	-0.077672	0.989787	0.349423	0.530854	0.253419	0.038998	-0.009487	-0.474903	0.879122	
 1687527777.040457	1687527776.993073	21.247818	-18.570124	-0.673933	0.297057	0.296824	0.245408	-0.040927	-0.089844	0.972912	0.288623	0.520192	0.252529	0.049246	-0.002919	-0.467739	0.882489	
 1687527777.446819	1687527777.397995	21.230661	-18.507063	-0.684193	0.297633	0.297409	0.245737	0.001358	-0.121963	0.972851	0.352726	0.561419	0.253076	0.053558	-0.029088	-0.466563	0.882385	
 1687527777.852405	1687527777.806735	21.197975	-18.445766	-0.666593	0.299425	0.299698	0.246803	-0.057480	-0.057206	1.004977	0.255388	0.755086	0.253842	0.038887	0.011406	-0.481932	0.875271	
 1687527778.256386	1687527778.211797	21.173199	-18.430358	-0.675008	0.298714	0.297977	0.246957	-0.047748	-0.112102	0.966514	0.454363	0.419400	0.253248	0.060667	-0.004919	-0.464988	0.883222	
 1687527778.661191	1687527778.616073	21.162137	-18.384326	-0.679189	0.292591	0.292286	0.243200	-0.034643	-0.057444	1.006902	0.382779	0.710284	0.250224	0.033504	0.001313	-0.482615	0.875190	
 1687527779.067797	1687527779.019591	21.144728	-18.345682	-0.676536	0.288013	0.286969	0.241752	-0.023801	-0.077032	0.953393	0.335249	0.420338	0.248139	0.039667	-0.007102	-0.458881	0.887583	
 1687527779.372420	1687527779.322936	21.176585	-18.340185	-0.689682	0.235807	0.235655	0.212711	-0.012687	-0.091448	1.008528	0.263535	0.489447	0.217735	0.043080	-0.016536	-0.482902	0.874458	
 1687527779.775246	1687527779.727657	21.185464	-18.332691	-0.694310	0.295965	0.295855	0.244626	-0.027210	-0.065830	1.002984	0.270768	0.619637	0.250981	0.035391	-0.003896	-0.480822	0.876095	
 1687527780.179648	1687527780.131957	21.182173	-18.363939	-0.691492	0.296325	0.295539	0.244921	-0.041083	-0.074960	0.966243	0.310800	0.471020	0.251763	0.042711	0.000773	-0.464803	0.884383	
 1687527780.589046	1687527780.536772	21.202280	-18.388202	-0.691470	0.295112	0.294551	0.244671	-0.019173	-0.091003	0.959941	0.373252	0.539011	0.252046	0.044767	-0.012508	-0.461641	0.885848	
 1687527780.992415	1687527780.940809	21.223637	-18.399525	-0.690633	0.299384	0.299103	0.246454	-0.048548	-0.071877	0.985973	0.293329	0.674396	0.253955	0.043122	0.004368	-0.473582	0.879683	
 1687527781.398320	1687527781.344829	21.233974	-18.434805	-0.690991	0.298645	0.297644	0.246582	-0.022414	-0.084404	0.979679	0.420501	0.530498	0.253615	0.042494	-0.009968	-0.470453	0.881345	
 1687527781.806012	1687527781.747679	21.228165	-18.471174	-0.692920	0.298999	0.298807	0.246168	-0.009258	-0.075934	0.970467	0.303084	0.630268	0.253579	0.035733	-0.013612	-0.466229	0.883837	
 1687527782.212566	1687527782.150923	21.224210	-18.506036	-0.682914	0.299980	0.299718	0.246787	-0.035846	-0.072941	0.967642	0.266819	0.568074	0.254108	0.040603	-0.001104	-0.465360	0.884189	
 1687527782.521933	1687527782.453825	21.231988	-18.530318	-0.686369	0.239661	0.239484	0.214794	-0.034334	-0.106630	0.963224	0.303297	0.453435	0.221148	0.055161	-0.009489	-0.463293	0.884436	
 1687527782.925390	1687527782.858120	21.242969	-18.573500	-0.702116	0.297307	0.297126	0.244790	-0.015925	-0.054690	0.968063	0.337807	0.726430	0.252382	0.027904	-0.005678	-0.465355	0.884666	
 1687527783.328799	1687527783.261989	21.251186	-18.607396	-0.683772	0.294314	0.293525	0.244073	-0.023212	-0.059223	1.001318	0.272783	0.408886	0.250727	0.031540	-0.004034	-0.480062	0.876658	
 1687527783.734219	1687527783.667773	21.252307	-18.610601	-0.662199	0.296094	0.294922	0.245784	-0.061556	-0.089147	0.980304	0.295180	0.430056	0.252627	0.053766	0.006156	-0.471279	0.880322	
 1687527784.138708	1687527784.070758	21.251029	-18.643489	-0.694624	0.293746	0.293194	0.243471	-0.021964	-0.072071	0.980270	0.429067	0.532915	0.250786	0.036950	-0.007276	-0.470760	0.881457	
 1687527784.546645	1687527784.475157	21.245779	-18.670290	-0.687156	0.295395	0.294830	0.244410	-0.047678	-0.076248	0.959331	0.286912	0.468900	0.251356	0.044796	0.003547	-0.461822	0.885834	
 1687527784.952303	1687527784.878732	21.247567	-18.700203	-0.683291	0.297873	0.297387	0.246307	-0.043812	-0.089166	0.964926	0.377868	0.489039	0.253510	0.049624	-0.001288	-0.464255	0.884309	
 1687527785.356538	1687527785.281001	21.255978	-18.724909	-0.701243	0.297997	0.297749	0.246051	-0.026017	-0.079332	0.984204	0.363582	0.563183	0.253624	0.041089	-0.007279	-0.472523	0.880330	
 1687527785.761456	1687527785.685075	21.247093	-18.750896	-0.718055	0.292565	0.292449	0.243574	-0.033163	-0.073423	0.977135	0.300418	0.519150	0.250769	0.040182	-0.002594	-0.469518	0.882004	
 1687527786.168024	1687527786.091556	21.257906	-18.805887	-0.734895	0.300361	0.300055	0.246526	-0.024975	-0.090923	0.973644	0.321812	0.472962	0.253896	0.045999	-0.010234	-0.467801	0.882577	
 1687527786.572052	1687527786.494931	21.270073	-18.860760	-0.722589	0.299134	0.298961	0.245935	-0.031364	-0.079745	0.967560	0.296227	0.557599	0.253452	0.042571	-0.004668	-0.465255	0.884140	
 1687527786.976150	1687527786.899719	21.282835	-18.872817	-0.713781	0.297121	0.296646	0.246060	-0.052975	-0.097018	0.971470	0.314029	0.497341	0.253360	0.055216	0.000763	-0.467281	0.882382	
 1687527787.383764	1687527787.306379	21.292040	-18.924158	-0.736587	0.297997	0.297700	0.245448	-0.004265	-0.080667	0.981961	0.384066	0.558170	0.252923	0.036564	-0.017133	-0.471182	0.881111	
 1687527787.688260	1687527787.610404	21.288052	-18.947362	-0.724463	0.243630	0.243593	0.217204	-0.025797	-0.074012	0.976521	0.225510	0.429887	0.222525	0.038718	-0.005970	-0.469152	0.882248	
 1687527788.091230	1687527788.014301	21.274730	-18.970173	-0.721829	0.294315	0.294013	0.244295	-0.028118	-0.085304	0.971979	0.281506	0.395064	0.250396	0.044259	-0.007495	-0.467143	0.883042	
 1687527788.396191	1687527788.317852	21.276926	-18.977360	-0.757941	0.233482	0.233401	0.210602	0.014066	-0.104166	0.964274	0.251547	0.393777	0.216239	0.042867	-0.030361	-0.462709	0.884953	
 1687527788.800250	1687527788.721443	21.277146	-18.977310	-0.760875	0.289386	0.289760	0.241461	-0.022367	-0.098215	0.963032	0.246916	0.526768	0.248010	0.048677	-0.012832	-0.463023	0.884916	
 1687527789.206897	1687527789.124860	21.261003	-18.976795	-0.750114	0.294534	0.294035	0.244207	-0.055968	-0.071675	0.970370	0.282288	0.522768	0.251009	0.044723	0.008032	-0.466777	0.883207	
 1687527789.509993	1687527789.426877	21.251346	-18.973463	-0.748990	0.242777	0.242334	0.216767	-0.027975	-0.103604	0.969039	0.349145	0.383109	0.222507	0.052321	-0.011755	-0.465754	0.883288	
 1687527789.913339	1687527789.830977	21.246756	-18.964117	-0.749378	0.293804	0.293455	0.243634	-0.023211	-0.089095	0.970175	0.299348	0.580979	0.250728	0.044799	-0.010507	-0.466249	0.883456	
 1687527790.318500	1687527790.240108	21.237232	-18.956760	-0.743091	0.295567	0.295024	0.244542	-0.036713	-0.072405	0.984782	0.289341	0.528866	0.251595	0.040561	-0.000943	-0.472930	0.880165	
 1687527790.730065	1687527790.643819	21.243808	-18.964981	-0.721461	0.297145	0.296096	0.246029	-0.051159	-0.100597	0.981540	0.333640	0.460908	0.252929	0.056368	-0.001159	-0.471689	0.879961	
 1687527791.135932	1687527791.046855	21.256162	-19.009717	-0.731119	0.300757	0.300140	0.247105	-0.022698	-0.075593	0.985107	0.377422	0.566192	0.254533	0.038656	-0.007875	-0.472887	0.880239	
 1687527791.539546	1687527791.449727	21.269566	-19.034373	-0.741007	0.298681	0.298032	0.246424	-0.013803	-0.102017	0.981067	0.289423	0.465743	0.253286	0.048220	-0.017939	-0.470783	0.880748	
 1687527791.943076	1687527791.853964	21.271862	-19.097840	-0.724870	0.299021	0.298705	0.246386	-0.059037	-0.052001	0.957210	0.272665	0.594160	0.253304	0.036654	0.014221	-0.460866	0.886598	
 1687527792.348542	1687527792.256994	21.279408	-19.159842	-0.725302	0.293839	0.292242	0.245042	-0.021960	-0.102321	0.945149	0.415834	0.365093	0.250975	0.050522	-0.013512	-0.455057	0.888925	
 1687527792.753181	1687527792.663230	21.281608	-19.185307	-0.734753	0.298744	0.298509	0.246127	-0.010710	-0.077954	0.951624	0.291728	0.625763	0.252803	0.037089	-0.013092	-0.457892	0.888138	
 1687527793.157742	1687527793.071929	21.286848	-19.243305	-0.723880	0.298409	0.298232	0.246408	-0.044735	-0.063964	0.978557	0.264836	0.477196	0.252896	0.038724	0.004707	-0.470263	0.881664	
 1687527793.561662	1687527793.478815	21.312752	-19.290454	-0.726257	0.296107	0.295468	0.245626	-0.049829	-0.103594	0.974198	0.360796	0.418356	0.252448	0.057383	-0.002241	-0.468431	0.881632	
 1687527793.970396	1687527793.882586	21.329890	-19.316612	-0.741894	0.298542	0.298226	0.246025	-0.015662	-0.073811	1.007697	0.382766	0.616599	0.253060	0.036089	-0.010960	-0.482709	0.874968	
 1687527794.375722	1687527794.285892	21.338874	-19.391501	-0.743359	0.294224	0.293906	0.244861	-0.025981	-0.070278	0.987626	0.270292	0.446739	0.251038	0.037086	-0.005219	-0.474056	0.879698	
 1687527794.780364	1687527794.690742	21.333210	-19.421974	-0.737171	0.294518	0.293775	0.244382	-0.050961	-0.094989	0.964171	0.297862	0.451827	0.251105	0.053851	0.000544	-0.464027	0.884183	
 1687527795.183341	1687527795.096507	21.338103	-19.475210	-0.728424	0.297498	0.297044	0.245199	-0.008871	-0.076643	0.981210	0.385536	0.567273	0.252200	0.035881	-0.014141	-0.470959	0.881312	
 1687527795.588027	1687527795.503728	21.342128	-19.527721	-0.713707	0.297871	0.297802	0.245693	-0.017876	-0.082807	0.973150	0.262186	0.487858	0.252722	0.040762	-0.011460	-0.467509	0.882974	
 1687527795.992230	1687527795.908594	21.344982	-19.546286	-0.694483	0.297755	0.297669	0.245949	-0.011747	-0.067804	0.964398	0.281839	0.535407	0.253057	0.032752	-0.010517	-0.463631	0.885361	
 1687527796.396260	1687527796.310829	21.365263	-19.594006	-0.696904	0.297248	0.297233	0.246018	-0.011549	-0.086085	0.978029	0.264656	0.418940	0.252800	0.040696	-0.015120	-0.469533	0.881847	
 1687527796.802804	1687527796.714278	21.385093	-19.633301	-0.697883	0.294425	0.294145	0.244603	-0.037786	-0.079073	0.967569	0.264412	0.500620	0.251418	0.043764	-0.001671	-0.465347	0.884044	
 1687527797.208090	1687527797.123340	21.380824	-19.660867	-0.716428	0.303539	0.302712	0.247888	-0.026164	-0.055770	0.976734	0.333382	0.478648	0.254567	0.030755	-0.001533	-0.469284	0.882510	
 1687527797.615390	1687527797.528699	21.412865	-19.697482	-0.701525	0.298348	0.297556	0.245925	-0.029374	-0.084893	1.120844	0.294118	0.375229	0.252773	0.043739	-0.010124	-0.531535	0.845846	
 1687527798.021352	1687527797.934224	21.470250	-19.679644	-0.695883	0.290162	0.289830	0.242627	-0.039307	-0.035445	1.412433	0.301649	0.487939	0.249735	0.026232	0.003451	-0.648998	0.760330	
 1687527798.427907	1687527798.338723	21.460976	-19.700517	-0.695733	0.299919	0.298314	0.247269	-0.031018	-0.035920	1.458081	0.332480	0.292150	0.252875	0.023722	-0.000398	-0.666175	0.745418	
 1687527798.833136	1687527798.752424	21.462530	-19.737505	-0.703535	0.299713	0.298096	0.247528	-0.030573	-0.067145	1.507451	0.300314	0.289416	0.253394	0.034927	-0.011829	-0.684269	0.728297	
 1687527799.237529	1687527799.156651	21.475267	-19.786728	-0.737911	0.297862	0.297468	0.245583	0.005937	-0.051228	1.551514	0.293374	0.362714	0.252498	0.016205	-0.020053	-0.699969	0.713707	
 1687527799.642927	1687527799.559949	21.512267	-19.838567	-0.737025	0.299074	0.299239	0.247477	-0.058909	-0.054729	1.727153	0.249354	0.280799	0.253923	0.040148	-0.001663	-0.760081	0.648585	
 1687527800.050588	1687527799.963325	21.523840	-19.929379	-0.779176	0.293248	0.293061	0.243510	-0.013287	-0.048373	1.742582	0.348571	0.271798	0.250096	0.020652	-0.014228	-0.765023	0.643514	
 1687527800.458680	1687527800.469429	21.484318	-19.982032	-0.778578	0.296088	0.295183	0.246549	-0.044778	-0.031317	1.810470	0.252314	0.269166	0.250375	0.027273	0.001510	-0.786493	0.616995	
 1687527800.865500	1687527800.773723	21.458798	-20.025116	-0.761648	0.303634	0.302354	0.249616	-0.038726	-0.050458	1.888714	0.319420	0.255601	0.254530	0.030467	-0.009085	-0.809997	0.585572	
 1687527801.270795	1687527801.180764	21.467658	-20.117354	-0.780166	0.297833	0.297601	0.246188	-0.029787	-0.055265	1.960275	0.300263	0.272178	0.251525	0.027750	-0.014654	-0.830394	0.556292	
 1687527801.676417	1687527801.590819	21.459315	-20.221066	-0.783029	0.298707	0.298751	0.246174	-0.043418	-0.043431	1.963308	0.279596	0.284105	0.251755	0.030106	-0.005990	-0.831288	0.554994	
 1687527802.080606	1687527801.996107	21.421060	-20.370582	-0.788849	0.299260	0.299038	0.246521	-0.046100	-0.052827	2.021952	0.317347	0.266243	0.252477	0.033544	-0.010138	-0.847153	0.530192	
 1687527802.485454	1687527802.400255	21.358083	-20.523527	-0.800201	0.297656	0.297513	0.245327	-0.030848	-0.050202	2.054572	0.322304	0.281159	0.251555	0.026175	-0.013505	-0.855727	0.516588	
 1687527802.889415	1687527802.804404	21.296046	-20.677462	-0.799257	0.299213	0.299051	0.246676	-0.065076	-0.058410	2.071698	0.285313	0.290010	0.252949	0.042854	-0.008530	-0.859958	0.508491	
 1687527803.296698	1687527803.208146	21.230853	-20.806566	-0.808551	0.298346	0.298353	0.246166	-0.043955	-0.058584	2.035251	0.393780	0.287956	0.252545	0.034074	-0.013373	-0.850631	0.524488	
 1687527803.703964	1687527803.609364	21.169071	-20.917769	-0.808389	0.297532	0.298396	0.248868	-0.037211	-0.056781	2.040458	0.308318	0.296615	0.252453	0.030697	-0.014458	-0.852013	0.522419	
 1687527804.107102	1687527804.017511	21.081652	-21.064463	-0.814289	0.294467	0.294720	0.244744	-0.035266	-0.042259	2.046211	0.292521	0.300808	0.250641	0.026050	-0.008856	-0.853600	0.520202	
 1687527804.513723	1687527804.459052	20.995069	-21.214251	-0.822251	0.289402	0.289431	0.241830	-0.035625	-0.065355	2.057843	0.295224	0.275480	0.248014	0.032100	-0.018805	-0.856450	0.514888	
 1687527804.922684	1687527804.864231	20.925037	-21.354515	-0.815532	0.293475	0.293604	0.243830	-0.054522	-0.058645	2.061061	0.289239	0.342146	0.250494	0.038440	-0.011119	-0.857296	0.513267	
 1687527805.327278	1687527805.270983	20.843862	-21.468519	-0.814205	0.300693	0.300618	0.246706	-0.048350	-0.057441	2.033771	0.372736	0.319642	0.253454	0.035651	-0.011705	-0.850240	0.525056	
 1687527805.637241	1687527805.574350	20.767515	-21.588010	-0.817265	0.238628	0.238738	0.214319	-0.048487	-0.055676	2.062795	0.310449	0.285242	0.219398	0.035084	-0.011429	-0.857780	0.512692	
 1687527806.041299	1687527805.979615	20.684617	-21.706914	-0.832234	0.285303	0.285433	0.239657	-0.035546	-0.045127	2.126546	0.349696	0.317998	0.246165	-0.026491	0.011079	0.873785	-0.485463	
 1687527806.451241	1687527806.385280	20.609736	-21.820653	-0.848245	0.297195	0.297479	0.245470	-0.052819	-0.047434	2.327074	0.303594	0.302711	0.251638	-0.033630	0.011311	0.917880	-0.395270	
 1687527806.858670	1687527806.794412	20.520253	-21.898662	-0.838795	0.300521	0.300656	0.246766	-0.055447	-0.066490	2.339340	0.348515	0.306769	0.252584	-0.038479	0.019771	0.920119	-0.389242	
 1687527807.263561	1687527807.197510	20.450129	-21.993412	-0.820551	0.295543	0.295208	0.245830	-0.069328	-0.037386	2.557481	0.342127	0.384618	0.251134	-0.038562	0.007913	0.957098	-0.287078	
 1687527807.672429	1687527807.603223	20.368378	-22.094356	-0.830743	0.299298	0.299766	0.247083	-0.028534	-0.034715	2.556936	0.396624	0.280501	0.251995	-0.018661	0.012508	0.957405	-0.287873	
 1687527808.075728	1687527808.007620	20.238425	-22.178842	-0.830776	0.299381	0.300180	0.247859	-0.069566	-0.031577	2.564198	0.275845	0.300954	0.253185	-0.037825	0.005226	0.958073	-0.283970	
 1687527808.482326	1687527808.408854	20.117045	-22.273793	-0.846458	0.296506	0.296490	0.246009	-0.038873	-0.056999	2.622930	0.424410	0.272085	0.251863	-0.026084	0.022556	0.966129	-0.255746	
 1687527811.093174	1687527811.042444	19.842575	-22.493013	-0.832080	0.297637	0.297983	0.245525	0.046765	-0.048294	2.429594	0.280782	0.355792	0.251736	0.013495	0.030771	0.936573	-0.348859	
 1687527811.396692	1687527811.346838	19.720606	-22.620713	-0.786362	0.244771	0.245579	0.219204	-0.003807	-0.059429	2.290035	0.314348	0.323819	0.223099	-0.014004	0.026272	0.910337	-0.412796	
 1687527811.799580	1687527811.750260	19.609483	-22.738505	-0.772614	0.293468	0.293830	0.244525	-0.020570	-0.029000	2.393121	0.246923	0.343854	0.247933	-0.014872	0.009736	0.930695	-0.365365	
 1687527812.203276	1687527812.154499	19.485933	-22.857235	-0.753322	0.296193	0.296724	0.247371	-0.055960	0.006117	2.679942	0.256881	0.266314	0.251539	-0.026535	-0.009376	0.973073	-0.228774	
 1687527812.606697	1687527812.562838	19.349747	-22.973168	-0.782525	0.295188	0.295037	0.246245	-0.019884	0.008834	2.859052	0.324683	0.247599	0.251133	-0.009221	-0.005773	0.989973	-0.140836	
 1687527813.009572	1687527812.970512	19.185784	-23.057528	-0.816253	0.300451	0.300464	0.247248	-0.018150	0.006742	3.025623	0.258933	0.249850	0.252585	-0.008864	-0.003891	0.998271	-0.057980	
 1687527813.413615	1687527813.375003	18.986918	-23.101839	-0.812943	0.291286	0.290880	0.243861	-0.059118	-0.014520	3.141515	0.253793	0.245159	0.249060	-0.029554	0.007256	0.999537	0.000176	
 1687527813.819776	1687527813.779644	18.781333	-23.181516	-0.811657	0.297807	0.297621	0.245654	-0.034815	-0.036425	-3.015313	0.360475	0.254559	0.251968	-0.016220	0.019270	0.997671	0.063394	
 1687527814.227051	1687527814.182802	18.623203	-23.228682	-0.793463	0.291157	0.291639	0.243420	-0.088645	-0.025854	-3.032558	0.291062	0.302008	0.249856	-0.043535	0.015309	0.997419	0.055004	
 1687527814.631960	1687527814.586948	18.426489	-23.232545	-0.798498	0.296135	0.295962	0.245419	-0.049180	-0.043477	-3.013285	0.503275	0.269276	0.252123	-0.023138	0.023262	0.997371	0.064608	
 1687527815.037062	1687527814.992174	18.240641	-23.217020	-0.805121	0.297230	0.297483	0.245267	-0.053264	-0.046759	-2.983200	0.347724	0.325376	0.252076	-0.024689	0.025402	0.996191	0.079684	
 1687527815.440793	1687527815.394687	18.015131	-23.249921	-0.809561	0.298560	0.298846	0.246015	-0.051951	-0.046553	-2.801343	0.357311	0.323956	0.253392	-0.021652	0.027327	0.984862	0.169798	
 1687527815.844430	1687527815.798630	17.778902	-23.316882	-0.820389	0.298020	0.298476	0.245483	-0.040363	-0.048249	-2.691292	0.355355	0.323766	0.252575	-0.014281	0.028012	0.974170	0.223617	
 1687527816.253965	1687527816.202404	17.587454	-23.371068	-0.812993	0.292010	0.292579	0.243351	-0.050326	-0.030117	-2.521941	0.312232	0.332259	0.250248	-0.019370	0.022007	0.951862	0.305123	
 1687527816.659276	1687527816.607038	17.428324	-23.375336	-0.815011	0.300025	0.300863	0.248579	-0.050058	-0.036795	-2.494270	0.325231	0.269990	0.254387	-0.017874	0.025394	0.947474	0.318323	
 1687527817.063739	1687527817.008379	17.238294	-23.356178	-0.830317	0.298697	0.299095	0.247004	-0.067920	-0.077333	-2.372073	0.325160	0.282683	0.252734	-0.016946	0.048544	0.925169	0.376056	
 1687527817.467790	1687527817.417528	17.043280	-23.349767	-0.835796	0.288034	0.288410	0.241426	-0.058798	-0.065707	-2.290368	0.365610	0.400761	0.247753	-0.013202	0.042034	0.909503	0.413357	
 1687527817.876185	1687527817.820996	16.849209	-23.332803	-0.837879	0.294113	0.294428	0.244660	-0.025609	-0.061660	-2.250767	0.341181	0.368284	0.250479	0.001730	0.033329	0.901760	0.430946	
 1687527818.280972	1687527818.229339	16.739159	-23.247811	-0.831133	0.294542	0.295193	0.244910	-0.045815	-0.068417	-2.384516	0.266038	0.388201	0.250983	-0.008635	0.040232	0.928129	0.369978	
 1687527818.684748	1687527818.632974	16.620759	-23.157836	-0.820668	0.291417	0.291797	0.243689	-0.045710	-0.075512	-2.433507	0.315488	0.408700	0.249960	-0.008337	0.043314	0.936766	0.347164	
 1687527819.090814	1687527819.036356	16.466584	-23.109441	-0.832146	0.296772	0.297218	0.245851	-0.053231	-0.072336	-2.515096	0.317697	0.446591	0.252185	-0.014162	0.042583	0.950082	0.308756	
 1687527819.494951	1687527819.439314	16.365964	-23.028370	-0.853210	0.301757	0.301919	0.247563	-0.035335	-0.083895	-2.648475	0.350590	0.432110	0.253071	-0.006884	0.044969	0.968573	0.244534	
 1687527819.907016	1687527819.843215	16.243263	-22.954431	-0.844045	0.296419	0.296625	0.246167	-0.058317	-0.080995	-2.741698	0.288767	0.488870	0.250770	-0.020512	0.045449	0.978623	0.199527	
 1687527820.313568	1687527820.245376	16.048364	-22.906427	-0.832835	0.292970	0.292647	0.243531	-0.039449	-0.067040	-2.785190	0.375940	0.472381	0.249698	-0.013461	0.036471	0.983303	0.177776	
 1687527820.721360	1687527820.649159	15.913989	-22.818906	-0.820686	0.296450	0.296341	0.245640	-0.053065	-0.064412	-2.979003	0.317815	0.432395	0.251604	-0.023814	0.034236	0.995761	0.081986	
 1687527821.126375	1687527821.051280	15.739614	-22.736661	-0.822356	0.298418	0.297764	0.246465	-0.054463	-0.084634	-2.980482	0.384906	0.413034	0.252440	-0.023712	0.044340	0.995403	0.081515	
 1687527821.530499	1687527821.453399	15.559180	-22.705385	-0.837346	0.300408	0.299830	0.246675	-0.041030	-0.081024	-3.084089	0.391132	0.527305	0.253521	-0.019324	0.041065	0.998532	0.029549	
 1687527821.933927	1687527821.858833	15.344374	-22.655037	-0.842298	0.297398	0.296526	0.246816	-0.049953	-0.067029	2.955297	0.322852	0.462661	0.252002	-0.027967	0.031031	0.994873	-0.092099	
 1687527822.338243	1687527822.260940	15.134711	-22.644292	-0.837394	0.300544	0.299696	0.247081	-0.044063	-0.070299	2.937429	0.378139	0.408320	0.253156	-0.025482	0.032707	0.994017	-0.101047	
 1687527822.745243	1687527822.667066	14.954753	-22.650988	-0.833928	0.297693	0.296846	0.246272	-0.051241	-0.060554	2.871581	0.360416	0.433725	0.252926	-0.029446	0.026540	0.990226	-0.133722	
 1687527823.150106	1687527823.074058	14.757455	-22.675347	-0.850793	0.293129	0.292405	0.244158	-0.048470	-0.062094	2.943870	0.381622	0.368986	0.250714	-0.027166	0.028491	0.994420	-0.097875	
 1687527823.556561	1687527823.476885	14.582576	-22.706089	-0.877249	0.294244	0.293401	0.243828	-0.046600	-0.052378	2.959027	0.376883	0.376704	0.250675	-0.025580	0.023947	0.995281	-0.090493	
 1687527823.962164	1687527823.882196	14.407738	-22.743660	-0.892926	0.293190	0.292470	0.243469	-0.057040	-0.058711	2.986696	0.370632	0.338977	0.250337	-0.030688	0.027046	0.996232	-0.076472	
 1687527824.367812	1687527824.286289	14.207470	-22.789770	-0.894719	0.294622	0.294416	0.243895	-0.051690	-0.057290	2.987574	0.386947	0.324489	0.250710	-0.027958	0.026559	0.996351	-0.076138	
 1687527824.774847	1687527824.691345	14.039023	-22.825848	-0.879161	0.298099	0.297862	0.245680	-0.054122	-0.055698	3.002272	0.384158	0.331406	0.252516	-0.028919	0.025885	0.996875	-0.068800	
 1687527825.182991	1687527825.094199	13.833671	-22.854172	-0.868614	0.297849	0.297646	0.246350	-0.058434	-0.051437	3.008541	0.395426	0.322389	0.253242	-0.030848	0.023706	0.997082	-0.065677	
 1687527825.587155	1687527825.497259	13.612341	-22.884285	-0.890045	0.299807	0.299505	0.247006	-0.057159	-0.060322	3.020735	0.434025	0.318777	0.253864	-0.030331	0.028364	0.997365	-0.059480	
 1687527825.990067	1687527825.906456	13.426075	-22.915902	-0.916598	0.298596	0.298556	0.246024	-0.066460	-0.055070	3.005720	0.439528	0.345238	0.253184	-0.035002	0.025199	0.996827	-0.066908	
 1687527826.396084	1687527826.309019	13.211174	-22.950970	-0.929093	0.297653	0.297653	0.245220	-0.053028	-0.067527	2.908733	0.487428	0.323472	0.252479	-0.030236	0.030439	0.992419	-0.115171	
 1687527826.801518	1687527826.713473	13.019188	-22.945829	-0.915798	0.292264	0.292538	0.243482	-0.071155	-0.067136	2.647575	0.432980	0.377452	0.250287	-0.042672	0.023830	0.968781	-0.243055	
 1687527827.207105	1687527827.115741	12.811285	-22.916189	-0.895564	0.299748	0.299818	0.246228	-0.059445	-0.065606	2.615830	0.516133	0.403554	0.253383	-0.037201	0.023938	0.964953	-0.258668	
 1687527827.611409	1687527827.519749	12.608519	-22.964406	-0.884321	0.298978	0.298839	0.246453	-0.058436	-0.080024	2.548075	0.445875	0.391904	0.253262	-0.039607	0.029701	0.955458	-0.290946	
 1687527828.017121	1687527827.923429	12.443987	-23.039607	-0.885839	0.296787	0.296895	0.245897	-0.063075	-0.065460	2.474548	0.451870	0.463897	0.252572	-0.040486	0.020588	0.944257	-0.326060	
 1687527828.423713	1687527828.427516	12.234986	-23.108700	-0.901525	0.300135	0.299981	0.247300	-0.062363	-0.055805	2.493309	0.442035	0.410965	0.253766	-0.038423	0.016507	0.947372	-0.317392	
 1687527828.829972	1687527828.834016	12.024182	-23.185790	-0.918088	0.300056	0.299799	0.246690	-0.058346	-0.048835	2.615302	0.452711	0.387977	0.253416	-0.034504	0.015980	0.965063	-0.259243	
 1687527829.235665	1687527829.254599	11.858372	-23.273244	-0.915200	0.299548	0.299355	0.246319	-0.058361	-0.044588	2.677768	0.459407	0.359280	0.252831	-0.033509	0.014982	0.972722	-0.229051	
 1687527829.642072	1687527829.559075	11.660775	-23.332373	-0.900239	0.296541	0.296365	0.246766	-0.080518	-0.058092	2.626588	0.466210	0.341596	0.252857	-0.046295	0.017816	0.966136	-0.253222	
 1687527830.048444	1687527829.961233	11.495543	-23.380008	-0.920549	0.299011	0.298798	0.247175	-0.056955	-0.061132	2.636033	0.619956	0.409739	0.253811	-0.035196	0.022460	0.967594	-0.249036	
 1687527830.456449	1687527830.363046	11.291015	-23.469502	-0.944016	0.297947	0.298035	0.246606	-0.057424	-0.065506	2.621083	0.426195	0.377145	0.252047	-0.036150	0.024248	0.965650	-0.256175	
 1687527830.860196	1687527830.767695	11.082635	-23.566518	-0.928453	0.298844	0.299265	0.246351	-0.071691	-0.061882	2.603818	0.445090	0.408783	0.253068	-0.042747	0.020289	0.963281	-0.264292	
 1687527831.265688	1687527831.173777	10.904495	-23.652612	-0.914096	0.297322	0.297734	0.245730	-0.070019	-0.054224	2.633940	0.536704	0.413594	0.252725	-0.040671	0.017438	0.967248	-0.249945	
 1687527831.672101	1687527831.578785	10.673366	-23.697783	-0.902860	0.297939	0.298108	0.247809	-0.062152	-0.061379	2.570154	0.497615	0.366328	0.252944	-0.038442	0.020673	0.958813	-0.280664	
 1687527832.079067	1687527832.082236	10.432821	-23.727903	-0.895507	0.298807	0.298758	0.247002	-0.083495	-0.079516	2.473755	0.476183	0.413778	0.253224	-0.052415	0.023852	0.943740	-0.325636	
 1687527832.485088	1687527832.486170	10.264677	-23.800122	-0.906957	0.299905	0.299882	0.246758	-0.068423	-0.079721	2.412540	0.604269	0.530175	0.253736	-0.046130	0.025025	0.933490	-0.354742	
 1687527832.890512	1687527832.891342	10.043980	-23.891045	-0.916555	0.296471	0.296642	0.245679	-0.049859	-0.076457	2.305000	0.476448	0.506034	0.252103	-0.038281	0.024795	0.913218	-0.404911	
 1687527833.298015	1687527833.293896	9.883065	-23.980464	-0.908909	0.290691	0.291290	0.243415	-0.069869	-0.060212	2.389653	0.388125	0.513162	0.249808	-0.043519	0.015163	0.929549	-0.365807	
 1687527833.702291	1687527833.698583	9.672965	-24.072570	-0.907592	0.296711	0.296811	0.246603	-0.058174	-0.054951	2.377957	0.458272	0.408986	0.251988	-0.037211	0.014651	0.927544	-0.371568	
 1687527834.105995	1687527834.102253	9.466685	-24.159801	-0.903285	0.299516	0.299608	0.247429	-0.064470	-0.041966	2.498640	0.414794	0.395276	0.252922	-0.037198	0.009715	0.948282	-0.315092	
 1687527834.510488	1687527834.506236	9.334658	-24.287505	-0.905921	0.298373	0.298753	0.246876	-0.052626	-0.043188	2.612542	0.470751	0.348034	0.252632	-0.031032	0.013957	0.964806	-0.260751	
 1687527834.920784	1687527834.908994	9.139109	-24.364678	-0.900649	0.290320	0.290580	0.243622	-0.066718	-0.052501	2.544990	0.400307	0.332132	0.249147	-0.039578	0.015275	0.955233	-0.292796	
 1687527835.325016	1687527835.325936	8.914548	-24.434992	-0.905669	0.301426	0.301393	0.248100	-0.058740	-0.058772	2.625164	0.490530	0.386704	0.254162	-0.035879	0.020900	0.966234	-0.254300	
 1687527835.734158	1687527835.730833	8.744581	-24.528895	-0.907227	0.298792	0.299036	0.246900	-0.074456	-0.058629	2.652671	0.452109	0.403809	0.252567	-0.043186	0.019415	0.969443	-0.240703	
 1687527836.138056	1687527836.136453	8.525325	-24.614439	-0.897567	0.300643	0.300518	0.248193	-0.070543	-0.076291	2.582263	0.523459	0.388861	0.253447	-0.044390	0.026905	0.960223	-0.274368	
 1687527836.543468	1687527836.540769	8.352187	-24.687164	-0.891430	0.297026	0.297428	0.246227	-0.068895	-0.060268	2.615308	0.522422	0.492768	0.252666	-0.041072	0.020121	0.964836	-0.258842	
 1687527836.948758	1687527836.944429	8.136242	-24.750060	-0.891102	0.297802	0.297966	0.246811	-0.082319	-0.090049	2.697475	0.510678	0.411821	0.252537	-0.050001	0.034814	0.974040	-0.218022	
 1687527837.356126	1687527837.348897	7.922993	-24.838555	-0.881308	0.297436	0.297827	0.245730	-0.075104	-0.067604	2.779265	0.590025	0.529737	0.252097	-0.042992	0.026459	0.982608	-0.178697	
 1687527837.760203	1687527837.752665	7.744978	-24.920486	-0.874854	0.298732	0.298664	0.246508	-0.046857	-0.071761	2.838254	0.590661	0.439849	0.252844	-0.028561	0.031914	0.987740	-0.150119	
 1687527838.165200	1687527838.155501	7.526836	-25.037942	-0.872562	0.300014	0.300701	0.247711	-0.061541	-0.073931	2.906653	0.411507	0.458605	0.254015	-0.034862	0.033082	0.992093	-0.115935	
 1687527838.570681	1687527838.561199	7.309721	-25.118075	-0.863649	0.297599	0.298315	0.246392	-0.068307	-0.059314	2.973953	0.488761	0.441746	0.253053	-0.036493	0.026674	0.995555	-0.082627	
 1687527838.975941	1687527838.965061	7.138948	-25.166251	-0.868767	0.296541	0.296733	0.247341	-0.067100	-0.062369	3.026616	0.534761	0.365869	0.252755	-0.035262	0.029184	0.997361	-0.056352	
 1687527839.384113	1687527839.368373	6.907672	-25.214122	-0.884078	0.299870	0.299894	0.248098	-0.060471	-0.066972	2.989740	0.501241	0.351659	0.253499	-0.032665	0.031076	0.996181	-0.074767	
 1687527839.793873	1687527839.773275	6.703159	-25.247645	-0.887037	0.300722	0.300973	0.246552	-0.046601	-0.076902	2.952266	0.488720	0.383050	0.253270	-0.026810	0.036058	0.994602	-0.093535	
 1687527840.202160	1687527840.179796	6.489546	-25.288663	-0.850640	0.295853	0.296682	0.245320	-0.060124	-0.084538	2.845391	0.385521	0.387541	0.251902	-0.035935	0.037344	0.987911	-0.146105	
 1687527840.608915	1687527840.581753	6.260110	-25.310047	-0.825327	0.298708	0.299127	0.247496	-0.073885	-0.059232	2.757050	0.490744	0.450766	0.254380	-0.041892	0.021992	0.980682	-0.189801	
 1687527841.013298	1687527840.985521	6.055313	-25.334457	-0.854221	0.297852	0.297509	0.246153	-0.026642	-0.080993	2.709818	0.618918	0.397769	0.253129	-0.021673	0.036691	0.976015	-0.213493	
 1687527841.419815	1687527841.389235	5.790588	-25.403090	-0.873776	0.299327	0.299912	0.246079	-0.044299	-0.076978	2.719349	0.344232	0.496235	0.252850	-0.029702	0.032978	0.977011	-0.208517	
 1687527841.823019	1687527841.793755	5.553415	-25.448522	-0.862406	0.296778	0.297368	0.246105	-0.061525	-0.055827	2.606030	0.421052	0.467180	0.252995	-0.037031	0.018767	0.963756	-0.263536	
 1687527842.227115	1687527842.197962	5.358379	-25.485332	-0.864146	0.299351	0.298783	0.246460	-0.037396	-0.068680	2.542810	0.533166	0.418612	0.253229	-0.027979	0.027289	0.954975	-0.294100	
 1687527842.635751	1687527842.604650	5.139380	-25.558462	-0.841003	0.298155	0.298400	0.246335	-0.091586	-0.084896	2.346428	0.388248	0.474174	0.253025	-0.058582	0.021376	0.920956	-0.384645	
 1687527842.942396	1687527842.908198	4.933343	-25.584884	-0.825960	0.242192	0.242068	0.216831	-0.059749	-0.068182	2.223187	0.590549	0.555839	0.222474	-0.041861	0.017308	0.895937	-0.441866	
 1687527843.349700	1687527843.312183	4.709901	-25.658637	-0.848795	0.296400	0.296271	0.244757	-0.059543	-0.082290	2.199924	0.440412	0.518000	0.250950	-0.045157	0.023150	0.890597	-0.451954	
 1687527843.754965	1687527843.715610	4.518855	-25.750799	-0.850799	0.297712	0.297658	0.245673	-0.055966	-0.089401	2.057162	0.441562	0.611390	0.252866	0.046992	-0.023837	-0.856022	0.514247	
 1687527844.157703	1687527844.121241	4.330824	-25.856159	-0.863616	0.294268	0.294571	0.246744	-0.041195	-0.067659	2.009680	0.351950	0.540302	0.251371	0.035507	-0.017505	-0.843788	0.535215	
 1687527844.562733	1687527844.527497	4.160600	-25.983401	-0.881952	0.296956	0.296832	0.246051	-0.051113	-0.072806	1.988743	0.310935	0.438551	0.252214	0.041240	-0.016586	-0.838094	0.543711	
 1687527844.967324	1687527844.932432	4.052892	-26.106558	-0.903631	0.301235	0.301478	0.247410	-0.053543	-0.043748	2.060109	0.340013	0.464954	0.253818	0.034199	-0.004969	-0.857116	0.513963	
 1687527845.374529	1687527845.338838	3.885453	-26.224906	-0.902674	0.298188	0.297581	0.246529	-0.073257	-0.045252	2.051978	0.351356	0.333680	0.252075	0.043028	-0.000362	-0.854864	0.517065	
 1687527845.781830	1687527845.743763	3.768018	-26.331545	-0.899098	0.301746	0.300682	0.249462	-0.066028	-0.049184	2.116235	0.437129	0.338979	0.253671	-0.040810	0.005230	0.871093	-0.489391	
 1687527846.190845	1687527846.147321	3.576845	-26.453439	-0.898623	0.299001	0.298741	0.247764	-0.061278	-0.052598	2.077797	0.406747	0.346338	0.252346	0.039723	-0.007121	-0.861552	0.506062	
 1687527846.596302	1687527846.551187	3.384161	-26.578093	-0.897721	0.300793	0.300529	0.248592	-0.066043	-0.052508	2.139099	0.397111	0.365868	0.253492	-0.041551	0.007150	0.876621	-0.479332	
 1687527847.008036	1687527846.953517	3.286284	-26.722395	-0.908450	0.297907	0.297895	0.247122	-0.066204	-0.043983	2.300686	0.418685	0.360006	0.252023	-0.039177	0.006558	0.912480	-0.407188	
 1687527847.411980	1687527847.361293	3.122601	-26.840486	-0.911460	0.298204	0.298160	0.247894	-0.068154	-0.054153	2.196292	0.406253	0.317601	0.251713	-0.042642	0.008586	0.889942	-0.453995	
 1687527847.817179	1687527847.766567	2.933323	-26.950390	-0.917487	0.298311	0.298370	0.247400	-0.071795	-0.047530	2.290651	0.431634	0.363490	0.252180	-0.042483	0.006821	0.910353	-0.411591	
 1687527848.224134	1687527848.169845	2.785782	-27.084619	-0.918144	0.292961	0.293176	0.244101	-0.071600	-0.048997	2.295107	0.471981	0.343587	0.249309	-0.042679	0.007624	0.911264	-0.409534	
 1687527848.628559	1687527848.574540	2.587350	-27.224740	-0.907768	0.301505	0.301583	0.247650	-0.066259	-0.058699	2.230684	0.471624	0.351928	0.253201	-0.042635	0.011776	0.897610	-0.438567	
 1687527849.032459	1687527848.978255	2.443585	-27.347195	-0.891534	0.292978	0.293119	0.244155	-0.080398	-0.064247	2.237085	0.452947	0.406405	0.250301	-0.050153	0.011313	0.898838	-0.435255	
 1687527849.439183	1687527849.383260	2.282765	-27.476348	-0.890627	0.289421	0.289701	0.243614	-0.081154	-0.061845	2.188403	0.514137	0.413181	0.249248	-0.050200	0.008849	0.887982	-0.457045	
 1687527849.843366	1687527849.787265	2.094960	-27.606730	-0.910426	0.302023	0.302342	0.247472	-0.050970	-0.046888	2.196038	0.546770	0.417103	0.253920	-0.033352	0.009263	0.890045	-0.454556	
 1687527850.246561	1687527850.190227	1.953585	-27.734417	-0.905543	0.297654	0.298184	0.246655	-0.071402	-0.047108	2.231449	0.388223	0.363488	0.252325	-0.042397	0.005458	0.897778	-0.438370	
 1687527850.653818	1687527850.595613	1.777808	-27.866992	-0.902698	0.296687	0.296977	0.246476	-0.051408	-0.067146	2.184058	0.473215	0.339980	0.251788	-0.038257	0.017949	0.887168	-0.459508	
 1687527850.959473	1687527850.898810	1.651729	-27.988567	-0.885387	0.240410	0.240507	0.216045	-0.057104	-0.054734	2.209330	0.322877	0.394261	0.220199	-0.037786	0.011608	0.892966	-0.448385	
 1687527851.368565	1687527851.303118	1.490831	-28.107906	-0.873283	0.292851	0.293370	0.243992	-0.073574	-0.055877	2.166400	0.389820	0.372659	0.249673	-0.045559	0.007438	0.883001	-0.467096	
 1687527851.773534	1687527851.708378	1.351035	-28.239556	-0.886050	0.301870	0.302049	0.246976	-0.053068	-0.060656	2.204593	0.497018	0.381653	0.253416	-0.037349	0.015072	0.891886	-0.450464	
 1687527852.176455	1687527852.111517	1.194236	-28.377294	-0.876795	0.294432	0.294955	0.245344	-0.065304	-0.062319	2.191306	0.368366	0.400424	0.250879	-0.043260	0.012761	0.888787	-0.456096	
 1687527852.584698	1687527852.517097	1.022253	-28.542136	-0.873056	0.287402	0.287818	0.242443	-0.064822	-0.045804	2.208334	0.420233	0.394615	0.248178	-0.039230	0.005867	0.892720	-0.448862	
 1687527852.890628	1687527852.819788	0.899177	-28.713869	-0.886283	0.242708	0.242590	0.217754	-0.051497	-0.057602	2.207847	0.386964	0.294130	0.221932	-0.035938	0.014124	0.892648	-0.449098	
 1687527853.293610	1687527853.224901	0.809956	-28.873270	-0.899920	0.296456	0.297171	0.245655	-0.074009	-0.044827	2.316728	0.349901	0.370103	0.250681	-0.042863	0.005693	0.915624	-0.399704	
 1687527853.701745	1687527853.628000	0.651950	-29.039156	-0.892379	0.294460	0.294790	0.245951	-0.059611	-0.050791	2.316405	0.448890	0.312149	0.250778	-0.037469	0.011306	0.915685	-0.399986	
 1687527854.111433	1687527854.032114	0.469889	-29.187769	-0.886438	0.294048	0.294320	0.245362	-0.072018	-0.052714	2.439076	0.398419	0.351016	0.250443	-0.042853	0.012346	0.938332	-0.342846	
 1687527854.520153	1687527854.441275	0.333205	-29.311003	-0.877981	0.301162	0.301291	0.247807	-0.077733	-0.059755	2.441620	0.487801	0.372400	0.253556	-0.046720	0.014723	0.938647	-0.341383	
 1687527854.925922	1687527854.843345	0.175224	-29.460972	-0.876371	0.297011	0.297177	0.246836	-0.076578	-0.063121	2.438096	0.505299	0.396577	0.252212	-0.046782	0.016419	0.938033	-0.342982	
 1687527855.328906	1687527855.246360	-0.000608	-29.611948	-0.885897	0.293283	0.293546	0.243812	-0.041203	-0.065811	2.441011	0.504099	0.418670	0.250519	-0.030626	0.023830	0.938798	-0.342276	
 1687527855.732106	1687527855.653059	-0.158204	-29.737732	-0.885233	0.293176	0.293759	0.243433	-0.035901	-0.067669	2.483657	0.334218	0.480985	0.250059	-0.027904	0.026214	0.945878	-0.322255	
 1687527856.135431	1687527856.054793	-0.310494	-29.901315	-0.865594	0.293834	0.294612	0.245789	-0.079581	-0.072915	2.624691	0.299444	0.438593	0.251110	-0.047742	0.025051	0.965750	-0.253809	
 1687527856.540038	1687527856.459447	-0.420810	-30.016144	-0.856294	0.297159	0.297497	0.246050	-0.078953	-0.073724	2.608057	0.512594	0.468320	0.252423	-0.047752	0.025126	0.963605	-0.261828	
 1687527856.945736	1687527856.863655	-0.590325	-30.136900	-0.861310	0.299696	0.299974	0.246627	-0.053582	-0.046820	2.711104	0.534657	0.493530	0.253024	-0.031160	0.017140	0.976440	-0.212838	
 1687527857.352944	1687527857.266371	-0.783858	-30.281630	-0.856826	0.298472	0.298564	0.246477	-0.048115	-0.086686	2.809204	0.420979	0.376800	0.252507	-0.030867	0.038744	0.985183	-0.164199	
 1687527857.755827	1687527857.670803	-0.937706	-30.400758	-0.838499	0.298865	0.299654	0.246817	-0.065537	-0.079530	2.818629	0.386306	0.666524	0.253453	-0.038699	0.033953	0.985890	-0.159282	
 1687527858.159896	1687527858.084509	-1.144946	-30.520635	-0.826815	0.293884	0.294234	0.245027	-0.054680	-0.067792	2.805513	0.478336	0.551213	0.251810	-0.032602	0.028830	0.985135	-0.166178	
 1687527858.565534	1687527858.487071	-1.355124	-30.679201	-0.840120	0.297459	0.297947	0.246002	-0.061243	-0.072204	2.905202	0.440473	0.509395	0.252694	-0.034638	0.032218	0.992041	-0.116691	
 1687527858.968899	1687527858.891541	-1.525838	-30.772943	-0.841636	0.298104	0.298332	0.245769	-0.044268	-0.065943	2.922719	0.506577	0.559545	0.252823	-0.025588	0.030344	0.993314	-0.108407	
 1687527859.372216	1687527859.295641	-1.733984	-30.849801	-0.841303	0.297160	0.297527	0.245964	-0.041014	-0.064551	3.003628	0.398991	0.527108	0.252603	-0.022670	0.030774	0.996938	-0.068217	
 1687527859.776369	1687527859.699371	-1.896389	-30.924567	-0.829469	0.286837	0.287318	0.241756	-0.099048	-0.064991	3.139143	0.382356	0.523400	0.248103	-0.049517	0.032389	0.998248	0.000385	
 1687527860.179841	1687527860.103703	-2.091254	-31.001817	-0.824648	0.300172	0.300020	0.246528	-0.057876	-0.069589	3.127030	0.854334	0.455435	0.253643	-0.029169	0.034561	0.998957	-0.006267	
 1687527860.587703	1687527860.505517	-2.314370	-31.082922	-0.815931	0.295172	0.295583	0.244745	-0.070536	-0.078206	-3.033979	0.513277	0.551191	0.251401	-0.033082	0.040907	0.997095	0.055083	
 1687527860.991367	1687527860.909885	-2.493747	-31.101486	-0.796728	0.302053	0.302416	0.247681	-0.041373	-0.068765	-3.057499	0.624389	0.608102	0.255040	-0.019210	0.035207	0.998282	0.042711	
 1687527861.397515	1687527861.313332	-2.716134	-31.106561	-0.791285	0.290031	0.290629	0.243586	-0.049518	-0.059502	-2.970326	0.388134	0.550851	0.250379	-0.022112	0.031745	0.995527	0.086199	
 1687527861.804778	1687527861.718697	-2.891195	-31.079336	-0.812064	0.292812	0.292899	0.244312	-0.062547	-0.082235	-2.975478	0.450586	0.469615	0.250824	-0.027726	0.043536	0.995117	0.084132	
 1687527862.208360	1687527862.125392	-3.087869	-31.108644	-0.829576	0.301871	0.302089	0.247435	-0.056770	-0.083869	-2.906669	0.512305	0.584371	0.254722	-0.023250	0.044940	0.991697	0.118224	
 1687527862.611951	1687527862.529990	-3.298675	-31.147075	-0.829774	0.297399	0.297481	0.245498	-0.042331	-0.075572	-2.962077	0.452897	0.587571	0.252225	-0.017678	0.039512	0.994969	0.090350	
 1687527863.017786	1687527862.934100	-3.481443	-31.136888	-0.824765	0.298274	0.298604	0.246282	-0.034388	-0.078291	-2.953851	0.374015	0.547973	0.252709	-0.013437	0.040568	0.994625	0.094317	
 1687527863.421263	1687527863.340593	-3.698015	-31.148799	-0.804345	0.297333	0.297701	0.246120	-0.068158	-0.076541	-2.864841	0.323080	0.546640	0.252731	-0.028448	0.042570	0.988962	0.139045	
 1687527863.824403	1687527863.756931	-3.906545	-31.155291	-0.781500	0.298858	0.298714	0.246131	-0.058515	-0.071015	-2.902206	0.520633	0.487265	0.253166	-0.024789	0.038722	0.991671	0.120313	
 1687527864.229439	1687527864.159881	-4.089434	-31.113204	-0.778088	0.295225	0.295275	0.244941	-0.051962	-0.073897	-2.920488	0.471302	0.475083	0.252057	-0.021728	0.039566	0.992776	0.111169	
 1687527864.633231	1687527864.566681	-4.308004	-31.058438	-0.788823	0.298034	0.297977	0.246361	-0.054632	-0.075203	-2.962215	0.413947	0.479295	0.253357	-0.023818	0.039872	0.994813	0.090494	
 1687527865.039762	1687527864.975398	-4.509807	-31.013136	-0.820436	0.298382	0.298266	0.245843	-0.038017	-0.075381	-3.012196	0.442855	0.493266	0.252871	-0.016518	0.038824	0.996973	0.065310	
 1687527865.450177	1687527865.380498	-4.764642	-31.002166	-0.836416	0.298875	0.298859	0.246518	-0.041254	-0.080082	-3.052103	0.333662	0.466822	0.253012	-0.018798	0.040904	0.997949	0.045509	
 1687527865.856735	1687527865.786368	-4.976563	-31.006887	-0.832423	0.297284	0.297373	0.245671	-0.038423	-0.067027	-3.091740	0.352303	0.493394	0.252515	-0.018359	0.033969	0.998928	0.025549	
 1687527866.263660	1687527866.190236	-5.170823	-30.984043	-0.830850	0.297077	0.296951	0.245843	-0.051111	-0.064291	-3.049422	0.351853	0.436020	0.252737	-0.024032	0.033272	0.998058	0.046851	
 1687527866.667556	1687527866.594453	-5.414196	-30.964419	-0.836551	0.301053	0.300605	0.247140	-0.073054	-0.070908	-2.965089	0.412578	0.394301	0.254272	-0.033232	0.038501	0.994704	0.089313	
 1687527867.071194	1687527866.998530	-5.648045	-30.947668	-0.839874	0.292899	0.292393	0.243596	-0.063132	-0.079641	-2.983665	0.532148	0.389968	0.250659	-0.028299	0.042154	0.995498	0.080032	
 1687527867.474882	1687527867.408263	-5.849626	-30.918488	-0.840600	0.298254	0.298065	0.245863	-0.054584	-0.081196	-3.021721	0.474500	0.446874	0.253026	-0.024787	0.042132	0.996944	0.060934	
 1687527867.885572	1687527867.814413	-6.066016	-30.899148	-0.844114	0.296178	0.296120	0.245295	-0.054452	-0.071306	-3.021578	0.417074	0.452618	0.252236	-0.025019	0.037200	0.997138	0.060880	
 1687527868.290032	1687527868.216833	-6.252118	-30.876160	-0.855813	0.295119	0.294942	0.245092	-0.049454	-0.068507	-3.028299	0.434296	0.417478	0.251803	-0.022732	0.035580	0.997457	0.057411	
 1687527868.698500	1687527868.623072	-6.470617	-30.866600	-0.874395	0.296308	0.296139	0.244997	-0.048926	-0.069275	-3.000502	0.403603	0.405577	0.251911	-0.021945	0.036257	0.996556	0.071268	
 1687527869.107864	1687527869.026778	-6.685448	-30.869080	-0.873578	0.294587	0.294525	0.244314	-0.055768	-0.050798	-3.013348	0.398740	0.409955	0.251389	-0.026187	0.027120	0.997190	0.064740	
 1687527869.512126	1687527869.449088	-6.882668	-30.851964	-0.874782	0.298626	0.298336	0.246293	-0.043564	-0.055300	-3.027366	0.455052	0.329605	0.253488	-0.020159	0.028838	0.997717	0.057648	
 1687527869.917828	1687527869.853735	-7.103387	-30.843094	-0.873698	0.296755	0.296821	0.245908	-0.062695	-0.052739	-2.978588	0.359453	0.332564	0.252858	-0.029082	0.028817	0.995777	0.082168	
 1687527870.325218	1687527870.258844	-7.336264	-30.810615	-0.883054	0.298163	0.297951	0.246210	-0.051014	-0.056387	-2.994120	0.471543	0.315623	0.253213	-0.023349	0.029982	0.996509	0.074333	
 1687527870.728888	1687527870.662602	-7.505872	-30.792773	-0.898147	0.299771	0.299926	0.246717	-0.069216	-0.047541	-2.958121	0.411770	0.339250	0.253945	-0.032270	0.026823	0.994842	0.092346	
 1687527871.134295	1687527871.073716	-7.715306	-30.774497	-0.907800	0.297852	0.297716	0.245771	-0.055472	-0.054182	-2.970569	0.520911	0.296764	0.253130	-0.025308	0.029346	0.995533	0.086092	
 1687527871.539835	1687527871.478452	-7.909477	-30.749222	-0.913158	0.298844	0.298976	0.246156	-0.051170	-0.060230	-2.979487	0.435211	0.323307	0.253300	-0.023049	0.032072	0.995877	0.081669	
 1687527871.944056	1687527871.882255	-8.129567	-30.723313	-0.906557	0.298910	0.299274	0.246425	-0.065315	-0.053269	-2.984344	0.394141	0.334671	0.253668	-0.030449	0.029098	0.995957	0.079341	
 1687527872.349348	1687527872.285112	-8.352401	-30.687345	-0.900171	0.295876	0.296030	0.245074	-0.062494	-0.055286	-2.990297	0.488106	0.308548	0.252260	-0.029053	0.029907	0.996207	0.076371	
 1687527874.956074	1687527874.918877	-8.890773	-30.528822	-0.872452	0.250430	0.250339	0.221210	0.042725	-0.068576	-2.777096	0.386157	0.277651	0.227559	0.027206	0.029836	0.982769	0.180373	
 1687527875.362707	1687527875.322411	-9.116192	-30.461194	-0.903582	0.297267	0.296703	0.246219	0.001938	-0.061181	-2.726860	0.374923	0.403549	0.251590	0.007245	0.029731	0.978124	0.205758	
 1687527875.766840	1687527875.727678	-9.283262	-30.382307	-0.891825	0.292142	0.292436	0.244031	-0.063202	-0.068163	-2.925627	0.254687	0.364960	0.247834	-0.027723	0.037263	0.992986	0.108727	
 1687527876.170162	1687527876.131360	-9.505100	-30.331221	-0.880560	0.298392	0.298507	0.246213	-0.054043	-0.068435	-3.028542	0.406971	0.331159	0.252671	-0.025027	0.035669	0.997402	0.057364	
 1687527876.573777	1687527876.536246	-9.710173	-30.289708	-0.867620	0.298702	0.299034	0.245889	-0.054338	-0.084791	-3.112566	0.372103	0.336936	0.252299	-0.026523	0.042756	0.998611	0.015646	
 1687527876.977291	1687527876.940447	-9.849691	-30.257782	-0.835538	0.297452	0.297880	0.245423	-0.071291	-0.066739	-3.057001	0.381717	0.388526	0.252368	-0.034176	0.034818	0.997865	0.043421	
 1687527877.383809	1687527877.345593	-10.018583	-30.228525	-0.815704	0.295102	0.294927	0.245208	-0.054914	-0.063015	-3.036380	0.432123	0.301122	0.252292	-0.025746	0.032890	0.997699	0.053400	
 1687527877.788556	1687527877.751438	-10.171797	-30.209876	-0.837509	0.299569	0.299061	0.246543	-0.044517	-0.064151	-2.984117	0.377770	0.307092	0.253775	-0.019655	0.033712	0.996086	0.079308	
 1687527878.198323	1687527878.155278	-10.386585	-30.179617	-0.833666	0.296821	0.296759	0.245886	-0.036970	-0.058929	-3.001886	0.323392	0.301364	0.253073	-0.016375	0.030673	0.996920	0.070298	
 1687527878.602768	1687527878.561871	-10.619955	-30.151563	-0.844287	0.298335	0.298308	0.246746	-0.067960	-0.055483	-2.976932	0.306266	0.299756	0.253802	-0.031566	0.030421	0.995577	0.083097	
 1687527879.009892	1687527878.967350	-10.811845	-30.126154	-0.853555	0.300715	0.300287	0.246435	-0.046771	-0.070981	-3.000656	0.445418	0.283742	0.253580	-0.020813	0.037031	0.996559	0.071174	
 1687527879.412592	1687527879.371520	-11.025773	-30.104627	-0.841342	0.299819	0.299999	0.246838	-0.053868	-0.063075	-2.987263	0.338928	0.316228	0.253930	-0.024407	0.033502	0.996102	0.077869	
 1687527879.820160	1687527879.774679	-11.246308	-30.071282	-0.838173	0.290058	0.289951	0.242658	-0.042703	-0.055605	-2.993929	0.370420	0.296541	0.249978	-0.019233	0.029291	0.996619	0.074311	
 1687527880.223555	1687527880.179620	-11.423156	-30.040435	-0.861810	0.295761	0.295638	0.245530	-0.052161	-0.061762	-2.975156	0.333461	0.291305	0.252593	-0.023409	0.032925	0.995659	0.083857	
 1687527880.633464	1687527880.583048	-11.659613	-30.011669	-0.873259	0.296629	0.296628	0.244741	-0.057420	-0.067367	-3.042388	0.363018	0.292779	0.251856	-0.026985	0.035044	0.997744	0.050499	
 1687527881.037934	1687527880.989199	-11.839830	-29.962575	-0.865263	0.302220	0.301709	0.247052	-0.033024	-0.084817	3.108055	0.406370	0.309524	0.254273	-0.017205	0.042107	0.998836	-0.016051	
 1687527881.445323	1687527881.393169	-12.076693	-29.972181	-0.847582	0.292010	0.292252	0.243469	-0.054173	-0.067864	-3.069484	0.297055	0.331701	0.250540	-0.025828	0.034867	0.998375	0.036931	
 1687527881.751556	1687527881.695659	-12.279714	-29.973542	-0.839026	0.242739	0.242665	0.217365	-0.051080	-0.055672	-2.964424	0.337385	0.265636	0.222534	-0.022966	0.029973	0.995306	0.089113	
 1687527882.155904	1687527882.101965	-12.490901	-29.957304	-0.852452	0.292365	0.292407	0.243639	-0.065047	-0.052987	-2.889770	0.352230	0.272228	0.249084	-0.028924	0.030349	0.991103	0.126323	
 1687527882.559912	1687527882.507128	-12.701234	-29.939643	-0.864981	0.298083	0.297192	0.246001	-0.064277	-0.098180	-2.948721	0.421130	0.267267	0.252465	-0.027223	0.051907	0.993489	0.097690	
 1687527882.966813	1687527882.911385	-12.910612	-29.975676	-0.879955	0.295141	0.294885	0.243840	-0.037979	-0.082239	-2.835897	0.401204	0.343011	0.250915	-0.012493	0.043510	0.987209	0.152869	
 1687527883.370283	1687527883.313425	-13.159318	-30.012222	-0.859282	0.296254	0.296975	0.245794	-0.076956	-0.064692	-2.680795	0.297693	0.329771	0.252229	-0.030053	0.040243	0.972062	0.229289	
 1687527883.778246	1687527883.716636	-13.331595	-29.999908	-0.836823	0.296718	0.296726	0.245826	-0.072372	-0.059008	-2.523807	0.450396	0.276263	0.252735	-0.025489	0.039078	0.951308	0.304690	
 1687527884.182203	1687527884.119846	-13.570378	-29.957737	-0.843796	0.294278	0.293980	0.244605	-0.028944	-0.042444	-2.372308	0.400899	0.275726	0.251346	-0.005449	0.025096	0.926512	0.375389	
 1687527884.587628	1687527884.523539	-13.776948	-29.871343	-0.864083	0.282603	0.282839	0.239956	-0.055392	-0.047499	-2.355884	0.272300	0.282382	0.245687	-0.016488	0.032528	0.922954	0.383179	
 1687527884.991620	1687527884.927274	-13.982056	-29.816905	-0.876067	0.295380	0.295576	0.244160	-0.054485	-0.060021	-2.308404	0.335882	0.283332	0.251189	-0.012761	0.038447	0.913391	0.405063	
 1687527885.398013	1687527885.329827	-14.199109	-29.759864	-0.867877	0.297543	0.298050	0.246210	-0.049351	-0.062061	-2.360214	0.312004	0.321543	0.252858	-0.010991	0.038070	0.923629	0.381235	
 1687527885.802552	1687527885.731914	-14.353056	-29.687155	-0.860394	0.279438	0.279687	0.237493	-0.047776	-0.060660	-2.342997	0.296922	0.325282	0.244195	-0.010210	0.037214	0.920366	0.389149	
 1687527886.208845	1687527886.135962	-14.544803	-29.602760	-0.852161	0.296643	0.296930	0.245402	-0.057981	-0.055685	-2.293507	0.300532	0.332775	0.252404	-0.014959	0.037285	0.910365	0.411852	
 1687527886.613708	1687527886.537835	-14.748409	-29.502533	-0.844998	0.301334	0.301516	0.247182	-0.049224	-0.066510	-2.330784	0.331833	0.318674	0.254367	-0.009493	0.040245	0.917834	0.394805	
 1687527887.018761	1687527886.940133	-14.909083	-29.408184	-0.838546	0.296751	0.297079	0.245750	-0.054857	-0.042041	-2.333779	0.304620	0.366994	0.252944	-0.016955	0.030097	0.918757	0.393309	
 1687527887.424840	1687527887.343565	-15.091362	-29.295282	-0.845243	0.298643	0.298785	0.247102	-0.058774	-0.067169	-2.425265	0.330771	0.280813	0.253364	-0.015737	0.041728	0.935264	0.351130	
 1687527887.831759	1687527887.747401	-15.300250	-29.206126	-0.845974	0.298384	0.298854	0.246078	-0.052699	-0.076825	-2.397352	0.337063	0.346955	0.252759	-0.010567	0.045335	0.930180	0.364140	
 1687527888.238517	1687527888.151557	-15.454338	-29.124584	-0.849848	0.294302	0.294583	0.244774	-0.056069	-0.063968	-2.450688	0.313468	0.402822	0.251435	-0.015537	0.039565	0.939768	0.339159	
 1687527888.641899	1687527888.555809	-15.657796	-29.033055	-0.853974	0.293553	0.293612	0.243852	-0.054548	-0.057558	-2.352319	0.332527	0.339503	0.250356	-0.014105	0.037034	0.922109	0.384895	
 1687527889.044851	1687527888.960060	-15.808475	-28.940619	-0.842929	0.297155	0.297030	0.245283	-0.046058	-0.055525	-2.383849	0.335372	0.339133	0.252362	-0.011121	0.034297	0.928242	0.370226	
 1687527889.453559	1687527889.363009	-15.994520	-28.832883	-0.839936	0.296627	0.296561	0.246141	-0.045390	-0.044906	-2.340451	0.307688	0.331449	0.252934	-0.012139	0.029515	0.920171	0.390215	
 1687527889.861218	1687527889.767615	-16.189939	-28.734686	-0.864677	0.298764	0.298472	0.246786	-0.042288	-0.057436	-2.397792	0.310945	0.303668	0.253470	-0.009257	0.034425	0.930826	0.363721	
 1687527890.270107	1687527890.271142	-16.347403	-28.643415	-0.889167	0.298688	0.298812	0.246170	-0.041648	-0.065940	-2.440048	0.298081	0.342420	0.252769	-0.008219	0.038101	0.938158	0.344007	
 1687527890.675113	1687527890.673383	-16.565456	-28.581370	-0.886242	0.303435	0.303491	0.248080	-0.052605	-0.060616	-2.401371	0.296220	0.372760	0.254759	-0.013550	0.037750	0.931249	0.362170	
 1687527891.078672	1687527891.075375	-16.781627	-28.515425	-0.875571	0.296486	0.296393	0.245223	-0.038492	-0.053782	-2.421509	0.328187	0.349341	0.252100	-0.008533	0.031937	0.935188	0.352605	
 1687527891.488245	1687527891.478395	-16.931943	-28.406332	-0.878954	0.299337	0.299365	0.246714	-0.052175	-0.038303	-2.402220	0.295565	0.340970	0.253697	-0.017401	0.027274	0.931772	0.361599	
 1687527891.892819	1687527891.881098	-17.112178	-28.310085	-0.886723	0.296098	0.295964	0.245520	-0.051264	-0.046554	-2.321701	0.321990	0.277228	0.251873	-0.014226	0.031552	0.916355	0.398868	
 1687527892.304138	1687527892.283617	-17.252801	-28.249723	-0.881889	0.297905	0.297897	0.246247	-0.057899	-0.048227	-2.363333	0.318117	0.301527	0.252741	-0.017630	0.033278	0.924318	0.379760	
 1687527892.708045	1687527892.687810	-17.454958	-28.172155	-0.884936	0.291116	0.290950	0.244075	-0.035187	-0.062701	-2.371082	0.324566	0.293228	0.249216	-0.004518	0.035651	0.925896	0.376064	
 1687527893.111936	1687527893.090575	-17.668962	-28.078815	-0.884211	0.289594	0.289848	0.242765	-0.053286	-0.065859	-2.377609	0.273349	0.350499	0.248899	-0.012438	0.040465	0.926765	0.373249	
 1687527893.519121	1687527893.496830	-17.827826	-27.970491	-0.897386	0.294240	0.294489	0.244699	-0.053689	-0.053823	-2.375744	0.323017	0.365402	0.251266	-0.014838	0.034975	0.926636	0.374035	
 1687527893.923568	1687527893.899725	-18.009201	-27.867034	-0.911503	0.296861	0.296637	0.245044	-0.049707	-0.056251	-2.313799	0.327953	0.324672	0.251775	-0.011437	0.035730	0.914635	0.402537	
 1687527894.335327	1687527894.305063	-18.206963	-27.765652	-0.902557	0.300369	0.300354	0.246499	-0.063333	-0.062849	-2.355368	0.320544	0.343690	0.253390	-0.017202	0.041130	0.922421	0.383603	
 1687527894.740311	1687527894.708829	-18.335225	-27.699072	-0.885821	0.298448	0.298666	0.247045	-0.079740	-0.064018	-2.393029	0.365564	0.360298	0.253148	-0.025390	0.044330	0.929088	0.366314	
 1687527895.147549	1687527895.111845	-18.497016	-27.631175	-0.875241	0.296232	0.296506	0.245792	-0.085873	-0.061458	-2.350243	0.423074	0.350404	0.251949	-0.027757	0.044860	0.920943	0.386111	
 1687527895.551588	1687527895.514760	-18.601112	-27.580242	-0.870887	0.300108	0.300312	0.247257	-0.096800	-0.063990	-2.326017	0.465510	0.349862	0.253818	-0.031720	0.048509	0.915842	0.397333	
 1687527895.957072	1687527895.918012	-18.760151	-27.513812	-0.877849	0.292556	0.292442	0.242406	-0.033719	-0.073450	-2.311647	0.498469	0.345900	0.249467	-0.000616	0.040388	0.914131	0.403403	
 1687527896.362533	1687527896.320720	-18.936157	-27.421673	-0.872078	0.297536	0.298346	0.246321	-0.074867	-0.062437	-2.298166	0.283229	0.440853	0.252351	-0.021362	0.043770	0.910827	0.409904	
 1687527896.766102	1687527896.723130	-19.029319	-27.350885	-0.860567	0.297259	0.297714	0.246747	-0.087334	-0.068935	-2.369021	0.447076	0.382476	0.252925	-0.027442	0.048327	0.924315	0.377561	
 1687527897.171345	1687527897.127244	-19.191895	-27.302153	-0.866207	0.291737	0.292087	0.244022	-0.071915	-0.082463	-2.335019	0.447385	0.364920	0.249719	-0.016872	0.051985	0.917819	0.393220	
 1687527897.574822	1687527897.530631	-19.387511	-27.263350	-0.860293	0.298193	0.298177	0.246470	-0.049720	-0.078325	-2.315238	0.401136	0.448360	0.252343	-0.007032	0.045820	0.914474	0.401981	
 1687527897.977886	1687527897.933764	-19.509110	-27.183176	-0.847662	0.296668	0.297085	0.246499	-0.069052	-0.064415	-2.346252	0.333886	0.467410	0.251960	-0.019346	0.043033	0.920508	0.387865	
 1687527898.387648	1687527898.336751	-19.662273	-27.082346	-0.837893	0.296712	0.296670	0.245619	-0.044276	-0.047595	-2.292294	0.419476	0.394451	0.252138	-0.010363	0.030794	0.910485	0.412264	
 1687527898.791745	1687527898.739756	-19.791279	-26.991286	-0.849006	0.297184	0.296613	0.245152	-0.042544	-0.047162	-2.316448	0.336075	0.350111	0.251563	-0.010028	0.030122	0.915430	0.401224	
 1687527899.195643	1687527899.142558	-19.939769	-26.870950	-0.857324	0.296387	0.296597	0.245403	-0.060824	-0.060171	-2.341885	0.320559	0.337137	0.251881	-0.016291	0.039527	0.919919	0.389770	
 1687527899.599397	1687527899.545515	-20.100179	-26.800270	-0.853169	0.297722	0.297779	0.245567	-0.050927	-0.063998	-2.354649	0.398923	0.394175	0.252431	-0.011241	0.039296	0.922499	0.383829	
 1687527900.003255	1687527899.948749	-20.210564	-26.756849	-0.848401	0.298106	0.298095	0.246950	-0.056824	-0.070552	-2.346580	0.359572	0.422728	0.253148	-0.012529	0.043496	0.920696	0.387647	
 1687527900.406825	1687527900.351855	-20.364783	-26.689046	-0.848871	0.296117	0.296218	0.245287	-0.049712	-0.065769	-2.297464	0.379150	0.448559	0.252039	-0.009196	0.040160	0.911136	0.410042	
 1687527900.810262	1687527900.754823	-20.453471	-26.635166	-0.840392	0.295167	0.295228	0.244574	-0.049411	-0.067392	-2.289693	0.364640	0.451628	0.251413	-0.008567	0.040871	0.909508	0.413583	
 1687527901.217650	1687527901.159429	-20.573559	-26.565366	-0.828767	0.297139	0.297286	0.245763	-0.048590	-0.067827	-2.294684	0.362735	0.458898	0.252584	-0.008206	0.040879	0.910543	0.411305	
 1687527901.621103	1687527901.561838	-20.703002	-26.514643	-0.830107	0.298555	0.298813	0.248676	-0.049351	-0.074504	-2.316926	0.334869	0.411898	0.253363	-0.007669	0.043992	0.914906	0.401190	
 1687527902.024864	1687527901.965854	-20.795354	-26.468613	-0.842640	0.295000	0.294790	0.246281	-0.030294	-0.070452	-2.329505	0.340675	0.453138	0.251482	0.000003	0.038330	0.917805	0.395178	
 1687527902.429934	1687527902.369342	-20.959225	-26.402516	-0.854695	0.298631	0.298216	0.246825	-0.030071	-0.085564	-2.303993	0.281038	0.414731	0.252405	0.003668	0.045177	0.912377	0.406834	
 1687527902.838955	1687527902.773748	-21.129295	-26.341786	-0.846152	0.294102	0.294192	0.245820	-0.045825	-0.081651	-2.318492	0.278893	0.485056	0.250689	-0.004657	0.046554	0.915124	0.400450	
 1687527903.243463	1687527903.176056	-21.202866	-26.267034	-0.846499	0.301440	0.301289	0.247861	-0.039180	-0.063879	-2.336146	0.330181	0.489373	0.254081	-0.005499	0.037047	0.919106	0.392226	
 1687527903.649556	1687527903.579351	-21.321867	-26.175468	-0.858051	0.296395	0.295858	0.245747	-0.053732	-0.072839	-2.283909	0.308993	0.402623	0.252194	-0.009279	0.044265	0.908110	0.416282	
 1687527904.055278	1687527903.982636	-21.447187	-26.079025	-0.876315	0.296859	0.296968	0.246445	-0.071057	-0.068312	-2.304633	0.360123	0.444258	0.252509	-0.018568	0.045609	0.912106	0.406987	
 1687527904.458750	1687527904.384480	-21.494224	-26.015035	-0.911831	0.301754	0.301364	0.247347	-0.013147	-0.057966	-2.357725	0.433798	0.417040	0.253198	0.004996	0.029291	0.923691	0.381984	
 1687527904.864393	1687527904.789323	-21.594864	-25.958267	-0.910215	0.297210	0.297171	0.246061	-0.047141	-0.064262	-2.275822	0.257284	0.403429	0.252162	-0.007910	0.039036	0.906721	0.419846	
 1687527905.269223	1687527905.191462	-21.644928	-25.898988	-0.925586	0.293987	0.293613	0.244763	-0.032887	-0.055358	-2.213092	0.348582	0.426598	0.250747	-0.002307	0.032102	0.893490	0.447927	
 1687527905.676387	1687527905.593743	-21.750384	-25.827595	-0.927027	0.300066	0.300106	0.246486	-0.035411	-0.058524	-2.099140	0.299915	0.381921	0.252717	-0.000780	0.034181	0.866444	0.498102	
 1687527906.083066	1687527905.996847	-21.802136	-25.740898	-0.944431	0.297899	0.297594	0.247105	0.028112	-0.056317	-2.088873	0.307723	0.391940	0.253451	0.026292	0.017283	0.864412	0.501798	
 1687527906.487849	1687527906.400282	-21.781001	-25.687676	-0.966347	0.290882	0.291261	0.244449	-0.084978	-0.048815	-2.043288	0.270946	0.350893	0.249360	-0.023493	0.042962	0.851403	0.522222	
 1687527906.897907	1687527906.905443	-21.822486	-25.602764	-1.039472	0.299708	0.299014	0.248157	-0.010486	-0.043267	-2.032399	0.450830	0.310960	0.252610	0.006935	0.021150	0.849842	0.526567	
 1687527907.306498	1687527907.308395	-21.813465	-25.558420	-1.063608	0.297757	0.297459	0.245739	-0.044745	-0.050291	-2.058603	0.252794	0.309255	0.250573	-0.006209	0.033067	0.856164	0.515608	
 1687527907.710896	1687527907.710510	-21.843250	-25.479875	-1.045868	0.302339	0.301978	0.248074	-0.007147	-0.021765	-2.016977	0.336475	0.340241	0.253481	0.002778	0.011112	0.845951	0.533138	
 1687527908.116140	1687527908.114724	-21.829113	-25.404631	-1.002180	0.294662	0.294617	0.248190	-0.070096	-0.024077	-2.068431	0.251826	0.268055	0.251825	-0.023964	0.028252	0.858656	0.511212	
 1687527908.520475	1687527908.517842	-21.769365	-25.345868	-1.020241	0.292325	0.292116	0.245130	-0.030849	-0.047954	-2.092252	0.467691	0.275556	0.249558	-0.001337	0.028472	0.864952	0.501044	
 1687527908.923291	1687527908.919937	-21.732460	-25.264055	-1.025505	0.298703	0.299122	0.246872	-0.035597	-0.052340	-2.094169	0.307748	0.352928	0.252364	-0.002323	0.031554	0.865302	0.500251	
 1687527909.327360	1687527909.323560	-21.728840	-25.202171	-1.052513	0.298615	0.298231	0.248037	0.024926	-0.081372	-2.118981	0.323099	0.367054	0.251980	0.030761	0.029377	0.871565	0.488432	
 1687527909.731847	1687527909.726993	-21.686010	-25.126701	-1.034157	0.299045	0.299447	0.248838	-0.044410	-0.062285	-2.111837	0.264643	0.479500	0.251361	-0.003986	0.038022	0.869376	0.492670	
 1687527910.135138	1687527910.131388	-21.671355	-25.017087	-1.017748	0.299955	0.299766	0.246700	-0.045831	-0.050649	-2.225064	0.367599	0.421656	0.251956	-0.009344	0.032837	0.896042	0.442654	
 1687527910.539773	1687527910.535167	-21.659295	-24.942504	-0.998471	0.287440	0.287215	0.242351	-0.041716	-0.073769	-2.331983	0.370197	0.376401	0.246722	-0.004638	0.042097	0.918051	0.394193	
 1687527910.945859	1687527910.937563	-21.682051	-24.878353	-0.981303	0.297464	0.297210	0.246260	-0.023510	-0.082416	-2.343087	0.357450	0.515381	0.251586	0.005192	0.042519	0.920318	0.388820	
 1687527911.351566	1687527911.340505	-21.704412	-24.821353	-0.987495	0.298350	0.298148	0.246864	-0.020564	-0.069536	-2.340577	0.292908	0.560081	0.252481	0.004090	0.036014	0.920119	0.389959	
 1687527911.755850	1687527911.742534	-21.706371	-24.785470	-1.002459	0.282798	0.282352	0.239409	-0.039619	-0.091160	-2.333979	0.277925	0.488942	0.245030	-0.000297	0.049666	0.918082	0.393267	
 1687527912.160567	1687527912.147263	-21.728037	-24.754987	-1.011720	0.289756	0.289151	0.242602	-0.041315	-0.104354	-2.388059	0.324507	0.554513	0.247916	0.000003	0.056074	0.927999	0.368338	
 1687527912.570021	1687527912.549820	-21.711143	-24.730081	-0.992544	0.301517	0.301018	0.246992	-0.022257	-0.091720	-2.605906	0.339918	0.677078	0.253253	0.001412	0.047149	0.963135	0.264850	
 1687527912.974318	1687527912.952408	-21.687615	-24.715411	-0.971890	0.296791	0.296141	0.245954	-0.046788	-0.060904	-2.555857	0.280798	0.653719	0.252152	-0.013598	0.035893	0.956509	0.289168	
 1687527913.378568	1687527913.354543	-21.691968	-24.671265	-0.992263	0.299483	0.298146	0.247693	-0.023936	-0.054986	-2.561849	0.364972	0.451986	0.253664	-0.003608	0.029760	0.957756	0.286016	
 1687527913.782460	1687527913.759994	-21.689816	-24.663976	-1.024910	0.298164	0.296917	0.246105	-0.024605	-0.082723	-2.568530	0.286255	0.432642	0.251915	-0.000105	0.043135	0.958193	0.282851	
 1687527914.190554	1687527914.163058	-21.707796	-24.649351	-1.025636	0.301729	0.301091	0.247086	-0.031873	-0.083541	-2.545167	0.280071	0.551744	0.253273	-0.002951	0.044588	0.954713	0.294155	
 1687527914.596936	1687527914.566844	-21.741593	-24.588486	-1.000198	0.298822	0.298422	0.246266	-0.016862	-0.056196	-2.524097	0.295343	0.544936	0.252963	0.000507	0.029326	0.952233	0.303961	
 1687527915.001206	1687527914.971765	-21.752104	-24.528103	-0.985232	0.298497	0.297839	0.246809	-0.028021	-0.045450	-2.538947	0.264866	0.412961	0.253153	-0.006632	0.025854	0.954510	0.296982	
 1687527915.408084	1687527915.376212	-21.770749	-24.469196	-0.983644	0.293136	0.292321	0.243824	-0.036645	-0.054958	-2.544622	0.281557	0.340079	0.250219	-0.009427	0.031642	0.955114	0.294393	
 1687527915.821814	1687527915.780551	-21.792386	-24.438238	-0.976868	0.302511	0.301934	0.247267	-0.049136	-0.078254	-2.568372	0.309314	0.384331	0.254147	-0.012490	0.044449	0.957913	0.283323	
 1687527916.225817	1687527916.187002	-21.810845	-24.424740	-0.968773	0.302465	0.302164	0.247258	-0.035035	-0.070953	-2.554242	0.359044	0.525131	0.254492	-0.006490	0.039013	0.956258	0.289840	
 1687527916.632004	1687527916.591568	-21.823663	-24.371373	-0.960439	0.297970	0.297746	0.245892	-0.035356	-0.064445	-2.544996	0.301850	0.468310	0.253008	-0.007421	0.035982	0.955025	0.294240	
 1687527917.035534	1687527916.998675	-21.817434	-24.320471	-0.959749	0.296060	0.295662	0.245246	-0.039728	-0.062733	-2.539809	0.306008	0.443247	0.251962	-0.009668	0.035830	0.954230	0.296763	
 1687527917.442875	1687527917.402580	-21.824347	-24.258226	-0.962897	0.293288	0.292754	0.243618	-0.032121	-0.072873	-2.542961	0.321894	0.435500	0.250230	-0.004595	0.039537	0.954609	0.295192	
 1687527917.851770	1687527917.808687	-21.848956	-24.214065	-0.957828	0.297704	0.297346	0.245381	-0.030397	-0.088928	-2.557491	0.302117	0.533843	0.252248	-0.001744	0.046934	0.956404	0.288246	
 1687527918.258459	1687527918.212379	-21.867096	-24.201348	-0.946222	0.295160	0.295138	0.244476	-0.043679	-0.074905	-2.539745	0.296008	0.680886	0.251630	-0.009746	0.042221	0.953923	0.296905	
 1687527918.664202	1687527918.616977	-21.861207	-24.158841	-0.954817	0.296880	0.296764	0.245705	-0.047740	-0.070747	-2.546434	0.327728	0.482247	0.252894	-0.012438	0.040796	0.954931	0.293747	
 1687527919.068963	1687527919.020477	-21.856430	-24.105956	-0.976307	0.298296	0.297845	0.245793	-0.034684	-0.074944	-2.559538	0.348599	0.466518	0.252761	-0.005852	0.040855	0.956947	0.287314	
 1687527919.472356	1687527919.426033	-21.859020	-24.066550	-0.988271	0.300917	0.300361	0.246719	-0.025359	-0.078126	-2.563316	0.305526	0.519789	0.253528	-0.001009	0.041042	0.957541	0.285361	
 1687527919.875814	1687527919.831984	-21.879127	-24.025959	-0.987046	0.296853	0.296643	0.245701	-0.038177	-0.085677	-2.546284	0.278381	0.562144	0.252432	-0.005674	0.046528	0.954736	0.293738	
 1687527920.282427	1687527920.245655	-21.891883	-24.012216	-0.999949	0.297134	0.297044	0.245576	-0.036398	-0.085066	-2.540584	0.319966	0.622600	0.252764	-0.004783	0.045990	0.953936	0.296425	
 1687527920.687590	1687527920.649238	-21.888406	-23.986810	-1.015399	0.298145	0.298071	0.245969	-0.052757	-0.079782	-2.541909	0.310539	0.602612	0.253272	-0.013403	0.045872	0.953980	0.296036	
 1687527921.094239	1687527921.050715	-21.880115	-23.944610	-1.046095	0.299501	0.299022	0.246190	-0.023817	-0.081848	-2.553551	0.388979	0.565662	0.253454	0.000468	0.042602	0.956076	0.290006	
 1687527921.500461	1687527921.453077	-21.877921	-23.918501	-1.064965	0.298229	0.297656	0.246065	-0.027751	-0.090574	-2.557985	0.275674	0.615484	0.252862	-0.000252	0.047341	0.956472	0.287959	
 1687527921.907964	1687527921.856409	-21.893453	-23.886278	-1.085619	0.291543	0.291194	0.243355	-0.030744	-0.092833	-2.546778	0.281556	0.679998	0.249995	-0.001085	0.048857	0.954748	0.293374	
 1687527922.313035	1687527922.260302	-21.905801	-23.866951	-1.110329	0.297857	0.297609	0.245587	-0.032906	-0.093403	-2.541336	0.292378	0.699247	0.252711	-0.001900	0.049450	0.953901	0.296014	
 1687527922.720223	1687527922.665262	-21.901261	-23.864912	-1.131713	0.293297	0.293058	0.243489	-0.036392	-0.092668	-2.538153	0.298720	0.714047	0.250679	-0.003593	0.049619	0.953394	0.297599	
 1687527923.124674	1687527923.069147	-21.891197	-23.845859	-1.151368	0.299772	0.299232	0.246408	-0.027174	-0.089112	-2.542096	0.310498	0.680503	0.253677	0.000183	0.046559	0.954196	0.295538	
 1687527923.528376	1687527923.477026	-21.898444	-23.818836	-1.184764	0.298281	0.297340	0.246119	-0.008126	-0.084125	-2.575544	0.281584	0.662121	0.253031	0.007845	0.041511	0.959310	0.279176	
 1687527923.932474	1687527923.880230	-21.936773	-23.797310	-1.195846	0.297731	0.297608	0.246757	-0.083119	-0.104781	-2.595484	0.249382	0.613595	0.252819	-0.025844	0.061572	0.960213	0.271166	
 1687527924.339984	1687527924.281986	-22.000848	-23.830966	-1.222176	0.297659	0.297214	0.245227	-0.045745	-0.117932	-2.591066	0.465044	0.567600	0.251999	-0.005958	0.062904	0.960063	0.272554	
 1687527924.744436	1687527924.686218	-22.032925	-23.902643	-1.224860	0.300357	0.300483	0.247173	-0.070300	-0.127062	-2.570709	0.316860	0.720810	0.253974	-0.015787	0.070757	0.956382	0.282980	
 1687527925.150699	1687527925.089757	-22.074143	-23.944701	-1.250234	0.296920	0.296198	0.246085	-0.023555	-0.142568	-2.518065	0.383880	0.683451	0.252449	0.010664	0.071389	0.949054	0.306736	
 1687527925.554535	1687527925.493911	-22.079029	-23.755126	-1.259896	0.292919	0.292977	0.244626	-0.028387	-0.144038	-2.375769	0.256098	0.800839	0.250240	0.013751	0.072028	0.924701	0.373564	
 1687527925.960802	1687527925.898219	-22.048915	-23.471492	-1.264158	0.311580	0.306296	0.289300	-0.073923	-0.170713	-2.356349	0.256282	0.442721	0.252085	-0.001421	0.092799	0.918711	0.383869	
 1687527926.364971	1687527926.302384	-22.013408	-23.254093	-1.249025	0.302497	0.302887	0.272697	-0.047775	-0.163992	-2.372246	0.302872	0.520627	0.251837	0.008661	0.084830	0.922809	0.375702	
 1687527926.769405	1687527926.707608	-22.077398	-23.346011	-1.249564	0.313599	0.303749	0.409009	-0.020352	-0.147707	-2.385341	0.275053	0.697032	0.250295	0.017808	0.072317	0.926500	0.368852	
 1687527927.175944	1687527927.111914	-22.177244	-23.471743	-1.248718	0.328997	0.297539	0.374561	-0.025208	-0.128881	-2.428971	0.308854	0.891391	0.246325	0.010673	0.064734	0.934887	0.348828	
 1687527927.583792	1687527927.518212	-22.312536	-23.537374	-1.250274	0.325291	0.307795	0.320126	-0.017295	-0.099286	-2.440618	0.299450	0.922222	0.250741	0.008926	0.049569	0.937866	0.343323	
 1687527927.988486	1687527927.923184	-22.381785	-23.711157	-1.246543	0.309500	0.301253	0.279907	-0.044949	-0.106346	-2.400338	0.279905	0.881855	0.250597	-0.001672	0.057655	0.930115	0.362710	
 1687527928.392390	1687527928.326286	-22.292970	-23.591251	-1.241618	0.300909	0.306544	0.313813	-0.038382	-0.104597	-2.410877	0.332748	0.937578	0.250701	0.000775	0.055662	0.932189	0.357666	
 1687527928.802889	1687527928.730668	-22.311184	-23.567047	-1.240707	0.294160	0.292162	0.245544	-0.042869	-0.094353	-2.328816	0.329132	1.249196	0.248560	-0.001028	0.051771	0.916922	0.395693	
 1687527929.207112	1687527929.136487	-22.308545	-23.585200	-1.245033	0.299723	0.298373	0.247254	-0.099646	-0.102454	-2.433987	0.389032	1.260569	0.250724	-0.028937	0.065206	0.934785	0.347976	
 1687527929.611446	1687527929.542127	-22.328315	-23.595281	-1.283359	0.299359	0.297828	0.246301	-0.021788	-0.110799	-2.465505	1.149105	0.931033	0.251418	0.008101	0.055842	0.941702	0.331683	
 1687527930.015728	1687527929.951677	-22.351980	-23.610378	-1.295972	0.299803	0.298990	0.247070	-0.029898	-0.119839	-2.481413	0.272981	1.788465	0.252045	0.005292	0.061481	0.943920	0.324357	
 1687527930.421801	1687527930.355084	-22.374894	-23.632310	-1.289602	0.292161	0.291422	0.244010	-0.031790	-0.101828	-2.511930	0.300019	1.636519	0.249764	0.000664	0.053300	0.949246	0.309985	
 1687527930.824615	1687527930.759860	-22.405353	-23.656069	-1.315572	0.294044	0.292328	0.245289	0.050988	-0.085777	-2.475368	0.334185	1.373739	0.250578	0.038083	0.032178	0.944211	0.325546	
 1687527931.232619	1687527931.165851	-22.418736	-23.653822	-1.324366	0.293303	0.291625	0.245398	-0.006367	-0.083375	-2.480664	0.718028	1.160845	0.249925	0.010514	0.040452	0.945022	0.324324	
 1687527931.636568	1687527931.572812	-22.446328	-23.669166	-1.339704	0.301110	0.299504	0.247439	0.004038	-0.084528	-2.495116	0.250281	1.093970	0.253192	0.015333	0.039422	0.947390	0.317274	
 1687527932.040252	1687527931.979201	-22.469007	-23.689116	-1.329168	0.297463	0.296268	0.245555	-0.006250	-0.079133	-2.494861	0.263505	1.149048	0.251758	0.009609	0.038498	0.947385	0.317627	
 1687527932.443231	1687527932.381770	-22.486044	-23.724155	-1.304549	0.297719	0.296824	0.245887	0.015878	-0.091715	-2.517165	0.248955	0.922353	0.252399	0.021628	0.041188	0.950737	0.306487	
 1687527932.848225	1687527932.785854	-22.492893	-23.747800	-1.287520	0.296825	0.295997	0.245639	-0.002431	-0.089226	-2.529570	0.298198	1.046319	0.252192	0.012278	0.042892	0.952577	0.301009	
 1687527933.252523	1687527933.188711	-22.484957	-23.744951	-1.282883	0.294810	0.294045	0.244728	-0.035094	-0.069445	-2.518173	0.248199	0.929011	0.251507	-0.006045	0.038416	0.950904	0.307034	
 1687527933.655930	1687527933.593499	-22.486871	-23.743814	-1.289961	0.295567	0.294662	0.244741	-0.033785	-0.065887	-2.511129	0.340272	0.612237	0.251276	-0.005840	0.036545	0.949901	0.310353	
 1687527934.060603	1687527933.996319	-22.509320	-23.759372	-1.284275	0.298943	0.298094	0.245650	-0.020527	-0.078979	-2.511081	0.343402	0.612393	0.252301	0.002490	0.040711	0.949800	0.310187	
 1687527934.465204	1687527934.399772	-22.534647	-23.787769	-1.257552	0.301389	0.300853	0.246823	-0.020143	-0.081652	-2.510847	0.277706	0.790445	0.253834	0.003092	0.041921	0.949713	0.310288	
 1687527934.869548	1687527934.804617	-22.525492	-23.776001	-1.224593	0.289723	0.289430	0.242121	-0.037123	-0.068574	-2.499841	0.269384	0.773964	0.249106	-0.006793	0.038376	0.948038	0.315762	
 1687527935.272312	1687527935.208599	-22.509707	-23.762782	-1.207787	0.297961	0.297569	0.245819	-0.033663	-0.066763	-2.503648	0.368436	0.658453	0.252912	-0.005508	0.036963	0.948719	0.313905	
 1687527935.677854	1687527935.612845	-22.495024	-23.713159	-1.198189	0.298612	0.297844	0.246041	-0.006913	-0.074480	-2.509819	0.338324	0.609669	0.252781	0.008283	0.036462	0.949817	0.310564	
 1687527936.080954	1687527936.017069	-22.494978	-23.690730	-1.183813	0.298045	0.297724	0.246056	-0.045245	-0.076807	-2.500422	0.249440	0.726464	0.252780	-0.009356	0.043552	0.947835	0.315633	
 1687527936.486845	1687527936.419184	-22.498714	-23.697232	-1.176005	0.295446	0.295142	0.244638	-0.042111	-0.076164	-2.503329	0.406190	0.697733	0.251690	-0.008034	0.042743	0.948358	0.314207	
 1687527936.891921	1687527936.822010	-22.516992	-23.714746	-1.168045	0.298484	0.298111	0.245681	-0.024900	-0.079725	-2.493913	0.368465	0.641660	0.252873	0.000887	0.041736	0.947036	0.318402	
 1687527937.298210	1687527937.228980	-22.529325	-23.724381	-1.148539	0.297562	0.297283	0.245413	-0.026882	-0.071662	-2.491637	0.287092	0.720451	0.252604	-0.001292	0.038234	0.946810	0.319510	
 1687527937.706969	1687527937.633919	-22.538857	-23.735678	-1.124289	0.289637	0.289265	0.242183	-0.034265	-0.076757	-2.492385	0.286103	0.573749	0.249141	-0.003990	0.041820	0.946731	0.319275	
 1687527938.114060	1687527938.038101	-22.546488	-23.751828	-1.109391	0.302719	0.302275	0.247556	-0.026402	-0.079758	-2.502622	0.321198	0.628804	0.254746	-0.000002	0.041990	0.948394	0.314301	
 1687527938.520668	1687527938.439893	-22.548523	-23.760599	-1.091888	0.299425	0.299046	0.246369	-0.032792	-0.078130	-2.505541	0.293837	0.717369	0.253623	-0.003351	0.042215	0.948802	0.313020	
 1687527938.924649	1687527938.844131	-22.543885	-23.744601	-1.078582	0.299351	0.298905	0.246486	-0.030487	-0.083720	-2.501347	0.321445	0.688116	0.253801	-0.001289	0.044510	0.948054	0.314977	
